1.0 0.0 0.0 0.0 0.0 -1.0 0.0 0.0 0.0 0.0 -1.0 0.0
0.99960448781732 0.016361256014223863 -0.022873067942683352 0.21012873947620392 0.016146471519355242 -0.9998240896489194 -0.009543647897135878 0.01970415934920311 -0.02302519039982591 0.009170553928028537 -0.9996928235951807 0.11147382855415344
0.9985024556827101 0.03139295721046215 -0.04480321677268132 0.41142579913139343 0.030571289433757066 -0.9993537238226856 -0.018908488678089884 0.04667240381240845 -0.045367854896999855 0.017510480270800467 -0.9988168705136747 0.2320055514574051
0.9973567755700238 0.030494445117306795 -0.06595112615833483 0.6089677214622498 0.028805568253967902 -0.9992361027876514 -0.02640928100709595 0.07218718528747559 -0.06670608264716966 0.02443971568437993 -0.9974733073296426 0.35234159231185913
0.9958056685113574 0.03098146817700256 -0.08608843819146564 0.7982114553451538 0.028138400938936232 -0.9990241183351858 -0.03404469675594767 0.1070907860994339 -0.08705918075222219 0.03147951102228463 -0.9957056489909806 0.477403461933136
0.9938821824746437 0.031166009052898316 -0.10595700655999087 0.9891742467880249 0.027070124732263164 -0.9988378312454406 -0.03987725190988583 0.13893362879753113 -0.10707668143166842 0.0367650207754523 -0.993570791408927 0.5964449048042297
0.9915612471628842 0.03009195936865373 -0.1260982438662036 1.1763837337493896 0.024558453812135745 -0.9986755947075597 -0.04520994228992997 0.16644659638404846 -0.12729169443110755 0.0417316488633854 -0.9909870301936349 0.7203978300094604
0.9890569920610784 0.032963985449991795 -0.14380417976659965 1.3534271717071533 0.02598073672506896 -0.9984026250728156 -0.05017170085748897 0.20796096324920654 -0.1452283297924838 0.04588653300221575 -0.9883335258477889 0.8420093059539795
0.9863363897486263 0.03410430838322746 -0.16117512961790303 1.5320794582366943 0.025661691787227305 -0.9982015718816623 -0.054176558284888876 0.24220551550388336 -0.16273292178371124 0.049300284407702274 -0.9854377089015095 0.9579408764839172
0.9833605008022976 0.0333151368364118 -0.17858394978112074 1.7080494165420532 0.023462893010943845 -0.9980984324433095 -0.05700010355925405 0.26815396547317505 -0.18014332658583748 0.05186155427462468 -0.9822722438686786 1.0755183696746826
0.9800252103525088 0.034708362460849185 -0.195821134326219 1.8813320398330688 0.023570547979300506 -0.9979841340100738 -0.05892450705876394 0.3001967966556549 -0.1974715583102445 0.053131890983185825 -0.9788677059843552 1.193345069885254
0.9768836528513203 0.037730345735542195 -0.21041565959437974 2.0489726066589355 0.024699214602741028 -0.9976301300926114 -0.06421894058147737 0.34443092346191406 -0.21234000468557307 0.0575373317253766 -0.9755004755857657 1.3053874969482422
0.973312608126259 0.03669094464679112 -0.22653110480326008 2.223886728286743 0.02215956702537172 -0.9975495775748736 -0.0663610870121886 0.3680950999259949 -0.22841085887432663 0.05957025147770754 -0.971740636531773 1.4136273860931396
0.9698598508920983 0.039687456990224274 -0.24040959919521945 2.389942169189453 0.023459680069632963 -0.9972717100763956 -0.06999128297389717 0.4064171612262726 -0.2425314681409145 0.06224180298602203 -0.9681448470773689 1.5167794227600098
0.9661417115905445 0.04231349560501303 -0.25451868539377875 2.55430269241333 0.02429764295549766 -0.9969979168121755 -0.07351719811710163 0.4420446753501892 -0.2568653687667918 0.06484382747699706 -0.9642693920095323 1.620574712753296
0.9624907598969705 0.04373104488948759 -0.2677669375143721 2.719309091567993 0.024539899403486817 -0.9969112316356608 -0.07460421955852554 0.4700532853603363 -0.2702023879432207 0.06523489826422325 -0.9605910043292294 1.7163594961166382
0.9587412153626409 0.04565244017481888 -0.28059069241699885 2.8825578689575195 0.025089362256274388 -0.9967579589435032 -0.0764466819708709 0.4994751811027527 -0.2831709834473506 0.06625274325540512 -0.9567783275893083 1.8093364238739014
0.9549025669689901 0.046669149573521036 -0.29322871290874186 3.0474064350128174 0.02434941638718751 -0.9965523121179021 -0.07931327211801535 0.5260657668113708 -0.29591923478820437 0.06859649911290887 -0.9527467275156687 1.898375153541565
0.9508053783196977 0.049179082422911434 -0.30586034461887496 3.2076685428619385 0.025485329544181957 -0.996389490346379 -0.08098445224428945 0.5528072118759155 -0.3087387739438649 0.06920550107703603 -0.9486258314447882 1.9848005771636963
0.9462631967632429 0.05088821408195152 -0.3193686774230652 3.373265027999878 0.025008703835832223 -0.9960994222222559 -0.0846197718086014 0.5807596445083618 -0.3224291041203632 0.07208557911286843 -0.943844871840761 2.071012020111084
0.9420769790065986 0.04939464346362153 -0.33173955872476646 3.5380284786224365 0.023274044660984886 -0.996339356036001 -0.08225695386339839 0.5876524448394775 -0.33458823121998704 0.06977146129233987 -0.9397779837377613 2.1454532146453857
0.9380121432807607 0.05129290517322958 -0.3427860220848046 3.694190263748169 0.0234504865034319 -0.9961149085880321 -0.0848832349254515 0.612378716468811 -0.3458081747740883 0.07158300613656224 -0.9355707239390654 2.224370241165161
0.933545155395024 0.05280360422052067 -0.3545493226898103 3.8598546981811523 0.023444029183585076 -0.9959671246190744 -0.08660175618110871 0.632808268070221 -0.3576923543132 0.07253458526341486 -0.9310182133591933 2.302316188812256
0.929434171869705 0.05248622528432969 -0.3652359734695893 4.02590274810791 0.021267271232231454 -0.995806122945901 -0.08898240656325176 0.6604521870613098 -0.3683745693383443 0.07493571684354344 -0.9266524780120828 2.3726539611816406
0.9246740615063572 0.050489456772742525 -0.37739726381113425 4.199830055236816 0.018113357436950264 -0.9958801291087277 -0.08885198213177366 0.6749832630157471 -0.38032852412052764 0.07532319165553934 -0.9217790573337649 2.4478068351745605
0.9198768481547823 0.050542078354937466 -0.38893711901075606 4.381590366363525 0.016644138149454847 -0.995799222742844 -0.09003821771897502 0.6977485418319702 -0.3918539994616433 0.07635054878853884 -0.9168538797461694 2.521803855895996
0.9155321722683007 0.05229559436505692 -0.39883080667332066 4.555754661560059 0.016494213196196726 -0.9955596089960066 -0.09267688960445576 0.726308286190033 -0.40190643497302286 0.07827027370415603 -0.9123294261293733 2.591245651245117
0.9114726766714619 0.053072432306347034 -0.4079226355700907 4.7345194816589355 0.01598938511518094 -0.9954638896794196 -0.09378690691114032 0.7440944314002991 -0.41104975276114597 0.0789617709617045 -0.908186731615031 2.6550397872924805
0.9064315022612074 0.05103671190014651 -0.4192578988485633 4.927376747131348 0.013600124787977608 -0.9956843671008885 -0.09180238404668334 0.7451490759849548 -0.42213382749341727 0.07751061313990973 -0.9032137822998679 2.7270071506500244
0.9036719940849841 0.05781924390714303 -0.42430397375051176 5.104997158050537 0.017532503046640384 -0.9950075238112869 -0.09824784423004326 0.7927826046943665 -0.42786626233367386 0.08134471459743162 -0.9001741492420644 2.778310537338257
0.8990344914275236 0.05737196713027071 -0.434103029949409 5.304619312286377 0.016118901680557383 -0.9950435949169044 -0.09812453935410931 0.7980799078941345 -0.43758103733167747 0.08122008127579508 -0.8955032854017267 2.852947473526001
0.895453849111983 0.0603560392862455 -0.44104370830135514 5.507054805755615 0.017290944566888122 -0.9947339600681255 -0.10102164086555579 0.823893129825592 -0.4448184206465808 0.08283415484485684 -0.8917819663149842 2.910728931427002
0.8928341290595787 0.06063978417497555 -0.4462847012408512 5.705399513244629 0.01795894836660838 -0.9948999181782947 -0.0992553725618305 0.8268219828605652 -0.45002743711910376 0.08060378020933424 -0.8893696287011246 2.9638712406158447
0.8904563896534414 0.0614678889129049 -0.45089812237128396 5.905786514282227 0.018393721053409542 -0.994887380787391 -0.09930141275840064 0.8360341787338257 -0.45469670017624714 0.0801298832059281 -0.8870344484101147 3.0147294998168945
0.8885796399506638 0.0626762162605988 -0.4544204169933425 6.102608680725098 0.01994511277485641 -0.9949638418086 -0.09823006652684951 0.8447715044021606 -0.4582885727808919 0.0782217706826282 -0.885354696519834 3.0624163150787354
0.8883729430761996 0.06543605348517334 -0.4544355145831109 6.303645610809326 0.022090146575389377 -0.9947369200354194 -0.10005241297802565 0.8677247762680054 -0.4585908191780654 0.0788453094529606 -0.8851428572512224 3.0966196060180664
0.8892870644568555 0.068325937484053 -0.45221685423769176 6.487093925476074 0.025541119059967404 -0.9946538755227751 -0.10005657971711972 0.8929140567779541 -0.45663570625485805 0.07742889754122194 -0.8862779460184474 3.1326935291290283
0.8896670604581303 0.06867957315293771 -0.4514151501304755 6.683173656463623 0.02660748559574684 -0.9947412289527291 -0.09890363558477708 0.9086238145828247 -0.45583392068390605 0.07598028463453224 -0.8868158958322714 3.1845974922180176
0.8924458527986037 0.07354956690001488 -0.44511892908681533 6.859640121459961 0.03139332909667986 -0.9943543157904644 -0.10136051280999542 0.9613516330718994 -0.45006094999544305 0.07648500426683605 -0.8897163510982034 3.221409559249878
0.8933238217339152 0.06633002314467891 -0.44449170695563983 7.059299945831299 0.028690525399935916 -0.9954479172276316 -0.09088618068466735 0.9313970804214478 -0.4484968263822919 0.06843808966355454 -0.8911603809686648 3.3024370670318604
0.8973128617382908 0.06623684238377095 -0.4363969624895049 7.236015319824219 0.031295553791348255 -0.9957354309992215 -0.08678444426098213 0.9562300443649292 -0.44028424508711606 0.06421551342021779 -0.8955591277879122 3.3517284393310547
0.9015354878351396 0.06529320851950829 -0.4277505828109236 7.422184944152832 0.03246664160169591 -0.9959702971894746 -0.08360074341425826 0.9864820837974548 -0.4314854358572996 0.06148141213031485 -0.9000224189460495 3.4221298694610596
0.9072295484693633 0.06333910136024808 -0.41583975834803427 7.594654083251953 0.033813947238824464 -0.9963802604506264 -0.07799354817208842 1.0131815671920776 -0.41927456798165724 0.05669686784310136 -0.9060873588239584 3.4828131198883057
0.9134000039101641 0.06063632947600557 -0.4025216371881012 7.777453422546387 0.0346509260385635 -0.9968360344208905 -0.07153484329124267 1.0411372184753418 -0.4055856829100135 0.051392178662807646 -0.9126111427057572 3.5466341972351074
0.920454240218209 0.05703252560679141 -0.38666688853227527 7.954998016357422 0.03528820234362523 -0.9973825874163569 -0.06310877192600993 1.0601003170013428 -0.38925407440343596 0.044443957312152775 -0.9200576070109743 3.6102991104125977
0.9291153070610173 0.05295309773200604 -0.3659791191113179 8.08034896850586 0.03524158375584476 -0.9978690634043438 -0.054912321703945506 1.0875980854034424 -0.36810701835103793 0.0381221948623429 -0.9290015722804704 3.669088125228882
0.9369280522299183 0.049369861799104145 -0.3460179788545515 8.243831634521484 0.03562333996119317 -0.998306993414375 -0.04597961015450471 1.112528681755066 -0.34770217513651064 0.030753270490930438 -0.9371005462379428 3.729706048965454
0.9443403247440061 0.04421925700066151 -0.3259846750580379 8.421424865722656 0.03429807172860806 -0.9987586407501376 -0.036122289554189266 1.1300148963928223 -0.3271773117715902 0.02293108888053253 -0.9446846943952614 3.7898244857788086
0.9524534103136484 0.037401285600959705 -0.30237996794975713 8.55846881866455 0.03167089023533999 -0.9992141449384107 -0.023833742188367826 1.1328965425491333 -0.3030337537199474 0.013123886253544832 -0.9528894519911542 3.853580951690674
0.9580285592514235 0.036275804639074906 -0.28436832744950624 8.782011985778809 0.03264395078650368 -0.9993137870930582 -0.017502211368237323 1.1841812133789062 -0.28480809703323084 0.0074847126543242425 -0.958555333270225 3.918707847595215
0.965997860774115 0.030594587889422584 -0.2567335275567066 8.867938041687012 0.030186581045567783 -0.9995289780073563 -0.005531044055997794 1.188658356666565 -0.25678182043246983 -0.0024069307107637797 -0.9664664005437232 3.950674057006836
0.9703996569355634 0.028390961122380213 -0.2398300630569256 9.100051879882812 0.02992361243272627 -0.9995484033026453 0.002750795177546696 1.2333910465240479 -0.2396436588735813 -0.009845952553223057 -0.9708109877725956 4.03843879699707
0.9763778424990055 0.026550143476694023 -0.21443273667598897 9.231473922729492 0.02934010305504276 -0.9995210709358895 0.009838043905777485 1.2788608074188232 -0.21406883712886968 -0.015897126675581876 -0.9766892107184117 4.062740325927734
0.9805535526365956 0.019664080767601497 -0.19526406310254865 9.375909805297852 0.0248268435704381 -0.9994029751290876 0.024027508015965576 1.2453128099441528 -0.19467500674221086 -0.028408048695634455 -0.9804563348355839 4.133313179016113
0.984196966756259 0.01786757337730541 -0.1761734385467508 9.508328437805176 0.023912785110227448 -0.9991937092059685 0.03225073939447878 1.30515718460083 -0.17545514907249446 -0.035953877465790915 -0.9838306812450625 4.2071380615234375
0.9877990908606189 0.0132635414917441 -0.15516776263783374 9.568531036376953 0.020359302550121097 -0.9988138935714987 0.044230134616740684 1.3407520055770874 -0.1543970689313983 -0.04684959418862828 -0.9868974924629981 4.272507667541504
0.9904157932455641 0.01161179073408609 -0.13762893157220904 9.677218437194824 0.018878446186058315 -0.9984887744093499 0.051611739440891743 1.3845555782318115 -0.13682163849099346 -0.05371530223746482 -0.9891382641199246 4.335233688354492
0.9925431669905965 0.009972214889810404 -0.12148504677724219 9.76484203338623 0.01741480571263614 -0.998024950906336 0.060356622755064274 1.450015664100647 -0.12064321863357431 -0.06202219198478437 -0.9907565096930399 4.42517614364624
0.9929711201756695 0.01118040997686361 -0.11782764077170352 9.95033073425293 0.01880139272261349 -0.9977876645798192 0.06376742149437097 1.5512146949768066 -0.11685402059307337 -0.06553453169970742 -0.9909845422740629 4.555953025817871
0.9930444847347311 0.014512044635470352 -0.11684199544012662 10.178378105163574 0.02244277057129581 -0.9975106800116693 0.06684882431083582 1.6409825086593628 -0.11558102520317352 -0.06900611438963168 -0.9908981697378538 4.5954508781433105
0.9933586284546508 0.015388680840838678 -0.11402554001921676 10.284601211547852 0.023770678308215602 -0.9970837307250994 0.07251888565115239 1.7007980346679688 -0.11257704085408592 -0.07474772521820575 -0.9908275265893866 4.657706260681152
0.9930987008901068 0.016998420171717328 -0.116043198861666 10.404348373413086 0.025647510068326787 -0.9969689059323065 0.07345206485480904 1.7666724920272827 -0.11444289194911794 -0.07592136929617216 -0.9905244924617042 4.736416816711426
0.992421722990983 0.019199609128893808 -0.12136926606396893 10.466447830200195 0.02865274826605176 -0.996647919116835 0.07662861956791871 1.8458489179611206 -0.1194911869236014 -0.07952546968978079 -0.989645166672484 4.818328380584717
0.990688648176447 0.021928707278459525 -0.1343693944744127 10.547067642211914 0.03258167952076851 -0.9964518494406742 0.07760248646703428 1.9393432140350342 -0.13219090942243583 -0.08125788296132223 -0.9878880098081533 4.925171852111816
0.988597786756183 0.026204854261682144 -0.1482825736015542 10.549708366394043 0.0377911978003731 -0.9964015460030267 0.07586688666072613 2.042480707168579 -0.1457609048736643 -0.08060561231020077 -0.9860306759297646 4.995067119598389
0.9853727893241405 0.028635392833405545 -0.16798952448542606 10.55620002746582 0.041299673432028804 -0.99652137933696 0.07238423515359288 2.1668052673339844 -0.16533240164580806 -0.07826336819764021 -0.9831276835510178 5.088801860809326
0.9810203577226398 0.03180096714266414 -0.19127926239541912 10.545406341552734 0.0455895060135609 -0.996634848753109 0.0681217673897845 2.3014063835144043 -0.18846924066060197 -0.07554916769667026 -0.9791688662254111 5.15851354598999
0.9758375312773804 0.033474114294713586 -0.2159180312587455 10.510601043701172 0.04824086908616622 -0.9968161217867921 0.06348572985916526 2.4164507389068604 -0.21310544596579303 -0.07236783137640637 -0.9743454037873822 5.233330726623535
0.9691386486373916 0.03633270373845928 -0.24382414637673563 10.478446006774902 0.05202952517825995 -0.9969454243981537 0.058247311365501375 2.5306267738342285 -0.24096308478066772 -0.06913577518649949 -0.9680687146904121 5.297261714935303
0.96126387127332 0.03726204088768107 -0.2730994509212985 10.445618629455566 0.053344506165903284 -0.9972369535499631 0.0516993436738299 2.6309010982513428 -0.27041844139508286 -0.06426506658577157 -0.9605955797161366 5.386117935180664
0.9514409963717533 0.043208251728365815 -0.30478365672342606 10.422126770019531 0.05955379609576078 -0.9972311905193351 0.044534234314441964 2.7615182399749756 -0.3020155224383501 -0.06052272001461306 -0.9513798529337915 5.424262046813965
0.940966238064668 0.047272240631241864 -0.3351833439897175 10.381879806518555 0.06290365439734866 -0.9973727350144541 0.03592711668429291 2.881734848022461 -0.3326043732212285 -0.05489046106100627 -0.9414676671020754 5.508670330047607
0.928780779278762 0.05203414762758969 -0.3669587327248199 10.359781265258789 0.06594517844856955 -0.9974982515405112 0.02546510579222371 2.9933714866638184 -0.3647156392063849 -0.04785065991491684 -0.9298886045457192 5.588979721069336
0.9161164103903557 0.05654770103948424 -0.39690437150608204 10.317713737487793 0.06867562714544968 -0.9975042734698184 0.0163976414654251 3.10797119140625 -0.39498655780882985 -0.04227980506812403 -0.9177134831927299 5.665391445159912
0.9037545500221519 0.06237054895373095 -0.42348273629212735 10.264995574951172 0.07089440200809052 -0.9974741759159454 0.004387726600457472 3.21400785446167 -0.4221394284808901 -0.033987983229596945 -0.9058935477846234 5.710301399230957
0.8894275055278393 0.06939218102064995 -0.45177808448808354 10.242249488830566 0.07383201021061042 -0.9972400402744899 -0.00781897318025313 3.3471574783325195 -0.4510737707723482 -0.026401274335352595 -0.892096085651475 5.79807710647583
0.8756069930929065 0.07624210104272121 -0.47696911396377634 10.220101356506348 0.07548952942003302 -0.9969301594407449 -0.02077469964626754 3.4648494720458984 -0.4770888015817813 -0.017815701671338988 -0.8786744995612523 5.852543354034424
0.8637078051012173 0.08108848703206147 -0.4974268636473995 10.156203269958496 0.07481279757598132 -0.9966655274907159 -0.032571024400655756 3.565134286880493 -0.4984093425349214 -0.009082047263919589 -0.8668942517351255 5.913241863250732
0.8524195272959431 0.08519747421263905 -0.515870468114184 10.111481666564941 0.07213963389008267 -0.996363041850559 -0.045349333583919696 3.67612361907959 -0.5178579174896966 0.0014419507923280582 -0.855465427747461 5.988757133483887
0.841628327904069 0.09148892417893999 -0.5322513827337423 10.080648422241211 0.07024927525655818 -0.9957190249791428 -0.06007214512994468 3.799410581588745 -0.5354687637905022 0.01316814516797956 -0.844452368673039 6.064181804656982
0.8338450031907805 0.09469515170686904 -0.5438155375648808 10.03286361694336 0.06583973288262057 -0.9952043577060989 -0.07234235257949699 3.9076757431030273 -0.5480580628252014 0.024517639486788766 -0.8360808843205803 6.129583835601807
0.8285780378356579 0.09773524264645692 -0.5512769336379396 9.98336410522461 0.060473162713039125 -0.9945078714539574 -0.0854230074839405 4.025977611541748 -0.5565980882179647 0.037442168219231756 -0.8299377399727942 6.193164825439453
0.8256088761678003 0.0983878494280309 -0.555598609319596 9.940655708312988 0.05294559266072042 -0.9938440236107539 -0.0973181429692982 4.133233547210693 -0.5617532801958055 0.0509302249957215 -0.82573565041794 6.270079612731934
0.8255041752829394 0.09363252117440611 -0.556575069122718 9.893310546875 0.041129534413214444 -0.9935008768117727 -0.10613373249439056 4.251367092132568 -0.5628953881400931 0.06472216585346197 -0.8239901839572185 6.339495658874512
0.8273800945466904 0.08624095531235632 -0.554981690486021 9.86161994934082 0.02683367231782064 -0.9930820948194693 -0.1143149464370874 4.362771034240723 -0.5610010099615235 0.07968971436632519 -0.8239705190395855 6.422670364379883
0.8324711615556538 0.07818154805921665 -0.5485247585307749 9.806636810302734 0.012961908812495357 -0.9924717585685799 -0.12178586684721228 4.4901580810546875 -0.5539167393192925 0.09427329413388906 -0.8272174997635314 6.504266738891602
0.8393243256674033 0.06629127071190158 -0.5395740391923616 9.762236595153809 -0.004491212362941862 -0.9916578429074939 -0.12881984168429636 4.598747253417969 -0.5436124587925388 0.11054496834979691 -0.8320248221165477 6.59434700012207
0.8487217915558392 0.053431962872001415 -0.5261333917191455 9.708673477172852 -0.021834110660074745 -0.9904940308414485 -0.13581180537472853 4.708069324493408 -0.5283886752665412 0.12675409346882882 -0.8394872289909865 6.6682538986206055
0.8591436107447347 0.037195052221617224 -0.5103810186583462 9.650012969970703 -0.04139392392376554 -0.989035507263731 -0.1417579219436001 4.809924602508545 -0.5100576429960573 0.1429170859687724 -0.84818388770331 6.752395153045654
0.8701623510180315 0.02049643160687082 -0.49233868338995784 9.596839904785156 -0.060725080880556746 -0.9870585601653851 -0.14841786737548485 4.921538829803467 -0.48900914860851236 0.15904494677801628 -0.8576565498388943 6.852973461151123
0.8822518599442968 0.0032100296705745227 -0.47076676957315405 9.537323951721191 -0.07941222379402885 -0.9846326844216833 -0.1555383408701439 5.0228424072265625 -0.4640316307504438 0.17460862658546977 -0.8684391015983906 6.941988945007324
0.894342750829725 -0.016268568780136335 -0.4470865438683721 9.473064422607422 -0.09929744187843148 -0.9816309734087931 -0.1629130138475872 5.130876541137695 -0.43622363768452455 0.19009462305481076 -0.8795299723209717 7.040894508361816
0.9059338441921574 -0.03745047199264908 -0.42175980379209654 9.410648345947266 -0.11981962791535378 -0.978041160414717 -0.1705249110859169 5.224754333496094 -0.40611220951043336 0.20501939099061214 -0.8905278898520765 7.147154808044434
0.9168309737225334 -0.06019199866786917 -0.3947124129278922 9.348158836364746 -0.14025921524269028 -0.9741214363809055 -0.1772421499607421 5.311028480529785 -0.37382926338436423 0.21786314621699732 -0.9015471875381428 7.247136116027832
0.9262776013494295 -0.0832957885674229 -0.3675209066778089 9.299755096435547 -0.16079037499096316 -0.9693920470054144 -0.18554113967774916 5.3904337882995605 -0.3408170485005305 0.23095642621408857 -0.9113193011463124 7.35422420501709
0.9348965239880582 -0.1074556317334694 -0.3382628809724876 9.248778343200684 -0.18109795602761403 -0.9640883665060469 -0.19426052581603617 5.462769031524658 -0.3052409208439568 0.24287220667763423 -0.9207828579344155 7.451808452606201
0.9419714462066073 -0.1323109899460267 -0.3085183891941209 9.202431678771973 -0.2013022413734381 -0.9581096124657922 -0.20372377897211502 5.5246171951293945 -0.26863953943800356 0.25400742595473763 -0.9291463961133282 7.5446624755859375
0.9476188494981435 -0.15640206535857026 -0.27849041281054626 9.157622337341309 -0.21971407291182177 -0.9520390453797087 -0.21294924803105414 5.589152812957764 -0.23182804455094216 0.262982984286182 -0.9365338796517828 7.627677917480469
0.9514993583834315 -0.18071055504336694 -0.24898326508389312 9.12086009979248 -0.23799809149475135 -0.945201429050879 -0.22349757708984686 5.647857666015625 -0.19495096676029572 0.27191534310533916 -0.9423673204982925 7.710452556610107
0.9539158613364854 -0.20493871922883058 -0.21919090047608691 9.08276081085205 -0.2551366890072074 -0.9384254472900387 -0.23294409157763657 5.698005199432373 -0.15795505504133395 0.2781327043685034 -0.9474663051251754 7.785294055938721
0.9545245502496815 -0.22871312576466427 -0.19124118038121407 9.051664352416992 -0.27187789261266637 -0.9309929805593633 -0.24358670254693365 5.744853496551514 -0.12233272039458064 0.2845037367982181 -0.9508376986997895 7.852829456329346
0.9537693777544991 -0.2521692408126536 -0.16350733330883355 9.019515037536621 -0.2877599539245802 -0.9231970404525172 -0.25475759736863035 5.780826568603516 -0.08670745628329522 0.29003085781979066 -0.9530812759346379 7.911538600921631
0.9518754631838034 -0.2734249003985596 -0.13846272578083027 8.9971284866333 -0.30160475499220285 -0.915976834963179 -0.26461483249608325 5.824159622192383 -0.054476365101876416 0.2936413827321937 -0.9543621241396855 7.96922492980957
0.9485429419869976 -0.29469900847120595 -0.11583946483275633 8.978907585144043 -0.31574220543298465 -0.9079237617561019 -0.2756470615605468 5.852766036987305 -0.02394048694087518 0.29803848282518325 -0.9542535909496471 8.018715858459473
0.9445516477355224 -0.31464781946561066 -0.09390918200924972 8.955743789672852 -0.32831366341559604 -0.9000121929371921 -0.2866848286516351 5.875162124633789 0.005685347372026459 0.3016202948574966 -0.9534111781153695 8.056846618652344
0.9399043544628392 -0.33307872900628405 -0.07508904544174443 8.944212913513184 -0.33999088446122366 -0.8927826703579833 -0.29554238611702294 5.897829055786133 0.0314006838312299 0.30331116661281526 -0.9523740511284966 8.094280242919922
0.9351235645509987 -0.3496107949373073 -0.057586552985380075 8.930181503295898 -0.34992904668373204 -0.8857385856772603 -0.30498659008136886 5.914623260498047 0.05561997220826689 0.3053513548451202 -0.9506139956816336 8.120543479919434
0.9302931090221932 -0.3643691356115614 -0.04230678810197652 8.921951293945312 -0.35877955091791375 -0.8798254978647847 -0.3117440090043821 5.92930793762207 0.07636730418812808 0.30519211379173566 -0.9492237926486938 8.140283584594727
0.925421043884058 -0.3778454977114292 -0.02878665308337367 8.9166841506958 -0.36766624697708666 -0.8769009606199594 -0.30962273188119815 5.939336776733398 0.09174651148857987 0.29711527244992764 -0.9504236384406066 8.152972221374512
0.9207440898109159 -0.3898287879447502 -0.016243065221649956 8.910418510437012 -0.37552106709142385 -0.8741138861062429 -0.3080727873194261 5.940332412719727 0.10589735241631909 0.2897558113408065 -0.9512241168859442 8.157756805419922
0.9164916873049015 -0.40000035079171425 -0.006535018555494841 8.906439781188965 -0.38252266548427916 -0.871429714798383 -0.30706133354300924 5.945035934448242 0.11712983177575825 0.2839189524017627 -0.9516672900626922 8.164950370788574
0.9128090247812326 -0.40838468582184695 0.001277757460172134 8.902716636657715 -0.38841237827866026 -0.8691255622663931 -0.3061969650650406 5.953436851501465 0.12615668304870178 0.2790030562580241 -0.9519673239774735 8.175565719604492
0.9094284125779764 -0.41579941442978274 0.007128068164065832 8.898164749145508 -0.39384111489586415 -0.8666521021880225 -0.3062732603259123 5.958832740783691 0.13352579755794194 0.2757262786404864 -0.9519169505022926 8.187284469604492
0.907265694713048 -0.4203763458267456 0.012356660803094 8.890142440795898 -0.3968569045362578 -0.8654903113786301 -0.3056650425410489 5.971061706542969 0.13918892383645284 0.2724155810137778 -0.9520589239654109 8.200939178466797
0.9056602620902829 -0.42372820201355355 0.015293805573533825 8.882699012756348 -0.39927200554367026 -0.8644171246758059 -0.3055567053041829 5.980719566345215 0.1426932207909516 0.27062417738548983 -0.9520510487125842 8.217449188232422
0.9054839106333441 -0.424053618223169 0.01665582348563599 8.875975608825684 -0.39939670874043764 -0.8647877413459852 -0.30434262183436456 5.99875545501709 0.1434613419407885 0.2689250663094608 -0.9524170053495475 8.237092971801758
0.9055940680399946 -0.42382537965957756 0.016475177910688407 8.867795944213867 -0.3991013317806401 -0.8646289550687108 -0.30518010588455585 6.0122971534729 0.14358799010256157 0.26979402812739245 -0.9521521262304163 8.258476257324219
0.907189459396996 -0.4204343177794483 0.015564998950085354 8.854738235473633 -0.3961232341563705 -0.866027369994663 -0.3050950307389885 6.028686046600342 0.14175213621135857 0.2706133382770645 -0.9521947033175828 8.27946662902832
0.9093272075594157 -0.4158987698823393 0.012338671020503969 8.842123031616211 -0.3926665337544102 -0.8675846164446495 -0.3051391921367803 6.044693946838379 0.13761185581733837 0.27262638632191716 -0.9522278249555411 8.302756309509277
0.91254773730419 -0.4088903982247281 0.008078946752283454 8.829793930053711 -0.3871175990275561 -0.869989735652903 -0.3053814407945122 6.062358856201172 0.13189613968628228 0.2755476403423101 -0.9521958339741051 8.330314636230469
0.9169291366857008 -0.39904648074016397 0.001692485067937774 8.81674861907959 -0.37950139808264766 -0.8733139632365997 -0.3054527958118875 6.085117340087891 0.12336793404337713 0.27943626791251125 -0.9522057157069558 8.359806060791016
0.9216492948042746 -0.387985087922565 -0.0054908047227135645 8.798921585083008 -0.37186223358359477 -0.8791315099562921 -0.29807091008045383 6.10433292388916 0.11081992880796951 0.2767586669856782 -0.954527937583446 8.388815879821777
0.9271654514601626 -0.3743350130805038 -0.015411800695958829 8.784135818481445 -0.3629770613461492 -0.8873230211850964 -0.28443893722812746 6.127272605895996 0.09280020773245498 0.26931608577463734 -0.9585702725350089 8.419737815856934
0.9335322684011014 -0.35750303168992953 -0.026628672261363777 8.767065048217773 -0.35113429815176805 -0.8968697379992627 -0.26894121610976457 6.1560587882995605 0.07226484979129977 0.2604155436867068 -0.9627884170943259 8.4548921585083
0.9399349822109858 -0.3391181650945557 -0.03900127329890711 8.749741554260254 -0.33769269468733143 -0.9070773205625026 -0.2513451381585886 6.185615539550781 0.04985853157527964 0.2494185330404557 -0.9671114321551081 8.493438720703125
0.9461655371868238 -0.31927882143410263 -0.05321475757362237 8.727400779724121 -0.3226859273662653 -0.9175207002639374 -0.23244258832440226 6.211041450500488 0.0253883540179818 0.23710081984426915 -0.9711532488281307 8.528643608093262
0.9522093855465729 -0.29747873528324514 -0.06930864398687211 8.708016395568848 -0.30544309959737354 -0.9283592414258134 -0.21178676013300937 6.243498802185059 -0.00134126260180073 0.22283518778139336 -0.9748552098137774 8.570710182189941
0.9578168239214835 -0.2741101337712909 -0.08631666337878843 8.68407917022705 -0.2858878151386067 -0.9394117837794584 -0.18913925465531978 6.277347087860107 -0.029241904319586735 0.20583764247625147 -0.9781491583452817 8.612506866455078
0.962424398302642 -0.25024409465702746 -0.10543799429561367 8.662858009338379 -0.2652174882120045 -0.9495936632382075 -0.1671273726364324 6.309033393859863 -0.05830061318984932 0.18881146105871421 -0.9802812201988577 8.656281471252441
0.9664567997860831 -0.22443751070879528 -0.12485614896384957 8.63703727722168 -0.24142512701953886 -0.9597409842945079 -0.143565842417371 6.349361419677734 -0.08760800300682074 0.16889359624405328 -0.9817330548356351 8.705333709716797
0.9692581777199327 -0.19761443862721723 -0.14658485109002625 8.616161346435547 -0.21557987343049945 -0.9692287018499359 -0.11883198930413387 6.390696048736572 -0.11859132807556041 0.1467796210525758 -0.9820345410162195 8.756056785583496
0.970584549368384 -0.17253748122450085 -0.1679179862316005 8.586729049682617 -0.1902578070037264 -0.9770505967025218 -0.09578151365153362 6.429079055786133 -0.14753846753136537 0.1249117650822017 -0.9811368159143481 8.809737205505371
0.9706960913919472 -0.14591649512020977 -0.1909384052730896 8.561676025390625 -0.16208968328587442 -0.984150189758702 -0.07193982603673549 6.474215507507324 -0.17741486050689706 0.10078085358710079 -0.9789623010216347 8.865641593933105
0.9696035434098387 -0.12022411341800486 -0.2131082615947581 8.528348922729492 -0.13338555039387548 -0.9898795491260528 -0.048443504911651426 6.518075466156006 -0.205127432473592 0.07539655678382795 -0.9758268779204307 8.921623229980469
0.9665807738272322 -0.09495949886147009 -0.2381266495869953 8.50633430480957 -0.10407826784312399 -0.9942295108757416 -0.02598834097356624 6.5632476806640625 -0.23428470251026662 0.04990363994501665 -0.9708863501408979 8.982061386108398
0.9623742290391243 -0.07076043567731535 -0.26235244238258554 8.479145050048828 -0.07453702830302664 -0.9972082810328203 -0.004458211673051295 6.606745719909668 -0.26130456309277333 0.023845439444984903 -0.9649618232472054 9.043963432312012
0.9572653881992965 -0.047345710504793505 -0.28530923618496234 8.448299407958984 -0.04401166301706024 -0.998867221588762 0.018089973853493445 6.659297943115234 -0.28584252670679194 -0.004759971884752112 -0.9582647820897592 9.111664772033691
0.9511248738109758 -0.02537136649849063 -0.3077625191280689 8.411186218261719 -0.014086125559914354 -0.9991463366898329 0.038835279656485325 6.710838794708252 -0.30848509767048077 -0.03260201897561503 -0.9506703176569403 9.176568984985352
0.9438570691598915 -0.005443755218215419 -0.3303092468067216 8.381109237670898 0.014658140016328522 -0.9981893562427935 0.05833650670771609 6.760199069976807 -0.33002874409384597 -0.0599030434345522 -0.9420682849237187 9.250129699707031
0.9361437012508703 0.013731829997523261 -0.351349409353766 8.343825340270996 0.04308656196893313 -0.9961866190074448 0.07586677987244103 6.808929920196533 -0.348967790470723 -0.08616064621064107 -0.933165485998355 9.31991958618164
0.9280986775619804 0.029920828697911517 -0.3711301506449358 8.306467056274414 0.06926717730033893 -0.9932403672213719 0.0931430677549186 6.858761787414551 -0.36583452933880634 -0.11215309595363018 -0.9238976026657226 9.393075942993164
0.9191447876746661 0.04549432346749731 -0.3912839452657462 8.275327682495117 0.09574955813986781 -0.9893207917463989 0.10989264367690099 6.9181036949157715 -0.38210585104982736 -0.13847251550583234 -0.9136851104417616 9.484155654907227
0.9112395269410161 0.059099534162506254 -0.40761473182662133 8.234184265136719 0.11941158254396715 -0.9850549199861645 0.12412767042604492 6.973649024963379 -0.3941870095457979 -0.1617839598749711 -0.9046781482010688 9.559843063354492
0.903437574807724 0.06293251945537098 -0.4240755197138097 8.193870544433594 0.12089947101142393 -0.9864193241282876 0.11117659328946383 7.025110244750977 -0.4113196644152773 -0.15171161781911213 -0.8987767902455047 9.63211727142334
0.8956079614623695 0.06671870749189807 -0.43981245257021656 8.158050537109375 0.12247173341504755 -0.9874618445251027 0.09959809296063442 7.079573631286621 -0.42765295962910393 -0.1430654384458112 -0.8925498453547429 9.724964141845703
0.8894698703648903 0.07014621042173924 -0.4515781868918538 8.113327026367188 0.12324047411531497 -0.9883581600117867 0.0892184570475625 7.136165618896484 -0.4400626492363302 -0.13500983927693733 -0.8877596566895333 9.808048248291016
0.8832208887048443 0.07215505627961334 -0.4633729703043883 8.076054573059082 0.12437132256436288 -0.9887502104178005 0.08309509926792734 7.191553592681885 -0.45216439032614775 -0.13102163657977 -0.8822588593315128 9.89785385131836
0.878984418110867 0.07447833618126898 -0.47099826980358467 8.031087875366211 0.12508230470199808 -0.9891525516199409 0.0770171842785523 7.251433849334717 -0.46015302864236046 -0.1266104540053066 -0.8787656019484564 9.986926078796387
0.8761398161227393 0.07519197798047916 -0.47615668540071554 7.984406471252441 0.12460208975676637 -0.9895168395578374 0.07301194052835588 7.308523178100586 -0.46567514624753126 -0.12329878620186241 -0.8763241794498701 10.084460258483887
0.8751729178387645 0.07597867943958325 -0.47780707838226927 7.9327802658081055 0.1237646987257627 -0.9898898176145724 0.06928526778695106 7.36641788482666 -0.4677121585237059 -0.11977223907736458 -0.8757282383910493 10.184328079223633
0.8745588699592143 0.07555850506696232 -0.47899655039228434 7.894936561584473 0.12360990966233057 -0.9898912939602266 0.06954003433288451 7.424168109893799 -0.4689001740338052 -0.12002557416565067 -0.8750579914138682 10.283575057983398
0.8762023509172564 0.0744235966574168 -0.47616233419669723 7.8491106033325195 0.1222070904700035 -0.9900232805292429 0.0701379430049962 7.469317436218262 -0.46619187818529123 -0.11964544400306204 -0.876555817072353 10.363212585449219
0.8791429518147779 0.0734533942306888 -0.47086332321639857 7.810711860656738 0.12224718888534936 -0.9897484937733413 0.07384811360510322 7.516695976257324 -0.46061187032471207 -0.12248476619316186 -0.8791098833289145 10.438507080078125
0.8828503397240555 0.0724357122954078 -0.4640348534683328 7.781234264373779 0.12325835079137323 -0.989136561025276 0.08010145194240514 7.564080238342285 -0.45319163342818997 -0.1279137648079657 -0.8821878553705791 10.509663581848145
0.8887313313180796 0.06984662341141175 -0.4530762297137407 7.749015808105469 0.12276221181772103 -0.9884896299713968 0.08841770630723172 7.60388708114624 -0.44168547642322914 -0.13420022592020966 -0.8870762308165796 10.574726104736328
0.8954529045931481 0.06639923962198557 -0.44017636991700976 7.723461627960205 0.12135368787821713 -0.9877728239510606 0.09786792478694413 7.635689735412598 -0.42829590016021674 -0.14105314332324834 -0.8925618368855912 10.630728721618652
0.9032847620341515 0.06336935738502578 -0.4243359084752489 7.7028045654296875 0.12130846115829569 -0.9863976375041199 0.11092320757035823 7.668747425079346 -0.41153480524533054 -0.1516707792255957 -0.8986851944929259 10.687285423278809
0.9123692542910149 0.05148729917227597 -0.4061174729661388 7.6810994148254395 0.11235957494992095 -0.9854553306655338 0.12748771383924465 7.690895080566406 -0.3936466305476665 -0.1619470570489893 -0.9048842362267346 10.726205825805664
0.9219778579936923 0.03671213118267955 -0.38549844201162314 7.663602828979492 0.10081696690681852 -0.9839228135763715 0.14741721781280026 7.711660385131836 -0.37388871145445474 -0.17478019438135106 -0.9108562538067929 10.756841659545898
0.9320523043352973 0.01978560118355803 -0.3617831283643112 7.6498918533325195 0.08656765442422137 -0.981750010408317 0.1693309135118517 7.729239463806152 -0.3518302761144229 -0.18914398496667773 -0.9167551525681077 10.77961540222168
0.9421598063141455 -4.592796985010417e-06 -0.33516398873536213 7.642312049865723 0.06880416643316525 -0.9786995697036814 0.19342476300429068 7.739965438842773 -0.3280257399161368 -0.2052977161118334 -0.9220910810281898 10.801606178283691
0.9518179590111534 -0.021809291766069924 -0.30588711593740736 7.63761043548584 0.047903389191590415 -0.9746491885183705 0.21855027939684973 7.749371528625488 -0.3028990561355408 -0.2226731104402696 -0.9266438623759691 10.81309700012207
0.960955398758912 -0.04618492928228973 -0.27282168884326397 7.634984970092773 0.016844374423865948 -0.9743792606683582 0.22427956534123314 7.751304626464844 -0.27619013133413994 -0.22011816982378749 -0.9355570547364053 10.82058334350586
0.9684851639671781 -0.07472496483277839 -0.23759769949687734 7.631218910217285 -0.02292248770439895 -0.9766269594912311 0.21371556226057836 7.752933502197266 -0.24801420671588567 -0.20153402101296325 -0.9475616030852225 10.82783317565918
0.9743086501071143 -0.10412042181326049 -0.19970376082558328 7.623596668243408 -0.06348574299425609 -0.9777305497061677 0.20003132906558124 7.762711524963379 -0.216083814208562 -0.18221391256625902 -0.9592214943923929 10.851600646972656
0.9774069321447094 -0.13865938884418744 -0.1595282510429543 7.610494136810303 -0.10887058566013649 -0.9771922656470848 0.18232518075552778 7.767569541931152 -0.18117087120584893 -0.16083796145460633 -0.9702104233523985 10.875582695007324
0.9776186111871061 -0.1733592594709321 -0.11919906969554725 7.598670959472656 -0.15310084270156774 -0.9748266184102621 0.1620900860721688 7.783912658691406 -0.1442982433180103 -0.14021280681344095 -0.9795500935535828 10.911641120910645
0.9743946283206355 -0.21100303301297527 -0.07767128400648265 7.579098701477051 -0.19916928033756667 -0.9702960482065541 0.13732143534262983 7.799357891082764 -0.10433937928560913 -0.11833553521267208 -0.9874765794874449 10.946024894714355
0.9675351559851781 -0.2500392483699528 -0.036825211572047274 7.55855131149292 -0.24479735642404274 -0.9633743137018493 0.10947230694240147 7.818757057189941 -0.06284883627034926 -0.09690359113098047 -0.9933074638828516 10.994413375854492
0.9572739452565066 -0.28918119598180986 0.0009108367431343006 7.540696620941162 -0.2883367912584672 -0.9542285246448977 0.07943436007668572 7.843943119049072 -0.0221017768474323 -0.07630307100341055 -0.9968396826047979 11.042888641357422
