1.0 0.0 0.0 0.0 0.0 -1.0 0.0 0.0 0.0 0.0 -1.0 0.0
0.9999995587500665 0.0008353793091483266 -0.00042969882752232254 0.12436483800411224 0.0008340333651317297 -0.9999947756286454 -0.0031229959592134144 -0.05142398178577423 -0.0004323054688229576 0.0031226361980325433 -0.9999950311152335 -0.05468986928462982
0.9999926331868576 0.0020600688805041067 -0.0032387788165653634 0.25632500648498535 0.002038000048645855 -0.9999747857271506 -0.006802533773614469 -0.1006615087389946 -0.0032527108412481846 0.0067958830292335504 -0.9999716175202356 -0.106291763484478
0.9999804621075248 0.001954136675966637 -0.005937739727599594 0.3877180814743042 0.0018857886098594444 -0.9999321559281742 -0.011494665812991559 -0.15311987698078156 -0.00595979903520218 0.011483243909500248 -0.9999163044499149 -0.1554289609193802
0.9999633517615842 0.0012043513581803434 -0.008476123615432686 0.5140105485916138 0.0010696487984003004 -0.9998733544532246 -0.015878630479493193 -0.20566904544830322 -0.008494173602306896 0.015868982080217323 -0.9998379990891282 -0.2018021196126938
0.999930183637243 0.002280139764838919 -0.011594344045382243 0.6453821063041687 0.0020401965460009413 -0.9997843799756216 -0.02066473214962714 -0.25300124287605286 -0.011638962550140634 0.020639634672516564 -0.9997192305999429 -0.2502816617488861
0.9998967499758683 0.003285333682536013 -0.013989137582086725 0.7714287638664246 0.002915806798223341 -0.9996484146662356 -0.026354224063657842 -0.29572686553001404 -0.014070801626474286 0.02631071336692416 -0.999554780341584 -0.2926233410835266
0.9998567645043498 0.003525206631977812 -0.0165536519564497 0.8961724638938904 0.0030196887219376928 -0.9995312891119831 -0.030464463989380342 -0.3405389189720154 -0.01665328661003628 0.030410113520661333 -0.999398765779078 -0.3312000632286072
0.9997956915480493 0.004631759701964711 -0.01967541521851847 1.024161458015442 0.00394353373374599 -0.9993839052930542 -0.0348748961703753 -0.3788452744483948 -0.019824825438037527 0.0347901802706871 -0.9991979882150908 -0.36585310101509094
0.9997407095449521 0.003002929251018172 -0.022572020168098204 1.1522316932678223 0.002103827174932899 -0.999207389421613 -0.03975131238667054 -0.4298502206802368 -0.022673499724869702 0.03969351762137027 -0.9989546221270854 -0.39658644795417786
0.9996524571184933 0.004218422455388606 -0.026022488139055496 1.2836650609970093 0.003050451138802989 -0.998993081867882 -0.04476066496335057 -0.4660082459449768 -0.026185105018104973 0.044665728384292766 -0.998658757025187 -0.42516380548477173
0.9996006066545153 0.0037342526253500465 -0.028012185442317553 1.4084712266921997 0.0023551439854256756 -0.9987908527580192 -0.04910484440171561 -0.5071523785591125 -0.028161684479672634 0.0490192595235674 -0.9984007370405075 -0.4519276022911072
0.9995264877569523 0.0040869419005134305 -0.03049749462091793 1.538735270500183 0.0024506844096180173 -0.998564952901644 -0.05349793437565415 -0.5417324900627136 -0.030672372229345834 0.053397862714149626 -0.9981021359757656 -0.4700808823108673
0.999503224737859 0.0036808996454227873 -0.03130103379157333 1.6615649461746216 0.0018814708099420736 -0.998353847821642 -0.05732411889695973 -0.5800380706787109 -0.03146051185553447 0.057236749711367836 -0.9978648158324182 -0.4895230829715729
0.9994299300754805 0.004238456085427129 -0.033494034682787964 1.7928729057312012 0.002224431470176604 -0.9981994517804993 -0.059940857265681505 -0.6128563284873962 -0.033687783749519425 0.05983218160089285 -0.997639836449469 -0.5037788152694702
0.9994014865423735 0.005346284022964796 -0.03417727233176967 1.9192370176315308 0.0032277473740839483 -0.9980868026039031 -0.061743956099414625 -0.6420004963874817 -0.034441985189347775 0.0615966859097398 -0.9975066906748815 -0.5208636522293091
0.9993976254623431 0.006028214059168976 -0.03417670047689041 2.0421552658081055 0.0038523559022334355 -0.9979822248868786 -0.0633769529390496 -0.6693812608718872 -0.034489789419954 0.06320711546252383 -0.9974042886315833 -0.5307341814041138
0.9994241361099184 0.009200409774556438 -0.032661117876208165 2.164832353591919 0.007078759519374799 -0.9978931915863162 -0.06449084701988718 -0.6874410510063171 -0.03318564937755744 0.06422250887076801 -0.9973836684193972 -0.5456078052520752
0.9994982028544295 0.008816185473242151 -0.030423960367901 2.283233880996704 0.006842367903416697 -0.9979018728718039 -0.06438193939623689 -0.7222821712493896 -0.0309277301501502 0.0641414607929054 -0.9974614521449499 -0.5526862144470215
0.9995590702486644 0.005631641049745786 -0.02915389687010226 2.4124276638031006 0.0037441636853720985 -0.9979173876256436 -0.0643961855447052 -0.7635375261306763 -0.02945583680568048 0.06425863438867789 -0.9974984619459718 -0.5446417927742004
0.999662423279823 0.006309852696624154 -0.025203675153816815 2.530841588973999 0.004701225591455967 -0.9979782716569381 -0.06338191996594328 -0.7877191305160522 -0.02555265074802334 0.06324203554265079 -0.9976710414661598 -0.5479987263679504
0.9997581158250395 0.007873366515087053 -0.02053582094014789 2.6498541831970215 0.006608012348735363 -0.9981175400164928 -0.06097303079414352 -0.8073470592498779 -0.020977226097977576 0.060822581424531126 -0.9979281384819703 -0.5493109226226807
0.9998583305656452 0.010553108059518073 -0.013112997703230725 2.7531447410583496 0.00979570670673027 -0.9983523133259793 -0.05653938986919982 -0.8206365704536438 -0.013688057882567536 0.05640292888627141 -0.9983142524698592 -0.5493771433830261
0.9999049530144205 0.012062584110998831 -0.00667675084113392 2.8767545223236084 0.011695132320650095 -0.9985483183577993 -0.05257832048300697 -0.8453976511955261 -0.007301288737749621 0.05249523758757916 -0.998594482867491 -0.5544741749763489
0.9999075878427773 0.013593364935165043 0.00019027395563404038 2.992774486541748 0.01358735046957018 -0.9988093295683999 -0.04685410413550387 -0.8650466799736023 -0.0004468575341629664 0.0468523595655864 -0.9989017252570352 -0.5510955452919006
0.9998596359348617 0.01477882278124114 0.007892707102525147 3.101308822631836 0.01508899185334807 -0.9990532900083231 -0.04080252502474731 -0.88462233543396 0.007282221711481909 0.0409158908096378 -0.9991360563637961 -0.5493701100349426
0.9997240477299788 0.015593725553453695 0.017568839282954204 3.193068742752075 0.016190218463104353 -0.9992791548102927 -0.03433726237986329 -0.9027935862541199 0.01702072902385983 0.03461223028049745 -0.9992558672825024 -0.5427629947662354
0.9994780115051509 0.018758108080654902 0.026302811616710747 3.280540704727173 0.019441590741634443 -0.9994735288619794 -0.025974788807943214 -0.9100382328033447 0.025801726049714167 0.026472598765835725 -0.9993165026393984 -0.5423088073730469
0.9990954454609611 0.020227020320392447 0.03740532726928542 3.3483173847198486 0.02093122662916036 -0.9996091564323788 -0.018531544143617528 -0.9235547184944153 0.03701586971776625 0.019297720733458344 -0.9991283317790216 -0.5381138324737549
0.9986136012481669 0.022835931328779906 0.04742779398743119 3.416242837905884 0.023355767367978817 -0.9996727515892346 -0.010435413775278986 -0.9316073656082153 0.047173970924863015 0.011528658653792946 -0.9988201572339358 -0.5320343971252441
0.9979832120504922 0.024542149200646644 0.05854221876556644 3.469921350479126 0.0246546209689611 -0.9996953089113566 -0.0011995855552279348 -0.9437116384506226 0.0584949410655238 0.0026405024598827897 -0.9982842128454704 -0.5318759679794312
0.9972572199443519 0.027145274283553445 0.06885616423337364 3.5162250995635986 0.026574693390751216 -0.999604593570264 0.009189242864097797 -0.9496844410896301 0.0690783825813129 -0.0073342073394785275 -0.9975842753685784 -0.5283469557762146
0.9963069708481538 0.0304193680285559 0.08029372259472747 3.550370216369629 0.02902238991205502 -0.9994073890046524 0.018508692193014407 -0.9522351622581482 0.08080916237140703 -0.0161100233285485 -0.996599391142291 -0.5255408883094788
0.9952825223493483 0.03278890167113166 0.0913103971797294 3.575115203857422 0.030386802607113517 -0.9991577915948041 0.027574439662675584 -0.9551732540130615 0.09213763038647886 -0.024669726844760095 -0.9954406369262657 -0.5229892134666443
0.9943111024119505 0.03661667166447824 0.10002325217942 3.6019678115844727 0.03320620358331347 -0.9988160028506744 0.03555194077663952 -0.9514239430427551 0.10120661867642645 -0.03202829695156989 -0.9943497415549857 -0.5131078362464905
0.993187047434106 0.03961834522332062 0.10958957765631154 3.609851121902466 0.03474778806015103 -0.9983367957023797 0.04600253875203027 -0.9514793753623962 0.11122985226120628 -0.04188113021959901 -0.9929118243315866 -0.5125746130943298
0.9918722227261024 0.04341215502519731 0.1196030040611388 3.6249351501464844 0.03706058979703995 -0.9978077879753692 0.054828194750472 -0.9484679102897644 0.12172101900771323 -0.049950005523206734 -0.9913067085821395 -0.513831615447998
0.9904685554140713 0.04633934818819407 0.1297100826669083 3.641672372817993 0.038218881466005876 -0.9971914038342433 0.06440979132537406 -0.9517754316329956 0.13233048717302548 -0.05883849869417263 -0.9894577672826494 -0.5104501843452454
0.9892269916907167 0.050134182860923804 0.13753734990685984 3.675328493118286 0.040112721537945206 -0.9963994756769886 0.0746930682288609 -0.953799307346344 0.14078681927422687 -0.06837140176630471 -0.9876762743627877 -0.5107370018959045
0.9877159759012236 0.05307110346527094 0.14697145616231647 3.7053680419921875 0.04106015441649234 -0.9956543101992855 0.0835856345365542 -0.9568739533424377 0.15076874566297557 -0.07652419590275421 -0.9856027763620848 -0.5035986304283142
0.9863165545205321 0.05636104027188833 0.1549292981272979 3.7467007637023926 0.042553032776812855 -0.9949375521971535 0.0910412358738183 -0.9618709087371826 0.1592761554038835 -0.08320276658505599 -0.9837217116402133 -0.49918437004089355
0.9850919362090512 0.0589223056394873 0.16162313916648566 3.796266555786133 0.043175745888646026 -0.994123611780357 0.09926781687806617 -0.9728096127510071 0.16652246750172003 -0.0908097263452823 -0.9818471680553108 -0.4922447204589844
0.9839317480942236 0.06238536568612153 0.16729130652981974 3.851389169692993 0.04468966228265035 -0.9931965887182472 0.10753311231197206 -0.9791002869606018 0.1728616475025848 -0.09832905118349015 -0.9800256366626572 -0.4854707717895508
0.9828310001863021 0.0661733656911537 0.17223330324271838 3.9160125255584717 0.04683141666614957 -0.992371929088592 0.11403847057036684 -0.9815710783004761 0.1784658048081896 -0.10401461450244276 -0.9784328880838347 -0.48552438616752625
0.9817504185007438 0.06894874513257242 0.17723483381733338 3.987168550491333 0.047926304805402234 -0.9915831926539079 0.12027402609866712 -0.9896458387374878 0.18403582553762157 -0.1095848647894715 -0.9767916729414515 -0.4797389805316925
0.9806363086540607 0.07188448405898312 0.18216764559303925 4.061279296875 0.0495167087466639 -0.9909842137418331 0.1244925044706652 -0.9956903457641602 0.18947434049030334 -0.1130615277893163 -0.9753545843587911 -0.4719495475292206
0.9800691649181404 0.07448339186381799 0.18416475317801603 4.149662017822266 0.0509065050778766 -0.9902599649465779 0.1295906229815964 -1.0026293992996216 0.1920233311798719 -0.11763258970397222 -0.9743149460631927 -0.46818870306015015
0.9794588605181281 0.07593836431426743 0.18679856899292316 4.234820365905762 0.05073021166743427 -0.9893803003884162 0.1362096429314199 -1.0194332599639893 0.195158361790387 -0.1239354107130048 -0.9729096709328627 -0.46028509736061096
0.978815394484261 0.0780720360264828 0.1892754096846722 4.328127384185791 0.052036007223767666 -0.9889492596939704 0.13882224498601092 -1.025408387184143 0.19802191159775456 -0.1260322139035398 -0.9720613167829197 -0.44939473271369934
0.9788317511838324 0.07862280515744394 0.1889625819668197 4.4369096755981445 0.051887859176554925 -0.988436124169425 0.14248395877080086 -1.0384714603424072 0.19797993066082847 -0.1296629590364954 -0.9715922313961932 -0.4421245753765106
0.9786849051291483 0.07860780152190822 0.18972788411892205 4.532207012176514 0.05109055856160908 -0.9879938744392079 0.14580075067181936 -1.0546313524246216 0.19891106379036239 -0.13299969026466013 -0.9709508077607699 -0.42851293087005615
0.9787392428271013 0.07993545691048373 0.18889101958204577 4.62841272354126 0.05231386781336378 -0.9877611636119505 0.1469392489921305 -1.0611952543258667 0.19832486930447854 -0.13393358947059408 -0.9709423462939928 -0.4234668016433716
0.9789899593226855 0.07915512466487713 0.18791786978532685 4.715307712554932 0.051424040358858385 -0.9876329665506266 0.14811040292828828 -1.0742624998092651 0.1973175806119105 -0.13533510121804013 -0.9709532340745181 -0.4160839915275574
0.9793748152842365 0.07951375398198787 0.18574857769215813 4.801781177520752 0.05213919144443013 -0.9876316193319206 0.14786916247591805 -1.0770344734191895 0.19520880078133995 -0.13513455303326496 -0.9714073175934033 -0.40020424127578735
0.9798363152655138 0.0782125036123259 0.18385755237572685 4.877474308013916 0.05131375107897374 -0.9878406894748131 0.1467571843833605 -1.0848159790039062 0.19310021811770786 -0.1343635981083361 -0.9719355581859714 -0.38189631700515747
0.9805543929578333 0.07598884630870156 0.18093860198356793 4.949731826782227 0.049660670630693286 -0.9880621075628149 0.14583240171868064 -1.0942769050598145 0.18986021237638306 -0.13401106982335967 -0.9726222971540359 -0.3804320693016052
0.9813192801918381 0.07483214923896431 0.17723605661391312 5.017744064331055 0.04963945351519702 -0.9885439287144543 0.1425371027364623 -1.0964035987854004 0.1858719854590396 -0.13107650606447208 -0.9737918435576697 -0.3742952346801758
0.9823451098865127 0.07089509956454045 0.17312414603338563 5.080134868621826 0.04687648493334301 -0.9891707436453611 0.13908211630679612 -1.1078344583511353 0.1811095807580295 -0.12851118540351653 -0.9750303559294108 -0.3639609217643738
0.9835028576354996 0.06789575687873267 0.1676672157002377 5.140478610992432 0.04530811186980199 -0.9898029076286332 0.13504584054570848 -1.1123648881912231 0.175126537171268 -0.1252212851226477 -0.9765502166968338 -0.35624808073043823
0.9848318002784918 0.06343714111351559 0.16149939407802344 5.195558071136475 0.04256900614051097 -0.9906594797913965 0.1295441037471366 -1.1166713237762451 0.16820881331379145 -0.12070428421056006 -0.9783334149955129 -0.35216420888900757
0.9859018150708755 0.058563730839807204 0.15674150844647564 5.235966682434082 0.03965505940478194 -0.9918412566767784 0.12115443787758226 -1.121441125869751 0.1625579506008771 -0.1132307863787598 -0.9801804434452316 -0.3435889482498169
0.9872174385319495 0.05220157643330997 0.15058792938444174 5.27577018737793 0.03544708827316438 -0.9930899783306689 0.11187403126796616 -1.1278949975967407 0.1553873643233928 -0.10510609096084145 -0.9822461385271822 -0.33247971534729004
0.9885893565117216 0.04608798225952694 0.14341193145267103 5.31055212020874 0.03130217812804664 -0.9941159447952175 0.10369986474606498 -1.1319080591201782 0.14734740525771103 -0.09802747673564623 -0.9842150963933962 -0.3283880352973938
0.9899328671208442 0.040743126535006856 0.13554673081287308 5.343139171600342 0.027927272963904477 -0.9950718716513917 0.09514219712091787 -1.1315855979919434 0.1387551297023091 -0.09039893742931077 -0.986192195311313 -0.32872530817985535
0.9911433397779822 0.03356531532301905 0.12848443338013252 5.38209342956543 0.02259103610502976 -0.9960444000328231 0.08593717618676296 -1.1390690803527832 0.13086070877634984 -0.08227346334341225 -0.9879810484660277 -0.3162689507007599
0.9922837669532766 0.025653058227970378 0.12130476678419598 5.422821521759033 0.016468171517709677 -0.9969624596410555 0.0761226207728054 -1.1495143175125122 0.1228890766825071 -0.07353757318547716 -0.9896921239264823 -0.30889636278152466
0.9935329388075539 0.019945910744814773 0.11177862116248288 5.486964225769043 0.012638783530205675 -0.9977591912119933 0.06570279676593668 -1.1456369161605835 0.11283864876584879 -0.06386514696255902 -0.991558713515316 -0.3163951635360718
0.9943676794724019 0.012633805629315664 0.10522977228898175 5.548540115356445 0.006851227835367687 -0.9984555031771032 0.05513319193104692 -1.1536149978637695 0.10576378727058786 -0.054101710977366005 -0.9929184388314598 -0.3101019859313965
0.9952055179345742 0.005626815050981427 0.09764382225700506 5.619195938110352 0.0012667248435533776 -0.9990015456010666 0.044657667816970656 -1.1599490642547607 0.09779760979055814 -0.044319869574066 -0.9942189782337649 -0.29862356185913086
0.9958492063904704 -0.003473887197937885 0.09095213158143105 5.684392929077148 -0.006917427869750102 -0.9992699348448938 0.037573215283607006 -1.1795003414154053 0.09075520548782175 -0.03804641143153291 -0.9951462019492642 -0.2840370535850525
0.9963813727859461 -0.010996788538534181 0.08428066567743969 5.774503231048584 -0.013499860653633395 -0.999482799564078 0.029187105678454322 -1.190574049949646 0.08391611125121373 -0.030219265665987694 -0.9960144990185045 -0.27175188064575195
0.996666120899188 -0.01523410569875914 0.08015338717312297 5.864386558532715 -0.01692182474850512 -0.9996482938366393 0.020419120369821166 -1.1861313581466675 0.0798141296948504 -0.021707387061905913 -0.9965733761484896 -0.2621505856513977
0.9969096510648587 -0.021461693058586348 0.07556813710023833 5.96291971206665 -0.022671140065482792 -0.9996276736226584 0.015183330856003645 -1.1984502077102661 0.07521414110307084 -0.01684962488634801 -0.9970250363553146 -0.23876646161079407
0.997021800686314 -0.025724161665917542 0.07270348315456036 6.073234558105469 -0.026492960243424544 -0.9996026160971491 0.009629794871925307 -1.2003446817398071 0.07242687356057854 -0.011527245912219056 -0.9973071094642406 -0.22487594187259674
0.9970360502184809 -0.02856653855179004 0.0714357574321179 6.188187599182129 -0.02901791373183412 -0.9995649009171829 0.005288623362895218 -1.197595238685608 0.07125359813639677 -0.0073458647953676525 -0.9974311820988079 -0.21210317313671112
0.9968406147314611 -0.033381506983642735 0.07207262873868056 6.302866458892822 -0.033869610280437286 -0.9994107912023039 0.005560569020891243 -1.2133574485778809 0.07184454273815075 -0.0079840728883077 -0.9973838861034702 -0.18319514393806458
0.996815042863068 -0.033617751279630445 0.07231609171409502 6.447441577911377 -0.033967039621256495 -0.9994164506915928 0.0036053164059817165 -1.2078195810317993 0.07215268907856788 -0.00605019718027067 -0.997375247623888 -0.176497220993042
0.9964885017072922 -0.03535859726642084 0.07589753332294133 6.579860210418701 -0.03594289916430068 -0.9993336959691386 0.006346030280908526 -1.2133452892303467 0.07562257576161266 -0.009051723593457274 -0.9970954278980355 -0.15511956810951233
0.9961021689496707 -0.03612243433188581 0.08047135360922147 6.732463359832764 -0.037225884149819845 -0.9992317406376126 0.012254062656572418 -1.222542643547058 0.07996688416479636 -0.015201915677493013 -0.996681593688129 -0.13084596395492554
0.9954970755624111 -0.03574595393748361 0.08779407339784884 6.888197898864746 -0.03765437965291891 -0.9990870824015035 0.020177945173026946 -1.2338396310806274 0.08699264474449214 -0.023392916781605818 -0.995934260483496 -0.10755708813667297
0.9947114887250044 -0.032372023745794634 0.09747361836459977 7.053506851196289 -0.03540514959437498 -0.9989360761549857 0.02954980775370676 -1.2283883094787598 0.09641332677947516 -0.032844601301930995 -0.9947993277966323 -0.08741533756256104
0.9936059408744967 -0.02757785471612753 0.10948377134608611 7.222000598907471 -0.032337805737712146 -0.9985966152256339 0.04194122530371795 -1.228455662727356 0.10817347447029654 -0.045213515558551756 -0.9931033367338268 -0.062409043312072754
0.9921335962761086 -0.02236063793715708 0.12317032520570635 7.398612976074219 -0.029756463789496274 -0.9978416617934793 0.05853691870924421 -1.2295745611190796 0.12159555914169105 -0.061741556995848754 -0.9906576099423798 -0.03382223844528198
0.9902582320568623 -0.014853734659348236 0.13844854788074515 7.57916259765625 -0.025743972315262924 -0.9966829298833542 0.0772035308037383 -1.224291205406189 0.13684254357855338 -0.08001564750598768 -0.9873558702013925 -0.005001068115234375
0.9878355546732919 -0.0041990591325913726 0.15544544002868224 7.772991180419922 -0.019326735897918786 -0.9951999096102516 0.09593548452621153 -1.208126187324524 0.15429644909343102 -0.09777273553577132 -0.9831750088275283 0.011601924896240234
0.9849848663347247 0.0036293448155477115 0.17260255197352725 7.972306728363037 -0.017236541321446506 -0.9927161711374146 0.11923718046626815 -1.2272692918777466 0.17177809736645233 -0.12042188928297541 -0.9777478477842232 0.03907930850982666
0.9815191794745464 0.0159241129078745 0.19070008639670413 8.181607246398926 -0.011504604541375203 -0.9898189247392188 0.1418666285722016 -1.216126799583435 0.19101765467610507 -0.14143874595100772 -0.9713430582167386 0.062140583992004395
0.97770807310972 0.02896815548556712 0.20796098130140367 8.405121803283691 -0.00586803533782913 -0.9862806199565993 0.16497304282609382 -1.1993167400360107 0.20988685032024457 -0.16251579820371376 -0.9641245383231657 0.06920957565307617
0.9729797286633298 0.0417666776209957 0.22708146611015365 8.622215270996094 -0.0016402929733251824 -0.9822274274803818 0.18768747998796556 -1.19585382938385 0.23088472675600416 -0.18298859348542776 -0.9556188662877215 0.07280433177947998
0.9683816567111171 0.05510531135284662 0.24331126485664 8.861964225769043 0.0029868963958784543 -0.9777906180027834 0.20956284450172655 -1.1823043823242188 0.24945549782546883 -0.20221006900359925 -0.9470390924339961 0.08025956153869629
0.9631602499355688 0.07135054742523962 0.2592902472638932 9.099352836608887 0.009621743381988988 -0.9726873662614807 0.2319196187682168 -1.150541067123413 0.26875593946616955 -0.2208809337571319 -0.9375403234550682 0.08176183700561523
0.9573644443207752 0.08646168293668147 0.27564052338894274 9.319135665893555 0.01369032101907048 -0.9666671465179344 0.2556701057090353 -1.130972146987915 0.2885583058253016 -0.24099586143050516 -0.9266364437645438 0.06929874420166016
0.9526749763592899 0.10278878154866444 0.28608539949911344 9.566343307495117 0.01987216186074433 -0.9601438676877945 0.2787989428324708 -1.1009492874145508 0.30334054559489204 -0.25991964090707703 -0.9167476717553904 0.038631439208984375
0.9467614326161472 0.11917818018105739 0.29906412536336047 9.792397499084473 0.024641839329025833 -0.9530568882829417 0.3017869239230197 -1.0675383806228638 0.3209915411114487 -0.2783507303118988 -0.9052542744829927 0.013050079345703125
0.9422560861242382 0.13170668267588212 0.30790715792320716 10.04908561706543 0.028956484684847635 -0.9480168788778265 0.3168998569855162 -1.0579917430877686 0.3336390117425247 -0.289684910033745 -0.897088436410933 -0.004331827163696289
0.9386737581542681 0.14562986865030025 0.3125436243301711 10.31390380859375 0.035128182587599546 -0.9421051037905162 0.3334726138679954 -1.0279430150985718 0.3430125165947084 -0.3020429021989379 -0.8894450509675165 -0.02952718734741211
0.935158750452273 0.15973679750854936 0.31616809923560624 10.573369979858398 0.0422736020121296 -0.9365003461348468 0.34810924185122133 -0.9922583699226379 0.351697389847385 -0.31217183923445874 -0.882529143294153 -0.044913530349731445
0.9331533675773127 0.1690960804149464 0.3172243814201914 10.84104061126709 0.04773985546286279 -0.9329344837229478 0.3568671395365258 -0.9809519052505493 0.3562943990290979 -0.31786752691789577 -0.8786435776534165 -0.05458402633666992
0.9332178499353618 0.1805661074128205 0.3106450151150057 11.11152172088623 0.0583420093808442 -0.9292324988754139 0.36486048426098333 -0.9474531412124634 0.35454288105026993 -0.32237066226245764 -0.8777109442231188 -0.06463170051574707
0.9344717856228695 0.18806705395498516 0.3023131904027646 11.384933471679688 0.06807847723214613 -0.9278225673050371 0.36675687387865236 -0.9232659935951233 0.34946788523776784 -0.32214292917303383 -0.8798273298615245 -0.06818795204162598
0.9365854038914895 0.19262028142816207 0.29275451900859073 11.641839981079102 0.07816585233976253 -0.9291725408154979 0.3612872664826016 -0.9144779443740845 0.3416107152087213 -0.31549297389483594 -0.8853057679003219 -0.07242989540100098
0.939914972264216 0.19394962133736982 0.28096866248151026 11.911172866821289 0.08656723563159795 -0.9314627700002557 0.3533882027155893 -0.9056764841079712 0.3302513567400766 -0.30783218234379245 -0.8922854862009114 -0.03896212577819824
0.9442883529278734 0.19684014664264946 0.2637678206196966 12.177480697631836 0.0988953721047642 -0.9341004968960245 0.3430393083523529 -0.888725221157074 0.3139095600663102 -0.2978426067041126 -0.9015267992304361 -0.00879812240600586
0.9493189399550539 0.19478849533417483 0.2466799390466537 12.43896770477295 0.10740194488774521 -0.9386085601586844 0.32783958429568993 -0.8841662406921387 0.2953952817445505 -0.2847304214204889 -0.9119595466032298 0.04118800163269043
0.9544582366322573 0.19499439404987556 0.22580226042704696 12.701622009277344 0.12072029971493237 -0.9445434646347036 0.30539196559930554 -0.871598482131958 0.27282977066584757 -0.2642249604125098 -0.9250670713701946 0.09975337982177734
0.9603028981937445 0.19304820849976048 0.20137212546856498 12.965123176574707 0.13138144969099627 -0.9497830584797855 0.28399129652486954 -0.8669890761375427 0.24608384424375912 -0.24626110334321408 -0.9374423772064051 0.17140817642211914
0.9669245577272041 0.18753209483246908 0.17288323536941597 13.228889465332031 0.13980791280707772 -0.9565911143013819 0.25570918551387495 -0.8754327297210693 0.21333224599337913 -0.22308104681345425 -0.9511699108845033 0.23783183097839355
0.972078107714053 0.18476522412556112 0.14465809502719557 13.487564086914062 0.149161092651884 -0.9624227824781104 0.22692147585891448 -0.874139130115509 0.18114944367003188 -0.19900803933741718 -0.9631098999268541 0.3137204647064209
0.976690016243386 0.18149125533236898 0.11461909268692984 13.74556827545166 0.1571916012784626 -0.9683535131892593 0.19386148142818727 -0.8782427310943604 0.14617596470694832 -0.1713254147285201 -0.9743101095698912 0.3956894874572754
0.9804653847459432 0.1779230075588787 0.08385125339667189 13.998757362365723 0.1629980531515543 -0.9735813843454904 0.15990910769784705 -0.8891013860702515 0.11008752873869392 -0.1431177537453749 -0.9835639504267557 0.4883716106414795
0.983034056214801 0.17591027591091762 0.05195785937488827 14.240227699279785 0.1684973214539534 -0.9779800518227291 0.12314085796215539 -0.9092516303062439 0.07247549230408115 -0.11229689695515842 -0.9910281075476741 0.6092693209648132
0.9848483313724908 0.17228551859846344 0.019785456125120855 14.44115161895752 0.16998713352101877 -0.9816430394031489 0.08649461040235572 -0.9693713188171387 0.03432402409578319 -0.08182079975535854 -0.9960558308133464 0.7754690051078796
0.9850141394704128 0.17200069166954843 -0.01276350690678592 14.5403470993042 0.17241531923908995 -0.9839050663817404 0.046944414364506616 -1.0302897691726685 -0.004483607369667976 -0.048441536036140785 -0.9988159564461385 1.0164967775344849
0.9839131393474156 0.17288025426285222 -0.045026124700277025 14.59583854675293 0.17337677623363582 -0.9848282440483773 0.007336428792133147 -1.067802906036377 -0.04307467564991179 -0.015024893031294204 -0.9989588704781862 1.2798075675964355
0.9818370319068548 0.17366105265852858 -0.07640603095220397 14.649920463562012 0.17167016139567118 -0.9846363831906355 -0.0319460261010341 -1.098081111907959 -0.0807799384916923 0.01824915578309073 -0.996564884917426 1.5399277210235596
0.9784593829102775 0.17713394582688718 -0.10602264489549572 14.695741653442383 0.17037495343818138 -0.9829038417055642 -0.06980267331113271 -1.1022300720214844 -0.11657448792843365 0.05023547746603568 -0.9919106741879447 1.8088140487670898
0.974636292475917 0.17906308005029084 -0.13424049594553072 14.749435424804688 0.16546822267924935 -0.9804520584121256 -0.1064613941238622 -1.1242882013320923 -0.15067967571032687 0.08154860218501049 -0.9852134087645691 2.0847649574279785
0.9703797849076453 0.18130959251868795 -0.15965558149748335 14.772012710571289 0.1594783680840487 -0.9771669930300565 -0.14039700084348766 -1.1450681686401367 -0.18146548750613958 0.11077679988745355 -0.977138054448221 2.3374485969543457
0.9647102155294337 0.18853525003271526 -0.18381691855826462 14.83298110961914 0.1565535811949117 -0.9719863907705096 -0.175309533032196 -1.1007353067398071 -0.21171956987534793 0.1403457005113444 -0.9672010691059941 2.614994764328003
0.9593885648021316 0.19383210703464396 -0.20494559280310576 14.88591480255127 0.1510402696417986 -0.9665851855072689 -0.20712294924612173 -1.0660483837127686 -0.23824445150609258 0.16775635141594214 -0.9566072275945714 2.897261381149292
0.9539165332657304 0.20135761918535447 -0.22248226167111912 14.927803039550781 0.14768970307288523 -0.9604577007584476 -0.23602702527473246 -1.0099451541900635 -0.261210641376904 0.19229174254190418 -0.945934927244821 3.179727792739868
0.9488175478387854 0.2083034747626399 -0.2373919192285298 14.982149124145508 0.14429744051207596 -0.9545368270115712 -0.26084036217645845 -0.9296872019767761 -0.28093328313828975 0.21323486647472162 -0.9357389497849545 3.4646105766296387
0.9441765269255646 0.2147760119343649 -0.24980382443098867 15.03625202178955 0.14025268870015872 -0.9481769997576832 -0.2851132414373195 -0.8355979919433594 -0.298093725722557 0.23416157205674973 -0.9253693796840032 3.723384141921997
0.9401608296991764 0.2213626009840009 -0.2590293674179706 15.085491180419922 0.137734518110524 -0.9422396512924966 -0.305309092647199 -0.7245821356773376 -0.3116517556828739 0.2513623647601054 -0.91634608350884 3.984919548034668
0.9361547290253501 0.23064040590578513 -0.26536640044867754 15.13569450378418 0.1388301367853186 -0.9359239177930322 -0.32368597934280585 -0.5884047746658325 -0.3230178268201973 0.266179306608452 -0.9081894407500016 4.249794006347656
0.9341913226684703 0.2336145923054763 -0.2696493925690927 15.194320678710938 0.13529208318611433 -0.9313181287795503 -0.3381458194828363 -0.4886424243450165 -0.33012516547227366 0.2794114623069417 -0.9016355194053752 4.514232635498047
0.9322810487583285 0.23895699520032954 -0.27157245915390726 15.260947227478027 0.13531526633667257 -0.926618842971635 -0.3508094903877941 -0.37107107043266296 -0.33547253959498136 0.29030513997299134 -0.8962037161733684 4.776432037353516
0.9307358695504848 0.24429083997414885 -0.27212630640352975 15.33896255493164 0.1363007614707597 -0.9222603716084825 -0.36174287744622563 -0.26115158200263977 -0.33934177985416714 0.29959604881458085 -0.8916778364297822 5.0472869873046875
0.9297861434496892 0.24937642394953924 -0.27075658187215523 15.427448272705078 0.1382018256650146 -0.9182355673013884 -0.37113838163891655 -0.17030006647109985 -0.34117148595949565 0.3076602706246564 -0.8882269839671346 5.312069416046143
0.9291579667066907 0.25428493210282843 -0.2683368148632394 15.532108306884766 0.14052173116635602 -0.9143111997543458 -0.37985348895828125 -0.10976791381835938 -0.34193437378464725 0.31523674168667054 -0.8852720941695116 5.568480491638184
0.9291424862266718 0.25826410401475564 -0.26456358945624864 15.644611358642578 0.14364554442043143 -0.9115253868157079 -0.38534066325607536 -0.07538747787475586 -0.34067608935274113 0.32003300106071825 -0.8840354519901302 5.821622848510742
0.929444023538705 0.26220140227456423 -0.25958472943036387 15.759204864501953 0.14743987562468197 -0.9088781124771218 -0.3901308238729699 -0.06247451901435852 -0.33822372800257733 0.3243316224256834 -0.8834102719069789 6.052730560302734
0.9299314428717932 0.2653974187173644 -0.2545421805841712 15.880919456481934 0.1520196488160619 -0.9077254756357306 -0.39105560634739417 -0.061671674251556396 -0.33483957043967494 0.3249594913524559 -0.8844680836795228 6.276547431945801
0.9305668433126381 0.26839710790594695 -0.24901474372991522 16.002328872680664 0.1571000423796728 -0.9070633735267494 -0.3905836825708126 -0.07140851020812988 -0.33070368430281644 0.32434399774621353 -0.8862482972139055 6.48546028137207
0.9314094357045513 0.2710647928221936 -0.2428998583218814 16.11838722229004 0.16196785621072135 -0.9063150404182228 -0.3903325006532482 -0.08975720405578613 -0.32594919333391803 0.3242174048443053 -0.8880541637540986 6.6798200607299805
0.9322253902229042 0.27347665108615415 -0.23699439473214426 16.242033004760742 0.1664359848900669 -0.9055391065060342 -0.3902537501702275 -0.11196404695510864 -0.3213329811230508 0.3243600590377225 -0.8896829026926493 6.874372482299805
0.9333722466789369 0.2754313468191538 -0.23011697529495823 16.339553833007812 0.17101421317480622 -0.9049885105849198 -0.38955093967476206 -0.13175606727600098 -0.31554775870177776 0.3242427622918902 -0.8917938344032263 7.061124801635742
0.9343520989149634 0.2767628720473322 -0.22447375772974978 16.440614700317383 0.17464815334984363 -0.9047346823345803 -0.38852693228711366 -0.1550019383430481 -0.3106190235395957 0.3238170274044555 -0.8936768739193435 7.2326836585998535
0.935121791190694 0.2776715394797845 -0.22010395680958256 16.553346633911133 0.1773071027891696 -0.9045268149779481 -0.3878059209016278 -0.17897647619247437 -0.3067725980931461 0.32361977249354723 -0.8950758715943615 7.401442050933838
0.9356793239272466 0.27867521179387833 -0.2164355079618128 16.646377563476562 0.17964750395782764 -0.9041758837980255 -0.3875470880806383 -0.1968633532524109 -0.30369553354761936 0.32373769859208046 -0.8960819858771462 7.557352066040039
0.9363410532325264 0.2790746490255798 -0.21303232689583176 16.72884178161621 0.18159132936435693 -0.9042603789683484 -0.3864424357232323 -0.20951437950134277 -0.30048297976938515 0.3231570938402379 -0.8973736521481132 7.707973957061768
0.9367625307956127 0.2794393753277118 -0.21068838699334366 16.804298400878906 0.18356955043156742 -0.904901717721657 -0.38399882997054435 -0.2220982313156128 -0.297956676467823 0.3210397433042411 -0.8989745837160226 7.845462799072266
0.9366616024019229 0.28027177250640234 -0.21003041713518916 16.878482818603516 0.18600321263558062 -0.9061964966647954 -0.3797508582237762 -0.21996748447418213 -0.29676227434615926 0.3166317150390514 -0.9009309127543154 7.975501537322998
0.9371393508832808 0.2787297542915104 -0.20995133030932978 16.942642211914062 0.18597352707950862 -0.9080243163797914 -0.37537406421943914 -0.23252010345458984 -0.2952688338644469 0.31273241746836317 -0.9027816739459897 8.102235794067383
0.9376492037090571 0.27822343021691254 -0.20834033133818788 16.949689865112305 0.1873508436496497 -0.9094221855502387 -0.37128284341293205 -0.22719573974609375 -0.2927689057388705 0.3091003256345132 -0.9048443824907697 8.196069717407227
0.937227157553641 0.2784283902699446 -0.20995924994057794 17.013002395629883 0.1884523829503914 -0.9109923837087499 -0.3668495279879325 -0.21710002422332764 -0.29341260113403733 0.3042540193922461 -0.9062772959637801 8.319150924682617
0.9365507361511685 0.2781904914661279 -0.21326689633541132 17.082372665405273 0.18826845592534225 -0.9124116818705639 -0.3634004833370708 -0.21086633205413818 -0.29568176663127593 0.3001915609139661 -0.9068943266102423 8.419546127319336
0.93662056982829 0.27668832689629813 -0.21490806856387842 17.135305404663086 0.18807536794599874 -0.9146294808572387 -0.35788345689455314 -0.21171188354492188 -0.2955834300946293 0.2947820932589792 -0.908699044429644 8.516456604003906
0.9367952085689283 0.27579717589327385 -0.21529202254517726 17.154863357543945 0.18829020674641705 -0.9160308219589658 -0.3541670951183545 -0.21304798126220703 -0.29489241300123353 0.2912446583037646 -0.9100631921816386 8.629144668579102
0.9369334065105904 0.27549104077874076 -0.21508249165170862 17.158456802368164 0.1904313748890158 -0.918403966584317 -0.3467997197520094 -0.19249355792999268 -0.2930728292120241 0.283969788204378 -0.9129454946297838 8.683672904968262
0.9363211110203074 0.2758676138921843 -0.21725523391423643 17.207788467407227 0.1917269006328379 -0.9199789515523229 -0.3418764751696356 -0.1767263412475586 -0.2941828897665919 0.27845248841790105 -0.9142869566292935 8.763349533081055
0.9377649594493818 0.27295421752452576 -0.21469251492419011 17.203371047973633 0.19258104857175598 -0.9232096963832221 -0.332560364798636 -0.1892632246017456 -0.28897996567219447 0.2705177473652565 -0.9183195129150445 8.842437744140625
0.9387177496715285 0.2724936619857742 -0.21108337364464438 17.198453903198242 0.19565613148729266 -0.9254161564190838 -0.3245360005453285 -0.17973554134368896 -0.28377396755701384 0.2633479478107108 -0.9220196276223399 8.894876480102539
0.9390662173932873 0.27262498930051726 -0.2093567638256672 17.22348976135254 0.1985964515284369 -0.9274325289350882 -0.3169043289596718 -0.17518913745880127 -0.2805603122164227 0.2560166390724624 -0.9250629123076246 8.932550430297852
0.9398955405774727 0.2731135896101099 -0.2049520431048709 17.235374450683594 0.20311650928213398 -0.9296616962403399 -0.3073643020921178 -0.1595526933670044 -0.2744814319031821 0.24726119330338586 -0.9292587615011032 8.963371276855469
0.9419285549714054 0.2718937920292917 -0.19708973384073644 17.202913284301758 0.2072310845896076 -0.9324501924330069 -0.29595931512872387 -0.17996013164520264 -0.2642458607231057 0.2379294107242328 -0.9346463077566423 8.962764739990234
0.942961085798194 0.27417389109801477 -0.18882020048306597 17.214157104492188 0.21459809648575334 -0.9342401313123259 -0.284856163756763 -0.1517423391342163 -0.2545035317141642 0.22808782187066107 -0.9397892837542443 9.005352020263672
0.9442431808386194 0.2764152203895954 -0.17888387679368475 17.21290397644043 0.22252610711258208 -0.9362048758504287 -0.2720341193438858 -0.14817702770233154 -0.24266632871720464 0.2170600294177979 -0.9455146728295964 9.001337051391602
0.9451856299423924 0.2796633444595247 -0.16856019315400814 17.248188018798828 0.2309949691061869 -0.9375204672670943 -0.2601858906684241 -0.14142179489135742 -0.23079308741388907 0.20698740836341387 -0.9507316990512953 9.039291381835938
0.9474199615332674 0.28191447561146593 -0.1513923542620783 17.20973777770996 0.24051981875338227 -0.9394307042063629 -0.24417241609399146 -0.14877355098724365 -0.21105836461780564 0.1949209594554914 -0.9578414202203872 9.03117561340332
0.9484381184725339 0.2865724679041185 -0.13543026274663744 17.24358367919922 0.25154363040091565 -0.9404882281761182 -0.22849003187638986 -0.1362828016281128 -0.1928495201783189 0.18264203596513337 -0.9640803645264764 9.048709869384766
0.9493270830364406 0.29220091932230874 -0.11574416685397318 17.24742317199707 0.2639954544818697 -0.94120096658614 -0.2108249048623679 -0.1275475025177002 -0.17054175273648922 0.16958585803218687 -0.970647282656812 9.051111221313477
0.9503931260115358 0.29720269500782814 -0.09177943184671111 17.237110137939453 0.27612830666599697 -0.9419644064916478 -0.19093510719772613 -0.13579392433166504 -0.14319938647840064 0.156120514292395 -0.9773025737862803 9.054771423339844
0.9501199689818519 0.3046910287740258 -0.06659896040142319 17.232574462890625 0.2900794114738668 -0.9417517909319747 -0.17016903159915236 -0.12602591514587402 -0.11456866753567341 0.14236200778664226 -0.9831617766970276 9.05455493927002
0.94879995036213 0.31323983487425905 -0.040736470646913756 17.2587833404541 0.3041917115207831 -0.9408225596321431 -0.1493998458141087 -0.11058545112609863 -0.08512377361746022 0.12935886956513537 -0.9879373593654377 9.074352264404297
0.9471922882294816 0.3204745892369776 -0.011081821690928088 17.24022102355957 0.3166011256925514 -0.940111593005132 -0.12630882751242095 -0.1252732276916504 -0.05089691865730457 0.11613023013300092 -0.9919290666778791 9.077795028686523
0.9437556698809509 0.3301391419413722 0.018258765724229666 17.24306297302246 0.33021503885258113 -0.9382831233168633 -0.10287277878205027 -0.11165094375610352 -0.016830439184589582 0.1031160872849954 -0.994526927166825 9.086692810058594
0.9394398931176554 0.33914783531471593 0.04930956317420403 17.228055953979492 0.34214067875911025 -0.9364275561498213 -0.07773794454144464 -0.11214542388916016 0.019810178124988722 0.08990093372493835 -0.9957536738360752 9.090970039367676
