1.0 0.0 0.0 0.0 0.0 -1.0 0.0 0.0 0.0 0.0 -1.0 0.0
0.9999112670731785 0.003210948674389699 0.01292856483608774 0.00024329719599336386 0.002971447994622673 -0.9998244132143677 0.01850170903890546 0.06779248267412186 0.012985702789057751 -0.018461650770055696 -0.999745237034875 -0.12216655164957047
0.999617028688357 0.007832961981678514 0.02654130107689722 -0.09477129578590393 0.006782486617247473 -0.9991989078545753 0.039440339977127085 0.10886768996715546 0.026828973732660473 -0.03924521943903599 -0.9988693702980558 -0.2001343071460724
0.9990959874300144 0.012831390007229536 0.040528549588247705 -0.20666858553886414 0.010268366465519077 -0.9979716193715121 0.06282680621464005 0.12959565222263336 0.041252497516810864 -0.06235384799260187 -0.9972011978979675 -0.2400631159543991
0.9983727422977943 0.01783079723848335 0.05416576507926742 -0.3091699779033661 0.013089105979386447 -0.9961513757237498 0.08666667149684089 0.13933207094669342 0.055502637247636086 -0.08581666104854603 -0.9947637699197919 -0.2730424106121063
0.9971920032593045 0.02538798814248857 0.07045252794451007 -0.41051626205444336 0.017343772163953393 -0.993497268246121 0.11252720362036944 0.16057562828063965 0.07285123336512558 -0.11098931500631973 -0.9911478546370405 -0.2874806523323059
0.9958568066040727 0.03179515185529634 0.08519559295431055 -0.5008550882339478 0.019662513151194532 -0.9900076244316673 0.1396362744552619 0.16390928626060486 0.08878404314355719 -0.13738257489821903 -0.9865310039717037 -0.3099699914455414
0.9941063541925336 0.040223488359191185 0.10067088724277434 -0.5863617658615112 0.023062922287007424 -0.985830620259596 0.16615080431392498 0.17805610597133636 0.10592760815581947 -0.16284980547362882 -0.9809481549437712 -0.3256438374519348
0.9924102192142132 0.04562298667918969 0.11419500814688749 -0.6526198387145996 0.02310889935926195 -0.9812769950002254 0.1912104543526089 0.17089253664016724 0.12078052645025489 -0.18712028796952537 -0.9748836147256763 -0.3470959961414337
0.9902522677109151 0.053762447494714725 0.12849142202017963 -0.7153015732765198 0.024670567864356528 -0.9756187496715014 0.21808121966521188 0.17579537630081177 0.1370832206166752 -0.21278546597170178 -0.9674350293929643 -0.3621875047683716
0.9878849852039023 0.06178242454489538 0.14235936227041676 -0.7693964838981628 0.025570936324248523 -0.9696013654259249 0.24335019905412736 0.1812046766281128 0.1530665973496069 -0.23676174560417584 -0.9594344649814684 -0.3686879277229309
0.9853771699372645 0.0699709487651977 0.15535732778123237 -0.8135607838630676 0.02653845080143696 -0.9636880378965903 0.2657086303530232 0.18640373647212982 0.1683078833432555 -0.25770027540520385 -0.9514531120662725 -0.37387096881866455
0.9827789419027522 0.0787548344974598 0.16716227862704036 -0.8474611043930054 0.027838668664277852 -0.9574081160996464 0.28739295007624366 0.19286371767520905 0.1826761064822302 -0.2777901640983774 -0.9431129650528027 -0.38655105233192444
0.9803328061584397 0.08542528651599902 0.17790477675762098 -0.8710016012191772 0.02725863801629683 -0.9514330272957198 0.3066466390234844 0.19166713953018188 0.19545985731862178 -0.2957663182219404 -0.9350495864832101 -0.3941802382469177
0.9777963615686125 0.09272798922954838 0.18792497257317345 -0.8871456980705261 0.027417568278148494 -0.9456711925543431 0.32396646820706565 0.1911218762397766 0.20775599209865478 -0.31162078811640825 -0.9272162272958839 -0.40022921562194824
0.9755534194171732 0.09952481620569356 0.19593452177368711 -0.8949368000030518 0.028198873177116446 -0.9408940868174541 0.3375250226923773 0.19838528335094452 0.21794574878854936 -0.3237485572958926 -0.9206989313743265 -0.39856237173080444
0.9737044555308865 0.10478749160975578 0.2022849843202296 -0.9037871956825256 0.02849743488241125 -0.9369857655553879 0.3482033477031871 0.19793181121349335 0.22602550626958653 -0.33328254792100837 -0.9153333894089399 -0.4054507315158844
0.9719439030983534 0.10918087843398824 0.2083376706558888 -0.9192068576812744 0.03003862346823396 -0.9361050412304062 0.3504354903304655 0.1988084316253662 0.2332867984479031 -0.33434546141289667 -0.9131212307807355 -0.40987133979797363
0.9707773351903779 0.11192947905139398 0.2122808451084372 -0.9460847973823547 0.031028130086304742 -0.9356863607542407 0.35146591504985564 0.19565682113170624 0.23796768819320008 -0.33460846674549133 -0.9118160743034833 -0.4104880690574646
0.9700995884278248 0.11484832818331184 0.21381452253217817 -0.9653427600860596 0.0334493433507641 -0.9358151605331836 0.3509004513329311 0.20207540690898895 0.240391201922133 -0.3332564280396559 -0.911675503240425 -0.42175158858299255
0.9701301143630515 0.11357165817200257 0.2143572710826354 -0.9993663430213928 0.031932108925943455 -0.9357342289664426 0.35125744570061246 0.19017936289310455 0.2404743263333413 -0.3339205462391298 -0.9114105371202853 -0.4250655770301819
0.9705807006269752 0.11233534317861837 0.21296449056918457 -1.0348538160324097 0.033810936198955956 -0.939316413395268 0.3413817454399113 0.1892113983631134 0.23839027699090495 -0.3241380048670509 -0.9154805457446965 -0.44171762466430664
0.9717191975216614 0.10955982168673095 0.2091851969902034 -1.076781988143921 0.03626402444347702 -0.9445824405212652 0.3262651277566349 0.1858886033296585 0.23333821311354339 -0.30945219102611327 -0.9218419711480469 -0.45302528142929077
0.9732105164318344 0.10630645806454764 0.20386325730806115 -1.123116135597229 0.03971121601431036 -0.9510819397799529 0.3063758527480044 0.18607378005981445 0.22646039395255618 -0.2900725440267876 -0.9298245045021564 -0.4738233685493469
0.9751737923444037 0.10055046963245656 0.19729591425401294 -1.1720521450042725 0.04146257961428565 -0.958116739579639 0.28336049094574184 0.1765778511762619 0.21752454853731662 -0.2681453270038007 -0.9384994162969214 -0.49517661333084106
0.9776135928343167 0.09497304607353446 0.18775458349955876 -1.215485692024231 0.04451218582816199 -0.965489428007985 0.2566102681453197 0.1723015010356903 0.20564612424837397 -0.24250831928890193 -0.9481030464339274 -0.5242900252342224
0.9798371590569915 0.08953538167835727 0.178612869521866 -1.2711880207061768 0.04780797825910642 -0.9730660651526079 0.22551458946861422 0.17416401207447052 0.19399365697336873 -0.21242845448793266 -0.9577267944345963 -0.5539056658744812
0.9823465938677503 0.08270682964888422 0.16779377177315058 -1.3325906991958618 0.04933646492429229 -0.9797436192764422 0.19408336795272368 0.1705194115638733 0.18044689730001945 -0.18237878389913859 -0.9665282698598463 -0.5863866806030273
0.9848110391982766 0.07552554219108709 0.15634292292890375 -1.392228603363037 0.05020139268007925 -0.9858374181336244 0.16001376559724548 0.17240184545516968 0.16621382988846414 -0.14973469031714745 -0.9746550596336311 -0.6196538209915161
0.9872623769672916 0.06750097471430552 0.14407157053878458 -1.4539211988449097 0.04944482921889551 -0.9908706200030409 0.12542178151462918 0.16664673388004303 0.1512223789272195 -0.11670061194101687 -0.981586857738114 -0.6653276681900024
0.9897390809839112 0.05868131099239742 0.13028067897173556 -1.507851481437683 0.04713102387749719 -0.9948226021333532 0.09003697503183375 0.16503991186618805 0.13488965179501977 -0.08297285113118508 -0.9873805182470335 -0.7258885502815247
0.9917870108548014 0.052746300992786606 0.11651760738736723 -1.561455488204956 0.04671300411252469 -0.9974520526100167 0.05391936563840728 0.18024830520153046 0.11906477374304102 -0.048033639000635425 -0.9917239279042708 -0.7851897478103638
0.9936517321481271 0.04617279823526597 0.1025880495094448 -1.6140650510787964 0.044526778919657624 -0.9988409567811769 0.018278649170634178 0.19465135037899017 0.1033131219064975 -0.013594696009422636 -0.9945559728252327 -0.8503345251083374
0.9951969189465701 0.03996542626831279 0.08936362359733352 -1.6651124954223633 0.041575451587886905 -0.9990035769112708 -0.01622760437494683 0.21933016180992126 0.08862603649333034 0.019864994882420058 -0.9958668624037073 -0.9277380704879761
0.9964791425220803 0.033768020587727224 0.07674007625775835 -1.7127834558486938 0.037551204626850354 -0.9981217993035056 -0.0484022807954842 0.24292048811912537 0.07496149377868712 0.05111354556983223 -0.9958755845534866 -1.0117239952087402
0.997622369948205 0.026904990489834402 0.06344862855624524 -1.7502065896987915 0.03194322456490812 -0.9963006956040119 -0.07977815705666316 0.26990073919296265 0.06106748220880167 0.08161522790327602 -0.994791293282653 -1.0965691804885864
0.9984129273899771 0.02260763386130348 0.0515802414861497 -1.7915655374526978 0.028065491741439765 -0.993790351261622 -0.10767110063807012 0.30855289101600647 0.04882575748401094 0.10894784362480742 -0.9928476281764573 -1.1900421380996704
0.999032418868644 0.01652019001073134 0.04075916303699445 -1.832818627357483 0.021792260021900555 -0.9909433723375579 -0.1325003027294901 0.34498152136802673 0.03820109229596501 0.13326033221584727 -0.9903445665045666 -1.2905126810073853
0.9994385147927555 0.010962107529833166 0.03166208059107707 -1.8696775436401367 0.015670474181284786 -0.9881757198654965 -0.15252272914959888 0.3809393346309662 0.029615728722845423 0.15293324970984104 -0.9877926552396522 -1.3920326232910156
0.9996794621378129 0.005773482413339972 0.024650352546688414 -1.9112868309020996 0.009860686434523872 -0.9855561116002285 -0.16906187550857849 0.425137996673584 0.023318229840473974 0.16925075417338897 -0.9852971340508638 -1.4977177381515503
0.9998255305727237 0.0007959598358927243 0.01866212375136765 -1.9468318223953247 0.0041367110528711 -0.9837185834178688 -0.17966812811405053 0.4700932204723358 0.01821526932649553 0.179713981332231 -0.9835502472558695 -1.611016035079956
0.9998395666675775 -0.004943352131642893 0.017216393225456685 -1.9948108196258545 -0.0016410275364703553 -0.9824013501869331 -0.1867749827453219 0.5149571299552917 0.017836702459129467 0.1867167652370652 -0.9822518524415167 -1.7249813079833984
0.9998177046255055 -0.01056475414858322 0.015904197155637272 -2.0385005474090576 -0.007402119024237036 -0.9822975636310698 -0.18718094218807424 0.5541596412658691 0.017600174753007857 0.18702909520778888 -0.9821966968965123 -1.8419774770736694
0.9997081970251652 -0.016338624818430045 0.01779241804073655 -2.0878114700317383 -0.012802163282858223 -0.98296775263381 -0.18333167183363755 0.5904501080513 0.020484760578849404 0.18305039366546064 -0.9828900894621674 -1.9697890281677246
0.9995360690829066 -0.02176766331689834 0.02130294430385387 -2.1182446479797363 -0.017680787805610713 -0.9842135247581897 -0.1760997655467873 0.6187803149223328 0.024799926307630615 0.17564141458318605 -0.984141787111163 -2.1031908988952637
0.9992650092385391 -0.026357489234964858 0.027833865572921473 -2.1311423778533936 -0.021416204702939 -0.9860763772753438 -0.1649082301028538 0.6400271058082581 0.031792884229408395 0.1641909283144555 -0.9859160976328629 -2.248567819595337
0.9988462636889622 -0.031964143814200374 0.03583901539977379 -2.1212360858917236 -0.0262718633637007 -0.9884339043344376 -0.1493593182817166 0.6541336178779602 0.040198640648648164 0.14824543929715073 -0.9881332698667705 -2.4052300453186035
0.9982423512165717 -0.03696545026655524 0.04632238901656302 -2.104626178741455 -0.030625127014780654 -0.9909353526126321 -0.13080224974291296 0.6690309047698975 0.05073765695161257 0.12915371628052233 -0.9903257079052281 -2.5601160526275635
0.9974998184373348 -0.040986372890501555 0.057569344748440644 -2.0772476196289062 -0.03453016698543733 -0.9934441562754096 -0.10897878660637329 0.6842780709266663 0.061658574305946005 0.10671844076597255 -0.9923756318123887 -2.7214560508728027
0.9965192913795272 -0.04358193366526755 0.0710627677932836 -2.0522310733795166 -0.03743537950451503 -0.9956223055917411 -0.08564354598882117 0.7060545682907104 0.07448418805222262 0.08268518407902718 -0.9937883406762323 -2.8873729705810547
0.9952196991899109 -0.04586942586295486 0.08621917487047628 -2.0289347171783447 -0.04080131626843094 -0.9973849872933778 -0.059652658889208024 0.7272739410400391 0.08872994384708216 0.055849645413302534 -0.9944887199823345 -3.050940990447998
0.9937884053493472 -0.045920936650219533 0.101369980617379 -2.0009119510650635 -0.04284201426127295 -0.9985581368410318 -0.0323451567101483 0.751794695854187 0.10270913886912962 0.02780134755247831 -0.994322843882724 -3.225247859954834
0.9918692661179674 -0.045175144306097606 0.11897296023688722 -1.986905574798584 -0.04523778835532295 -0.998973878544866 -0.0021754286350184914 0.7741791605949402 0.11894915483232193 -0.0032243327914947555 -0.9928951114003562 -3.3980495929718018
0.9895165455643442 -0.04444784819803154 0.1374095878931736 -1.9745419025421143 -0.048565004628605433 -0.9984616195859013 0.02675508436396259 0.7913365960121155 0.13600899374611441 -0.0331478959281576 -0.9901529026446902 -3.5856833457946777
0.9866400357056098 -0.04178466017502421 0.1574658125336768 -1.9788308143615723 -0.05140916491491226 -0.9970180570162315 0.05755077537557771 0.8095930814743042 0.1545915188669309 -0.06487708499644997 -0.9858460458594835 -3.775959014892578
0.9836304564705187 -0.03610551089940605 0.1765432445218211 -1.9913687705993652 -0.0526580642773141 -0.9945494919553313 0.08999131245824994 0.8343055248260498 0.17233181183450982 -0.09781462126944511 -0.9801704170682513 -3.96366548538208
0.9797982490293723 -0.03263218231115672 0.1973082154310569 -2.0386617183685303 -0.057685893862912146 -0.9907787209917648 0.12259634447714998 0.8428881168365479 0.19148819506229034 -0.13150158442974982 -0.9726456726086085 -4.154338359832764
0.9756918694535948 -0.025023987024095983 0.21771351808182987 -2.1120738983154297 -0.059272705294821856 -0.9865650348052173 0.15223724415140183 0.8583059906959534 0.21097896172173797 -0.16144111054250776 -0.9640667225548338 -4.338127613067627
0.970827987648478 -0.014589758985676635 0.23933273351371434 -2.2252674102783203 -0.06003296871337177 -0.9811462344357269 0.18370658485762834 0.8701368570327759 0.23214017546703555 -0.19271534859822023 -0.9534000909108413 -4.509533405303955
0.9655354736418755 -0.004678306703851713 0.2602294421958128 -2.3569979667663574 -0.06219866971090885 -0.9750160536787105 0.21324872931623148 0.8630988001823425 0.2527302408208255 -0.2220851379880671 -0.941703571650585 -4.675631523132324
0.9599768848978525 0.008039894645449647 0.2799638200837838 -2.49430513381958 -0.06184879428091267 -0.9688260050887945 0.23989768341875345 0.8533477187156677 0.2731649814815445 -0.24761165553700654 -0.9295533125832052 -4.832685947418213
0.9531759970640031 0.022287779034139317 0.301593722624939 -2.6384196281433105 -0.061226383329491825 -0.962405657825011 0.2646255463306552 0.8264941573143005 0.29615342072215445 -0.2707002118435318 -0.9159773723746857 -4.989765167236328
0.9463868010828506 0.037673081601726596 0.3208313601548314 -2.7735838890075684 -0.06020733329226416 -0.9552030278872118 0.28976240703883127 0.7806358337402344 0.317375329466554 -0.29354371810299873 -0.9017233421666891 -5.156764507293701
0.9391077655522009 0.05348431559718831 0.3394348724934621 -2.893251895904541 -0.05900334823899497 -0.9480422420571135 0.3126251943972359 0.7079514265060425 0.33851914211184636 -0.31361654175190123 -0.8871580778888493 -5.352095127105713
0.931118913051256 0.06922223018084032 0.3580863759025723 -2.9788460731506348 -0.05824786091862706 -0.9409966843287372 0.33336530530444747 0.6220865249633789 0.36003438232570484 -0.3312605061445055 -0.8721477630609589 -5.553361892700195
0.9222439589721098 0.0864079068664172 0.37682854691545553 -3.050210952758789 -0.050776554517796196 -0.9391881268336227 0.33962833204261916 0.5290634036064148 0.383259470399298 -0.332354232778394 -0.8617730805168692 -5.7688117027282715
0.9146211635946588 0.10394029397307242 0.3907231019450263 -3.099378824234009 -0.04095896631095658 -0.9375985897553709 0.34529878014188997 0.4348204433917999 0.4022318860849921 -0.3318211864506705 -0.8532902261475745 -6.003686904907227
0.9057822230104462 0.12235205952648989 0.4056951293864403 -3.151362895965576 -0.03134896468055037 -0.9354349475440287 0.3521060938506433 0.34678512811660767 0.4225823078309265 -0.3316495627057673 -0.8434647358754019 -6.2459211349487305
0.897613301375223 0.14117334840137358 0.4175649014170342 -3.2054240703582764 -0.020579647705468822 -0.9328681809750408 0.359629580297057 0.2801077365875244 0.4403031220586471 -0.33140163340795853 -0.8344495898974038 -6.500865936279297
0.8894377726785031 0.15869142818809556 0.4286227702214686 -3.276761054992676 -0.01069261065757314 -0.930308646860705 0.3666217255612785 0.24212193489074707 0.4569311946125247 -0.3306703073997216 -0.8257548251110279 -6.767538070678711
0.8810732268917018 0.17747493039839018 0.4384205947885321 -3.373828649520874 -0.00023433074884618432 -0.9267689540665393 0.3756318022578931 0.25003600120544434 0.4729798240345394 -0.3310618595647939 -0.8165097251091115 -7.034319877624512
0.8726122771508223 0.19594223606621072 0.44738624687291173 -3.490363121032715 0.011077065799026314 -0.9237027992317229 0.3829496537467601 0.29473280906677246 0.4882879400302045 -0.32921084249588856 -0.8082048680898964 -7.308604717254639
0.8644195236227847 0.21388652452651585 0.45500707885232533 -3.612858295440674 0.02305468695077649 -0.9209089832736663 0.38909526588672855 0.35942280292510986 0.5022423404984487 -0.325851498618359 -0.800982791487314 -7.563736438751221
0.858416143053995 0.2270295323955528 0.4599775176729404 -3.730510711669922 0.031381287385525924 -0.9182863377502742 0.394671276764875 0.41083765029907227 0.5119931055652318 -0.3243575085017244 -0.7953962952718748 -7.80717134475708
0.8503279815639755 0.24428833884448806 0.4661175080105186 -3.8581626415252686 0.04255565485981441 -0.9147476129241179 0.4017783230701735 0.48745524883270264 0.524529636921297 -0.3218074146974071 -0.7882313415723732 -8.043105125427246
0.8451330002648177 0.2597205310597425 0.4672209944014002 -3.9655849933624268 0.05461802775198667 -0.9114159327140573 0.4078453979628166 0.5509819984436035 0.5317584817451162 -0.31916491558598725 -0.7844531048769702 -8.2838773727417
0.8412973043792161 0.2733965206131273 0.46634020645972674 -4.07139253616333 0.06537416677514514 -0.9078028873488907 0.41427060725988374 0.600391149520874 0.5366051285281573 -0.31803814274022724 -0.7816051917685979 -8.535280227661133
0.8373239536109589 0.28775798101680927 0.4648482989862846 -4.158568859100342 0.07724465126698371 -0.9040098211149463 0.42047533480379645 0.6363115310668945 0.5412225610226856 -0.3161670249865603 -0.7791768424120373 -8.76839828491211
0.8357874429274532 0.30176594933385076 0.4586901591133488 -4.2165937423706055 0.09097050581023486 -0.8999829363469716 0.42632743444084553 0.6649003028869629 0.5414644192533979 -0.3145918404964172 -0.7796462380949822 -9.012194633483887
0.835548671094006 0.3088047105433299 0.454420585998578 -4.278774261474609 0.09781847116055445 -0.897495294352325 0.430039234623128 0.6668875217437744 0.5406384789606198 -0.31486798402137384 -0.7801078051817348 -9.272123336791992
0.8377254292558094 0.3216960492891097 0.441279681211303 -4.282012462615967 0.11443816426491286 -0.8935424836605175 0.4341494402316686 0.6875827312469482 0.5339663020620752 -0.3131987895340164 -0.7853575660147294 -9.511249542236328
0.8376940903125153 0.3309134642292353 0.4344708163355668 -4.29693078994751 0.13475389389534237 -0.8961715823798396 0.4227503790830434 0.7001621723175049 0.5292541914198979 -0.29558885995013534 -0.7953095163128939 -9.747215270996094
0.8408456613187414 0.3413862176922822 0.4200405030603671 -4.257180213928223 0.1598733665158783 -0.898038110122275 0.40983906530111613 0.7225008010864258 0.51712578790883 -0.27745811060008785 -0.8096900124997846 -10.003864288330078
0.8446770940664542 0.3489945099023615 0.4058613541807848 -4.2002410888671875 0.18444793464103376 -0.901560312790649 0.3913667867965853 0.7300167083740234 0.502493349375001 -0.2557182716562064 -0.8258986616861995 -10.220144271850586
0.8493414317901117 0.3548926753590792 0.3907304969172459 -4.131731986999512 0.20815043652564366 -0.905441218920768 0.3699318786661373 0.7271904945373535 0.48506961151870426 -0.23286774799389656 -0.8428998065756951 -10.433175086975098
0.8552070753668448 0.3615128957208301 0.3713883203198887 -4.025390148162842 0.2326049740924525 -0.9080670751941617 0.3482945778730565 0.7378733158111572 0.46315848720490654 -0.21147721668269925 -0.8606750853569549 -10.62785530090332
0.8592900999736126 0.3704882501352842 0.3526456870557667 -3.9161605834960938 0.25897950395028235 -0.9096851204712291 0.3246576629727247 0.7510035037994385 0.44107838376076003 -0.1876471105691231 -0.8776322813536743 -10.800860404968262
0.8654431266947676 0.3771386994176454 0.3298099389926735 -3.794081687927246 0.28525073436028875 -0.912096645364665 0.2944685519057009 0.7577247619628906 0.4118740256482558 -0.1607672569775681 -0.896946863576772 -10.97818660736084
0.869770120079665 0.38605960999038635 0.30734006531963237 -3.685330867767334 0.3102057457688764 -0.9121436120468018 0.26789256483558616 0.7885606288909912 0.3837607764071001 -0.13766629411836545 -0.9131131682081555 -11.148323059082031
0.8735334262440105 0.3934597560043967 0.2865811815862302 -3.571420907974243 0.3336326181831882 -0.9126631566709121 0.23608311786257968 0.8065173625946045 0.3544412917799366 -0.11061366489022217 -0.9285127827988816 -11.300705909729004
0.8785369144033986 0.4003531464364166 0.2605575716977279 -3.4452385902404785 0.35688324810609406 -0.912694759330955 0.19905432301523726 0.8274414539337158 0.31750155472343683 -0.08188793823434234 -0.9447153689444928 -11.457825660705566
0.8828451617699339 0.407612419594194 0.233316385476858 -3.309579610824585 0.3769186934945202 -0.9112821839475923 0.16582243429069046 0.8438105583190918 0.2802083489723371 -0.058454226641647705 -0.9581578077508547 -11.596009254455566
0.8874338320647777 0.4115097801843719 0.20765571150207698 -3.1962666511535645 0.3927403291806414 -0.9108825289605311 0.12668090728104534 0.8521583080291748 0.24128039195489007 -0.030866150506294848 -0.9699644597669634 -11.751562118530273
0.8897226569057601 0.4186335476353098 0.18204270538208883 -3.1001105308532715 0.408292333003348 -0.9081175140237392 0.09284369409942274 0.8829667568206787 0.2041836540941473 -0.008278497304389856 -0.9788975951973438 -11.90613842010498
0.890696541986451 0.42678539944007293 0.15656913143450618 -3.0284054279327393 0.42345018604294676 -0.9042003155746283 0.055782876000939 0.8971829414367676 0.1653771750683028 0.01661361307842888 -0.9860904511386914 -12.0733003616333
0.8912169711369048 0.43406813719145954 0.13159469074661595 -2.9639267921447754 0.43561254515618764 -0.8999474527472057 0.01833828771625439 0.890162467956543 0.1263883731207489 0.040980904930857445 -0.9911339690329143 -12.219525337219238
0.8914059073583168 0.4390961379485224 0.11220557011747724 -2.9400739669799805 0.4441508547720905 -0.8956416469128236 -0.023580893123595775 0.882042407989502 0.09014170251286184 0.07085634730902564 -0.9934051799311826 -12.396513938903809
0.8900873151215798 0.4472692882681016 0.08771975394290053 -2.87473726272583 0.4528131813034694 -0.8897030222799058 -0.05821301387003175 0.8856382369995117 0.05200763691505807 0.09153532606675421 -0.9944428036766941 -12.531853675842285
0.887897607052324 0.4550600371606889 0.06751445748926424 -2.832475185394287 0.4597134736282106 -0.8831962948805042 -0.09288609623638205 0.8916077613830566 0.017359768300346145 0.1135106483492293 -0.993385107174401 -12.68274974822998
0.8858507046189458 0.4615846207669798 0.04699113743590906 -2.759246587753296 0.46368633717288954 -0.8772125105881449 -0.12447165133809886 0.8759145736694336 -0.01623298633358976 0.13205244844018316 -0.9911098027038406 -12.809420585632324
0.8816404686564107 0.4710942541911913 0.027933630185668523 -2.701368570327759 0.4694746815404904 -0.8695112484178681 -0.1534396046242808 0.8903226852416992 -0.04799591044828315 0.14839269706709185 -0.9877631295191144 -12.942453384399414
0.879796476305952 0.4751585857194855 0.01350846759219175 -2.6596670150756836 0.46916851962291645 -0.8634355667853475 -0.18536429592806528 0.8878564834594727 -0.07641374532420207 0.16942060213304824 -0.9825770194231107 -13.08302116394043
0.8760476612354652 0.48221704154360145 -0.0026870222940048247 -2.59005069732666 0.470969344840638 -0.8567841620910214 -0.21002089374718666 0.8881077766418457 -0.1035778521898002 0.18272280764842533 -0.9776932055102076 -13.189920425415039
0.8730745720945764 0.4872837857291392 -0.01718440360764796 -2.517566680908203 0.47050676254073054 -0.8512142774629655 -0.23250298975850217 0.879157543182373 -0.12792254674338227 0.19490707018648626 -0.9724438575187809 -13.30117130279541
0.8703428002244198 0.4916350345607032 -0.02825602395971001 -2.4696292877197266 0.46937606975552787 -0.8455586673372528 -0.2543946643145299 0.8802518844604492 -0.1489614555459543 0.20814786302853253 -0.9666876185605593 -13.425216674804688
0.8670145803817799 0.4966670287177069 -0.04009463792243245 -2.40535306930542 0.46879091756071983 -0.8403255079929626 -0.27219132283919 0.8749756813049316 -0.16888100253724453 0.21719784345405996 -0.9614074598113544 -13.514129638671875
0.8652489637515123 0.4987836242339347 -0.05058781397723551 -2.3347835540771484 0.46507576942782697 -0.8362411554829497 -0.2905258311538853 0.8483109474182129 -0.187213139010191 0.22785000783981146 -0.9555289710465867 -13.609278678894043
0.8628631668987201 0.5021026671464507 -0.05796608365184047 -2.27894926071167 0.4629797541695798 -0.8311754889301928 -0.30789130197316456 0.8402023315429688 -0.20277303183260614 0.23883094072183247 -0.9496540840302523 -13.700489044189453
0.8614262406561606 0.5037636022243211 -0.06455280770787754 -2.2346408367156982 0.46025213979174795 -0.8280483891572279 -0.3201621980047568 0.8531770706176758 -0.21473891060101696 0.24608555075033514 -0.9451608868260433 -13.809436798095703
0.8606204984754666 0.5042802138354183 -0.07094944353512748 -2.1745359897613525 0.4562838305914034 -0.8254604591789629 -0.3322951944775776 0.8528094291687012 -0.226135851966633 0.2536069720377585 -0.9405030995106634 -13.913651466369629
0.8602074907978946 0.5042612735616462 -0.0759186456753359 -2.124889612197876 0.4526351996109559 -0.8235957256207441 -0.34177691088250906 0.8633451461791992 -0.23487113242870167 0.2596356075834496 -0.936709614782742 -14.029899597167969
0.8600668096901232 0.5040855914614175 -0.07863077864580748 -2.0685713291168213 0.44878363123545556 -0.8208252668688996 -0.3533258179141713 0.8534054756164551 -0.2426485837679085 0.26859560262705795 -0.9321899307785058 -14.144798278808594
0.8605716298728795 0.5027170478146077 -0.08180488796215697 -2.002744197845459 0.4442015812523387 -0.8193704313121445 -0.3623769467064259 0.837775707244873 -0.2492015751773201 0.275513459068546 -0.9284346551056929 -14.25622844696045
0.8600513587248219 0.5030652198911605 -0.08507082279751291 -1.940335988998413 0.44128627210639115 -0.817146993747086 -0.37086010389437135 0.8336987495422363 -0.25608218681905925 0.2814181499938449 -0.924784157762237 -14.36756706237793
0.8606674108564267 0.5017106984221994 -0.0868215582583262 -1.8780730962753296 0.4375696389972044 -0.8160010800827671 -0.3777235077826292 0.8290743827819824 -0.26035441021336897 0.2871038355586123 -0.9218389060405199 -14.487680435180664
0.859318038696628 0.5038874834087638 -0.0875780362566055 -1.8165440559387207 0.4384556896984564 -0.813964772363616 -0.3810747400735159 0.8389320373535156 -0.26330422811195314 0.28906530994747465 -0.9203869458240589 -14.598288536071777
0.8588145877171585 0.5045976236606912 -0.0884236513620109 -1.765604019165039 0.438160856733448 -0.8129545094417148 -0.38356228855948754 0.8666753768920898 -0.2654290254490225 0.2906651058767877 -0.9192721189478217 -14.743648529052734
0.859440723365116 0.5034261331804902 -0.089015568596654 -1.687394380569458 0.43528972039515484 -0.8119049442325246 -0.3890157077151119 0.8262743949890137 -0.2681128537387834 0.29558837927381504 -0.9169203933266645 -14.831361770629883
0.8599123400406631 0.5029570808516558 -0.08709157402970767 -1.6345723867416382 0.4345397030608174 -0.8108308582529117 -0.39208234564777744 0.8339657783508301 -0.26781712773758093 0.299311700616644 -0.9157982812630546 -14.971248626708984
0.8608051238808838 0.5015462875199408 -0.08640520919123702 -1.5722756385803223 0.4321442351298268 -0.8099889530801987 -0.39644577930922786 0.8308672904968262 -0.2688231737489786 0.3039230451331536 -0.9139829779008566 -15.109612464904785
0.8607166750333881 0.5018972250358446 -0.08524072278428714 -1.4990108013153076 0.43255052420710655 -0.809290253784082 -0.39742839498235827 0.8289833068847656 -0.26845269476692957 0.3052023273689355 -0.9136655241613088 -15.231596946716309
0.8625877674279058 0.4988557072418326 -0.08417438349041972 -1.4326987266540527 0.4309127181678719 -0.8116512051534647 -0.39438122482454063 0.8271498680114746 -0.26505956463579544 0.30391660784692187 -0.9150836697646304 -15.356548309326172
0.8635616165060509 0.4972371851614687 -0.08376464761554105 -1.361392855644226 0.42921094254251796 -0.8120356705684615 -0.3954441003810689 0.8313465118408203 -0.2646493931586087 0.30553764320804866 -0.914662477247018 -15.497697830200195
0.8659576853204192 0.49333870401518914 -0.08206223464612514 -1.3016870021820068 0.42664182068671636 -0.8143373386383601 -0.393486284056404 0.8303914070129395 -0.26094835518858106 0.3057312905477732 -0.9156605997335299 -15.641911506652832
0.8668303323188314 0.4919731260327352 -0.08104084299661786 -1.23944890499115 0.42568691314794055 -0.8148504404253359 -0.39345827188307236 0.8309755325317383 -0.25960706258998756 0.3065635382758597 -0.9157635994366579 -15.771295547485352
0.868522007158777 0.48930799904398387 -0.0790392633598144 -1.1941485404968262 0.4244120127244219 -0.8165427858153026 -0.39132125215504215 0.8407316207885742 -0.25601555916798213 0.3063259065187886 -0.9168535719837426 -15.924066543579102
0.8707695735258615 0.4854339894294929 -0.07819329720734806 -1.1534672975540161 0.4213153558236039 -0.8186254282764901 -0.390314974253312 0.8326225280761719 -0.2534831765005712 0.3069303668353794 -0.9173549090431031 -16.081193923950195
0.8717409053901413 0.48415593188034106 -0.07523847084208363 -1.1267732381820679 0.4211664874005228 -0.8189127700184016 -0.3898726266250221 0.8373141288757324 -0.2503728894275133 0.30817999403898233 -0.91779001275556 -16.239761352539062
0.8742809423307946 0.4797345773259004 -0.07407812899309596 -1.110313057899475 0.4175147587202751 -0.8210155669450175 -0.38937753541351355 0.824429988861084 -0.24761716444529552 0.3094966464307671 -0.9180945298389379 -16.402067184448242
0.8752121663976101 0.47823772656726365 -0.07274847542991714 -1.09437894821167 0.4170327924335511 -0.82214803752776 -0.3875000057088102 0.8270969390869141 -0.24512713808282588 0.30880621962167215 -0.9189947795816334 -16.567649841308594
0.876821357986189 0.4756164907074556 -0.07052134390650826 -1.0934983491897583 0.4154332924962285 -0.82323827975836 -0.38690297779448457 0.820162296295166 -0.24207330638671892 0.30994788030832077 -0.9194198311040396 -16.73958969116211
0.8785937261537703 0.47250423785800993 -0.06937441581343204 -1.093517541885376 0.41308375921441126 -0.8247938570037724 -0.38610478023734807 0.8123579025268555 -0.2396557369155267 0.310571793076998 -0.9198425349528115 -16.904029846191406
0.8800904719519884 0.47002698364449974 -0.06719669504803794 -1.0975329875946045 0.4119897371910262 -0.8263190253846466 -0.3840069331882385 0.8046340942382812 -0.23601952806620674 0.3102764943295259 -0.9208817944980692 -17.068628311157227
0.881259056295981 0.4679421173370637 -0.0664277842353871 -1.103155255317688 0.410357910306961 -0.827279697337306 -0.3836856627787903 0.7999434471130371 -0.23449703866962063 0.31086729836957955 -0.9210714747833513 -17.228933334350586
0.8830241005286252 0.4648836881453854 -0.06443286724922798 -1.1134710311889648 0.40859286352336743 -0.8290208026368739 -0.3818067320950328 0.7863178253173828 -0.23091190909822606 0.310817736449607 -0.9219935059125717 -17.385852813720703
0.8835470097734429 0.4641203423551241 -0.06274543276262792 -1.1261420249938965 0.40822878918492544 -0.8288624401711172 -0.3825392933466974 0.78173828125 -0.22955160030158103 0.3123769567137487 -0.9218062159224355 -17.533855438232422
0.8843599995007582 0.46269776841472443 -0.06179131320058759 -1.1346068382263184 0.4077601845975519 -0.8301396007884024 -0.3802629025553796 0.7728672027587891 -0.22724221249580687 0.31109326303683554 -0.9228119844004544 -17.68088150024414
0.8852068767614155 0.4610510604877842 -0.06197342137876352 -1.144562840461731 0.4061828307760049 -0.8309610218887588 -0.3801569256036002 0.7616958618164062 -0.22676925126015554 0.3113449850642844 -0.9228434357778296 -17.822242736816406
0.8857736392747607 0.46004963240320185 -0.0613139110775429 -1.1561901569366455 0.4054346299940772 -0.8312940864016399 -0.380227435510943 0.7524204254150391 -0.22589338362933886 0.311936656453424 -0.9228584407118715 -17.963043212890625
0.8864086023819358 0.45890782263874125 -0.06069102029356081 -1.1682707071304321 0.4045708567516954 -0.8317334786084782 -0.38018658896525975 0.7413725852966309 -0.22494935316755849 0.31244684489175084 -0.9229164413026174 -18.100086212158203
0.886428605035996 0.458845662284761 -0.06086859926429439 -1.1787104606628418 0.40469578545555507 -0.8321217574543842 -0.37920271887941187 0.7318511009216309 -0.22464560847799708 0.311502871533291 -0.9233094343815968 -18.241979598999023
0.8864145244762298 0.45875774376545003 -0.06173024649888667 -1.190899133682251 0.40424788850998367 -0.83216661731463 -0.37958182999499057 0.7199058532714844 -0.2255059543178393 0.31151252553045095 -0.9230964256267278 -18.390600204467773
0.8865478198473571 0.4583706303288466 -0.06268435511220966 -1.2022353410720825 0.40352001860297493 -0.8324040064513698 -0.37983570741882944 0.7063469886779785 -0.22628424096819594 0.31144812617134754 -0.9229276824290209 -18.548616409301758
0.8859093029662799 0.459672209367128 -0.06217850796974231 -1.2207064628601074 0.40475336087499764 -0.8315275859376579 -0.3804426246953472 0.6898713111877441 -0.2265820464604246 0.31187070038757103 -0.9227118956974445 -18.705886840820312
0.8852442566494924 0.46084844186739443 -0.06293901570156793 -1.2332667112350464 0.4055671719091 -0.8310395123709814 -0.380642349125601 0.6731433868408203 -0.22772324242101857 0.31143545480018187 -0.9225779546220806 -18.876197814941406
0.885414353545974 0.4603628434210873 -0.06408958520708463 -1.244019627571106 0.4048038205438868 -0.8315170576206548 -0.3804119474450836 0.652287483215332 -0.2284191091126952 0.310878489579353 -0.922593775888946 -19.0559024810791
0.8835766379460424 0.4636565291686873 -0.06568826253764487 -1.2533245086669922 0.4071611600091591 -0.8299407935233032 -0.38133721169839396 0.635765552520752 -0.23132685675460235 0.31019494226237154 -0.9220992262977341 -19.235698699951172
0.88319520962435 0.46412139196809077 -0.06750966756104282 -1.2578039169311523 0.40756261475865163 -0.830724052164014 -0.3791968673489952 0.6106481552124023 -0.23207528250051007 0.3073904401145267 -0.9228500314669259 -19.42559814453125
0.8820500912987096 0.4662031159052713 -0.06813436108274802 -1.266852617263794 0.40899841484604027 -0.8294269134934572 -0.38048822823596473 0.5902061462402344 -0.23389727038459518 0.30774283077422526 -0.9222724201740516 -19.63112449645996
0.8813810378317265 0.46739315998403896 -0.06863745443126111 -1.2734061479568481 0.4104361879834868 -0.82957498956427 -0.37861256223615397 0.5643434524536133 -0.23390083741674106 0.3055306378901734 -0.9230067321348047 -19.830955505371094
0.8798609245593764 0.46994114254093905 -0.07071121538225918 -1.2694816589355469 0.4125369523628863 -0.8291496997342734 -0.3772585828920341 0.5344643592834473 -0.23591951247970383 0.30276409624967243 -0.9234045081400989 -20.043272018432617
0.8793419357131667 0.47071601039801547 -0.07200137256466882 -1.265620231628418 0.4133669739042509 -0.8296174768585838 -0.37531664894597905 0.5002765655517578 -0.23640115266525924 0.30026867909552657 -0.9240958907888099 -20.263219833374023
0.8775450488792111 0.4739573843279784 -0.07265731228557751 -1.261824369430542 0.4163290291215471 -0.828318291190699 -0.37491192030879794 0.4746055603027344 -0.2378756538578359 0.2987527511503474 -0.9242088329927418 -20.483314514160156
0.8762841054023643 0.47661439459272065 -0.07046194353119015 -1.2657164335250854 0.4203183654235528 -0.8277367188207948 -0.37173161824555295 0.44591808319091797 -0.23549657812132 0.2961260596144811 -0.9256623134331169 -20.718942642211914
0.875407635799041 0.47828200615964056 -0.07005564765700979 -1.253549337387085 0.4230666287582304 -0.8281876778825195 -0.36758644947101315 0.42981433868408203 -0.23382920864571044 0.29214977800345776 -0.9273469730347166 -20.96132469177246
0.8741481169689406 0.48039298307074324 -0.07132777450648288 -1.237985372543335 0.42516543230106146 -0.8279506751773168 -0.3656939084120443 0.41641998291015625 -0.23473266661439907 0.2893445373422794 -0.9279980139710836 -21.201539993286133
0.8730713603306887 0.48272175063148454 -0.06874671801326822 -1.2346566915512085 0.4298045216383754 -0.8284886324196338 -0.35899116859701746 0.4193754196166992 -0.23024871975654548 0.2838772576638006 -0.9308056884397259 -21.459308624267578
0.8721400783417694 0.4844275165026387 -0.06856868822646496 -1.223631739616394 0.433027445769288 -0.8295217687147061 -0.35267671661020106 0.44032859802246094 -0.22772552549184905 0.27789137533128194 -0.933229590484544 -21.71656036376953
0.8712579632306666 0.4868619493334702 -0.062249528499127765 -1.2528855800628662 0.4393692316718642 -0.8301520293811518 -0.3432233767889808 0.47336483001708984 -0.2187789746918701 0.2716855726857215 -0.9371887268993399 -21.976165771484375
0.870915110780744 0.48757407420078347 -0.06146862598930568 -1.2584995031356812 0.44272262887393365 -0.8327217303942649 -0.33252247083788816 0.5071334838867188 -0.21331559646851284 0.2623852928356121 -0.9410900139767995 -22.243486404418945
0.8710871408534717 0.4872090023550502 -0.061923994250378325 -1.261989951133728 0.44463218837991997 -0.8358757200032707 -0.3218912825248569 0.539703369140625 -0.2085890939052365 0.2528619558834634 -0.9447493959620097 -22.51737403869629
0.870127270126403 0.4894330645904501 -0.05773914675481438 -1.2892255783081055 0.450280992830306 -0.8371537740218752 -0.31051664389640266 0.5854120254516602 -0.2003136572431536 0.24419015935645672 -0.948812734313437 -22.801185607910156
0.8700844757328523 0.4902327150518881 -0.051233682100177064 -1.3276618719100952 0.455586727551677 -0.8395304074458225 -0.2960226826657127 0.641016960144043 -0.1881322374486672 0.2342233550837865 -0.9538058928135498 -23.09779930114746
0.8691892016021888 0.49256446256992625 -0.04347852379450312 -1.3746678829193115 0.4627263170312409 -0.8412242921801415 -0.2796891949516881 0.6930360794067383 -0.1743401484020619 0.2229841708714311 -0.9591056105538781 -23.38336753845215
0.8693329728698185 0.4926711038578844 -0.039183742863298905 -1.407211184501648 0.4665238503060303 -0.8441920358069719 -0.26399868139011023 0.7324180603027344 -0.16314312543579673 0.2112226079365889 -0.9637267924674016 -23.662321090698242
0.8687523978176837 0.4943479232516294 -0.02982284464678249 -1.4723193645477295 0.4728657123143691 -0.8458849542857911 -0.2467319643466351 0.7850561141967773 -0.14719812975527002 0.20024678496726492 -0.9686247651731936 -23.94129753112793
0.8695113931135015 0.4934239703128548 -0.021970952790386973 -1.5306278467178345 0.4764043967816137 -0.8495972425872831 -0.2263258184901416 0.8289718627929688 -0.13034104485144032 0.18632581922209485 -0.9738038309219421 -24.22844696044922
0.870109449713624 0.4926959549234479 -0.012658654001353575 -1.6097571849822998 0.4798443937179548 -0.8527176404925861 -0.20645092252204883 0.8553953170776367 -0.11251179198867386 0.1735607144339651 -0.9783750687076346 -24.50369644165039
0.8705138018223185 0.49206765973427274 -0.008668280134410365 -1.6781103610992432 0.48213106359569363 -0.8562052706751296 -0.1856398986861731 0.8763389587402344 -0.09876921763858337 0.1574228468544619 -0.9825796094644436 -24.7711181640625
