1.0 0.0 0.0 0.0 0.0 -1.0 0.0 0.0 0.0 0.0 -1.0 0.0
0.9998528065282519 -0.00421304856814954 -0.016631761762977225 -0.004445000551640987 -0.003900888546653651 -0.9998164632920179 0.018756940016639734 0.012898813933134079 -0.016707733123455276 -0.018689300468547446 -0.999685731468581 -0.15177284181118011
0.9993920815552223 -0.00886519083764153 -0.03371758763808265 -0.0021965298801660538 -0.007557338404390612 -0.9992215207378553 0.03872000943400096 0.03936845064163208 -0.03403459946820456 -0.03844165560612338 -0.9986810727921597 -0.3025539219379425
0.9985775455264396 -0.014559359971744878 -0.05129240302037783 -0.0031589828431606293 -0.011498112139264367 -0.9981632864987005 0.059479802482407675 0.06540042161941528 -0.05206418142662587 -0.058805429369459435 -0.9969108498201076 -0.4706804156303406
0.9973438679591398 -0.021611904619799425 -0.06955670077718551 0.0036518722772598267 -0.015931514117380228 -0.996569824944636 0.08120819458493886 0.08590740710496902 -0.071073172872962 -0.07988435133693125 -0.9942671142651998 -0.6366778016090393
0.9957222223779368 -0.03059221133738455 -0.08718585016062828 -0.009117141366004944 -0.021501294739065386 -0.9944111236588339 0.10336445940515122 0.09317277371883392 -0.089860726612278 -0.10104768057241155 -0.9908150261596004 -0.8134697675704956
0.9936822744478884 -0.03892862072379599 -0.10526205364049475 7.45132565498352e-05 -0.025529274164470667 -0.9917309845418585 0.12576927470678642 0.1271418184041977 -0.10928766448555317 -0.1222874351197974 -0.9864593197913001 -0.9920319318771362
0.9912768903967516 -0.048149047949993265 -0.1226857601633368 -0.0007710903882980347 -0.029609268624794197 -0.9884412421438676 0.1486849085838664 0.14247602224349976 -0.12842670196205822 -0.14375527820082706 -0.9812446189470551 -1.158795714378357
0.9884310262292463 -0.05737863593798909 -0.14039871269101764 0.0036818236112594604 -0.03281723294060838 -0.9846591505413457 0.17137498789881042 0.1667790710926056 -0.148078140214959 -0.1647848578999032 -0.9751506627169916 -1.3167407512664795
0.985129574764399 -0.06609182272471838 -0.15859253416677224 0.027146369218826294 -0.034851463817941734 -0.9807321777707226 0.1922232320892628 0.192020446062088 -0.1682411851903722 -0.1838376089216249 -0.9684516700133873 -1.4731165170669556
0.9815904136924587 -0.07412993071447019 -0.17602560359031733 0.04518389701843262 -0.035476869085682754 -0.9763353864319031 0.21333214704011128 0.227493017911911 -0.18767432298251407 -0.2031599531727013 -0.9609913537175663 -1.6185775995254517
0.9781955265468677 -0.08294303216551907 -0.1904047406418399 0.03085210919380188 -0.03675412973055987 -0.9714555022874584 0.23435729351392404 0.2483873814344406 -0.20440803749228117 -0.22224909559008793 -0.9533219255413895 -1.7617816925048828
0.973999019948115 -0.0934986135962136 -0.20635871291442304 0.030670583248138428 -0.03868963265470522 -0.966132302985468 0.25513033032754007 0.24486812949180603 -0.22322415072109758 -0.2405127489003061 -0.9446293432618229 -1.8680058717727661
0.9700017942654743 -0.10243992427667067 -0.22045993068118075 0.024402648210525513 -0.03896725665576592 -0.9606719281742125 0.274938173644121 0.2523602545261383 -0.239954312381513 -0.2580998030457039 -0.935845296850545 -1.9795624017715454
0.9659388036833202 -0.10895553033111668 -0.2347145499305509 0.036975324153900146 -0.036957609088920124 -0.9558249940375377 0.2916036966562178 0.27352896332740784 -0.25611786870358444 -0.2729968373139257 -0.9272951871692893 -2.082399845123291
0.9617229258812842 -0.1173780774655173 -0.24761139062014323 0.03913828730583191 -0.036531864583824306 -0.9504670518745065 0.30867103228358383 0.27242887020111084 -0.27157768079201805 -0.287810302511017 -0.9183739941135886 -2.1853301525115967
0.9580420627789067 -0.12144369910337459 -0.25962826097023134 0.03626561164855957 -0.03226482465881174 -0.9457394408624124 0.32332010622135465 0.29334357380867004 -0.2848058760560844 -0.30137740118552503 -0.9099765244326831 -2.267390727996826
0.9543244283659066 -0.12408917755355162 -0.271784402492433 0.055207252502441406 -0.026912681278536903 -0.9416757848484084 0.33544362241147724 0.32333895564079285 -0.297557713747242 -0.3128075962060655 -0.9020037775670883 -2.343374252319336
0.9511199533581239 -0.12656580417869762 -0.28169474886238083 0.04634672403335571 -0.02221905043795243 -0.9378413071080424 0.34635241659257177 0.32824021577835083 -0.3080213436138411 -0.3231637044819208 -0.8948117522606897 -2.405858039855957
0.9482119610638645 -0.12715025349095635 -0.29107883800201895 0.05082827806472778 -0.016376111698148156 -0.9347349045068293 0.3549682820510283 0.3297058939933777 -0.3172158568878136 -0.3318184312749884 -0.8884090436308806 -2.4672775268554688
0.9452841717281325 -0.1251542221464601 -0.3012876621423 0.07855337858200073 -0.008334883916176976 -0.9324552643753555 0.3611892989123422 0.3536528944969177 -0.3261416324089306 -0.33891532957008585 -0.8824783481718051 -2.5124521255493164
0.9432080451249875 -0.12300783806442635 -0.30858978496738265 0.07724994421005249 -0.0037758030581693663 -0.932829937795994 0.36029716965692044 0.33550915122032166 -0.33218116581583235 -0.3386700148023702 -0.8803171554337655 -2.5484516620635986
0.942123858928601 -0.11527249970656733 -0.3148251661619213 0.07661271095275879 0.0053673210220960485 -0.9337276077027461 0.357944054956571 0.3611961901187897 -0.33522205521493914 -0.33891740206886156 -0.8790683524461373 -2.572941303253174
0.9413969715309336 -0.10839779770236484 -0.31940829583100017 0.061302363872528076 0.01308590138904131 -0.9345041720688212 0.3557115567012172 0.3522152602672577 -0.33704673441115374 -0.339045527679166 -0.8783209145770885 -2.593198776245117
0.9404132024596659 -0.09936846113499204 -0.32519058653537153 0.08375608921051025 0.02303568785719317 -0.935533044565749 0.3524872758135902 0.35377633571624756 -0.3392526576528198 -0.3389746767196683 -0.877498605593362 -2.6008801460266113
0.9404553475293735 -0.0878554188086214 -0.32836742330713486 0.07651817798614502 0.034388160242743535 -0.9364748910989658 0.3490447432297177 0.3672809898853302 -0.3381733190813917 -0.3395529468685876 -0.8776916329408257 -2.6057653427124023
0.940448799720649 -0.07641279849888889 -0.3312357760411145 0.07652544975280762 0.04550227973486576 -0.9373421531471529 0.3454261577709339 0.36233100295066833 -0.336876234903742 -0.3399275984074084 -0.878045346322188 -2.6095330715179443
0.9408243281330327 -0.06417667272133094 -0.3327625854441073 0.0766901969909668 0.05680156264408964 -0.9381534840596414 0.341528363138328 0.34920382499694824 -0.33410053288526376 -0.34021962763070457 -0.8789922860302061 -2.611494541168213
0.9414628826391976 -0.050097909806794995 -0.3333734243242598 0.07342660427093506 0.06947004465427374 -0.9388406221386548 0.33727169925452827 0.36190757155418396 -0.3298811202667196 -0.3406882528871431 -0.8804032944260717 -2.6107492446899414
0.9425510231828313 -0.036860372396079415 -0.33202241135775734 0.04980266094207764 0.08019400201438412 -0.9398650817769112 0.33199781640456105 0.3441554605960846 -0.3242938339498832 -0.3395510874718295 -0.8829148137044611 -2.6101536750793457
0.9431255714281619 -0.02136127072131786 -0.3317496836946098 0.06755393743515015 0.09218412177937366 -0.9419934744489951 0.3227233827711842 0.35848522186279297 -0.31939981873831536 -0.3349507280312751 -0.8864489638897719 -2.620572328567505
0.9439502183423184 -0.007218280443868255 -0.33000891157501083 0.06776148080825806 0.10241081236016779 -0.9440223606156525 0.31358221915373585 0.3476061224937439 -0.31379931612930606 -0.3298024849589293 -0.8903708834590759 -2.6231555938720703
0.9448484261373268 0.007317183543579561 -0.32742619084429736 0.0747799277305603 0.11296031550397165 -0.9456829223456032 0.30483401631891893 0.35698139667510986 -0.30741083056239227 -0.32500810637408617 -0.8943535721648742 -2.641281843185425
0.9462712622119078 0.021067196486992498 -0.32268695595586294 0.053015291690826416 0.12216117881682974 -0.9472209495045019 0.29639352086351783 0.34990325570106506 -0.2994116642717266 -0.31988849002733516 -0.8989015570384036 -2.6607563495635986
0.9469349483943102 0.03550637086081514 -0.3194581367530945 0.07338804006576538 0.13247908182346507 -0.9486483764269337 0.28725520148772593 0.3672034740447998 -0.2928540530514751 -0.31433351003486193 -0.9030121527867091 -2.679259777069092
0.9482401105240068 0.04734829858368599 -0.3140045085896852 0.07544130086898804 0.1399706032322201 -0.9499022482142596 0.2794529460719706 0.36144116520881653 -0.2850419671280494 -0.30893989295447977 -0.9073627827484698 -2.7142932415008545
0.9494597377085415 0.05869430977209194 -0.30835237062621246 0.06677830219268799 0.14756334385932804 -0.9505023600053625 0.2734416266285911 0.36157673597335815 -0.2770401884555399 -0.3051233219939338 -0.9111248500375263 -2.739361524581909
0.9509149445102514 0.06848967416397028 -0.30177795287260273 0.05608922243118286 0.15356855613078896 -0.951087253802599 0.26804800730864475 0.36050519347190857 -0.2686586437749033 -0.3012344604907342 -0.9149209435453349 -2.7733356952667236
0.9518096187031536 0.07721914244219755 -0.296809120117036 0.07852965593338013 0.1592752483022702 -0.9514972149562638 0.2632193860807437 0.3701966404914856 -0.26208747589766224 -0.29780908980581 -0.9179432994508036 -2.8059122562408447
0.9535000729269816 0.08444757440936362 -0.2893202690870723 0.06807678937911987 0.16311505523467995 -0.9517979730391619 0.25975776653322596 0.3779755234718323 -0.25343853235849567 -0.29487154100543106 -0.9213141074688123 -2.853260040283203
0.954950259429139 0.09012349400471051 -0.2827503454367526 0.07021826505661011 0.1664538017312027 -0.9514507222517776 0.25891051546007154 0.3957533836364746 -0.24568910009491562 -0.2943115338462858 -0.9235895122507602 -2.899062395095825
0.9571429029375702 0.09200851043008075 -0.27461226732372856 0.052016258239746094 0.1659029172666826 -0.9513915056921602 0.25948106855647246 0.3877379894256592 -0.2373893118879734 -0.2939194394817094 -0.9258821078820525 -2.9612317085266113
0.9589258331027142 0.0932608379840518 -0.2678874067715363 0.0672675371170044 0.16560937996161554 -0.950805912072038 0.2618046043093771 0.4050739109516144 -0.23029281334204796 -0.295415865632455 -0.9271972209059043 -3.020199775695801
0.9609559148690552 0.0920881134630997 -0.2609281683471228 0.07853931188583374 0.16302810405763696 -0.9503674192851299 0.264997369135421 0.40220165252685547 -0.22357452217448542 -0.29718941387628456 -0.9282741434050186 -3.079397201538086
0.9630742451887531 0.09077760419020992 -0.25347075735003227 0.08441919088363647 0.1602821129450258 -0.9497500938751391 0.26885758954145667 0.4210318922996521 -0.21632762774086747 -0.2995566486687451 -0.929229880984441 -3.144496202468872
0.9651717727400445 0.08851492506521985 -0.24618805240412842 0.09883683919906616 0.1570333672190168 -0.948660622054805 0.27456064128430246 0.44301486015319824 -0.2092461963470227 -0.30365791971112577 -0.9295202510494401 -3.221039056777954
0.9678084111987927 0.08391343144875965 -0.23728762132771042 0.08711868524551392 0.15099912268579213 -0.9478504596725666 0.2806755618977634 0.43894845247268677 -0.20136073142743022 -0.3074703922672855 -0.9300085019600691 -3.29610538482666
0.9703173593194085 0.07914195672866568 -0.22851864888574866 0.09137725830078125 0.1449489501598108 -0.9467195169882454 0.28759686716150457 0.4534549415111542 -0.1935820860797268 -0.31218377094061345 -0.9300899252815933 -3.3719544410705566
0.9728182103265175 0.07456437079645573 -0.21923705039258376 0.09479224681854248 0.13876397493669965 -0.945643236426605 0.294114652236816 0.4539061486721039 -0.18538955989180902 -0.3165422941856978 -0.9302858093482758 -3.468621015548706
0.9753157132069142 0.07057538923203738 -0.2092328224883341 0.09100127220153809 0.13261527396724523 -0.9448443032400872 0.29947025185374726 0.4612453579902649 -0.1765572107909524 -0.3198255103482221 -0.9308808700624472 -3.556628465652466
0.9776797407821661 0.06778471805858877 -0.1988656744182711 0.10052776336669922 0.12736099068148235 -0.9439998883224289 0.30437376513075703 0.4901987314224243 -0.16709728458819292 -0.3229077931003826 -0.9315626949584729 -3.622884750366211
0.980175043405093 0.06442626886417291 -0.1873663261262968 0.09936535358428955 0.12107966645449417 -0.9433069211104611 0.3090497807091455 0.4947344660758972 -0.15683302795359447 -0.3256091344930971 -0.9324066134887522 -3.7144689559936523
0.9824844273368986 0.06201518867083705 -0.17572269749411118 0.1026468276977539 0.11550439300966334 -0.9426646004860711 0.31311688901415885 0.5088558793067932 -0.14622956348138244 -0.32792921090466515 -0.9333163169041286 -3.7849929332733154
0.9846657247402251 0.0604976459410742 -0.16362593118878105 0.10429596900939941 0.11039514271022885 -0.942341088215793 0.3159211704306362 0.5112853050231934 -0.13507895094275602 -0.3291402562675421 -0.9345696168377939 -3.859936237335205
0.9868576146173638 0.06064728026674306 -0.14977969110655062 0.09108543395996094 0.1060960914438652 -0.9423082162741943 0.3174883382464325 0.5214104056358337 -0.1218838293296596 -0.3292068239547796 -0.9363584779396965 -3.9234066009521484
0.9884618865281968 0.06374055513483555 -0.1374053874934363 0.10663089156150818 0.10470662360368814 -0.9430405415669553 0.31577058117345164 0.5384461879730225 -0.10945145889678207 -0.32651443856620926 -0.9388336911046383 -3.9980711936950684
0.9901977418725737 0.06732406666732715 -0.12237606807635683 0.10008111596107483 0.10291153230929734 -0.9440474182663031 0.3133427653265352 0.5432442426681519 -0.09443330190249773 -0.3228652073421678 -0.9417220446499545 -4.0400214195251465
0.9915628159230215 0.073216178556555 -0.10696996436562485 0.10233452916145325 0.10319846491674246 -0.9452412949989207 0.30962714846665446 0.5467344522476196 -0.07844271105486007 -0.3180539033345425 -0.9448219174299598 -4.087068557739258
0.9925275713165967 0.08178040109527 -0.09055929644754994 0.09879672527313232 0.10559771295570773 -0.947551971176784 0.3016527555609524 0.5645446181297302 -0.06114035651599053 -0.30896153144961025 -0.9491072799686081 -4.141673564910889
0.9931785433006394 0.09127240274083645 -0.07256534727495312 0.08496376872062683 0.10867408230194614 -0.9501243544699752 0.2923245711171789 0.5432642698287964 -0.04226493775045497 -0.29821646423517145 -0.9535620669343045 -4.175051689147949
0.9930469606215443 0.10402405318050671 -0.05510653645632646 0.0980391800403595 0.11538147930782607 -0.9529185326330015 0.2804164481575663 0.5383852124214172 -0.02334198434261814 -0.28482497524702155 -0.9582953016907066 -4.20714807510376
0.9919924826909906 0.12115809975315212 -0.03565990954517917 0.10691559314727783 0.12628075370585587 -0.9560266982574436 0.26470006320825146 0.5555908679962158 -0.0020212689197857438 -0.2670836331248633 -0.9636712340776691 -4.223090171813965
0.9902396688072588 0.1387315825143415 -0.013377082400776273 0.08892553299665451 0.1376933805885295 -0.9589108088898852 0.24805361020603728 0.5374615788459778 0.02158544098676414 -0.2474744605150454 -0.9686539424016167 -4.236234664916992
0.9873211242668477 0.15847842070340046 0.009032593636602484 0.08168473094701767 0.15226021551086588 -0.9615971593819269 0.2283587743906374 0.5338321924209595 0.04487565430200056 -0.22408813721383236 -0.9735351469828925 -4.242520332336426
0.9830851987450905 0.18040102867643432 0.031606342097916004 0.0924409031867981 0.1702084295195057 -0.9636337842207238 0.20600733100778548 0.5432108044624329 0.06762087346988077 -0.1971430920953919 -0.9780398860528331 -4.247983932495117
0.9775809045184568 0.20300586869224999 0.055894475553323594 0.09324142336845398 0.1898896308373292 -0.964683674600585 0.18255776088563216 0.5432721972465515 0.09098078490175258 -0.16785119968477366 -0.981605048654011 -4.256743431091309
0.9709614323952079 0.22502323943455937 0.08123077320463887 0.08927679061889648 0.21034910405625878 -0.96474466524738 0.15818023043177862 0.5336095690727234 0.11396118296935903 -0.13650008275125083 -0.9840632988711279 -4.271188735961914
0.9625008477880544 0.2495296565922421 0.10642870143074425 0.10084319114685059 0.23494851200038977 -0.9628946500734478 0.13278964405681482 0.5525376200675964 0.13561458150243097 -0.10280487994687111 -0.9854135385425907 -4.273313045501709
0.9530380619843328 0.2723469720812395 0.13245972673732617 0.11357522010803223 0.25945721045711967 -0.9598394288055772 0.10672500574838617 0.5632359385490417 0.15620630061222388 -0.06734536144652975 -0.9854258946976577 -4.302698135375977
0.9422655725378811 0.29422152407127944 0.15990398864016114 0.09561055898666382 0.28430742577592505 -0.9552009601942023 0.08222173248442939 0.5431562066078186 0.17693184693131458 -0.03201281645291039 -0.9837023437626987 -4.317897796630859
0.930318786007287 0.31549326384112175 0.18700523220702653 0.09530079364776611 0.3104606353530309 -0.9489113845236903 0.05640370748031772 0.5417415499687195 0.1952463835724491 0.00558433453593523 -0.9807383264202896 -4.334896087646484
0.9176506753613898 0.335663502613407 0.21271401228429868 0.10575848817825317 0.3364742187149315 -0.941096609214227 0.033500332321648785 0.5282137393951416 0.21142927457890467 0.04083117851328574 -0.9765400538187128 -4.374317169189453
0.9042029208967306 0.35389212888812527 0.23911804397169859 0.09827709197998047 0.3620687091539856 -0.932093844622397 0.010359279347769097 0.520370364189148 0.22654652434629677 0.07721027087162088 -0.9709352431437142 -4.393243789672852
0.8900249747822918 0.37206093341059343 0.26348853123697613 0.11417388916015625 0.3886677096860358 -0.9213007313681606 -0.011932050448439868 0.5310482978820801 0.23831272670839965 0.11302930686388671 -0.964588731055198 -4.426596641540527
0.8760123740772694 0.38719566429484104 0.28754449745175586 0.11905109882354736 0.4132007531478498 -0.9100263823894257 -0.033423359395258416 0.5150212049484253 0.2487316989479945 0.14809287932406365 -0.9571839118121201 -4.443253517150879
0.8611829459043823 0.4019180606903916 0.31116845305127655 0.10360705852508545 0.4375558575249766 -0.8977187041777686 -0.05143928182790376 0.5270477533340454 0.2586673640586152 0.18045221156933167 -0.9489616399574354 -4.477621078491211
0.8469683257767956 0.415026213661407 0.3322617900161379 0.11872410774230957 0.4610061942094076 -0.8846174433084942 -0.07018025288427825 0.5364185571670532 0.26479793056481765 0.21261519458453432 -0.9405726101691304 -4.527017116546631
0.833776218592664 0.42625565505369944 0.35088934700851165 0.13274431228637695 0.4823987577746107 -0.8715712052666715 -0.08749327201284705 0.5515623092651367 0.2685305491128162 0.2422183946044213 -0.9323205422538037 -4.569736957550049
0.821435175658433 0.43594599030583775 0.36768919718596826 0.13469207286834717 0.5014016028056473 -0.8592531541187578 -0.10139255318263922 0.5607929229736328 0.27173642541059406 0.2676473625374044 -0.9244047838646465 -4.6063690185546875
0.8102968719277465 0.44400086378327575 0.3824685768841859 0.11309218406677246 0.5177735371324348 -0.8481007197691227 -0.11240877800449181 0.5568536520004272 0.27446228081373325 0.2891165890895937 -0.9171052580395135 -4.647870063781738
0.8013143989956236 0.45049644828064994 0.3936345818761387 0.12269818782806396 0.531722408401271 -0.8378624243735163 -0.12352262232840601 0.5532162189483643 0.2741651224467379 0.3082847837786578 -0.9109302814838861 -4.683724880218506
0.7940326099967395 0.45618987095578745 0.4017499420026199 0.13927817344665527 0.538098119151592 -0.8349401500683084 -0.11543552299630544 0.5748597383499146 0.28277664052620305 0.3078404577719659 -0.9084446180871245 -4.729010581970215
0.7888859097991007 0.4603719842269689 0.4070831087866076 0.13354742527008057 0.5425463248623446 -0.8328558762201986 -0.1095197462736686 0.5601285696029663 0.28862173635886945 0.3072600292657816 -0.9068013937554257 -4.8046979904174805
0.7850587119995717 0.46416902290226436 0.41015842901436333 0.12508118152618408 0.5459995075649535 -0.8312629518688285 -0.10433811666476323 0.5646713972091675 0.29251898477261545 0.30585784774675745 -0.9060262802586466 -4.848289966583252
0.7828746144993053 0.4679453587874404 0.41004204560246954 0.14530420303344727 0.5494088469907147 -0.8292257598178352 -0.10263799541528111 0.5987203121185303 0.2919884532321399 0.3056334085858865 -0.9062731170763454 -4.911076545715332
0.782797859042179 0.46937888721111 0.40854739274586127 0.1415044069290161 0.5505888071248637 -0.828366929680452 -0.10324822168251002 0.5867036581039429 0.28996461395798034 0.30576410850889807 -0.9068786206543621 -4.988363265991211
0.7830084627271369 0.47232835094422365 0.40472666849615535 0.16030359268188477 0.5526199655831813 -0.8269055255324608 -0.10410775899388615 0.6189748048782349 0.28549767238373436 0.305177293942711 -0.9084921014105046 -5.0199198722839355
0.7853203487144053 0.47260797365767304 0.3998920518468367 0.12843239307403564 0.5519801536810555 -0.827015814354764 -0.1065962135789304 0.5970385074615479 0.2803388304129903 0.30444465185369035 -0.9103425696518658 -5.168358325958252
0.7880034733031024 0.473262850291766 0.39379283969615336 0.1374521255493164 0.5516765970001224 -0.826722182211647 -0.11037828482802702 0.6108541488647461 0.27331933408489667 0.304224765548313 -0.912547989775038 -5.224921703338623
0.791477688890789 0.4734798115669224 0.38649700649118457 0.14542710781097412 0.5509087368929703 -0.8265152420302836 -0.11563787574412508 0.6283688545227051 0.26469346724671394 0.30444937630117297 -0.9150125385297948 -5.315092086791992
0.7953420554089383 0.4732539351262401 0.37876341928097285 0.14039719104766846 0.5495067292905932 -0.8266878126053008 -0.12095294520687727 0.6351596117019653 0.2558776452960287 0.30433201175261143 -0.9175558060741418 -5.430150508880615
0.7991100731785787 0.4735283390983108 0.37039708829217544 0.14916682243347168 0.5483677315111287 -0.8266519765030211 -0.1262511020981094 0.6661603450775146 0.24640601044184185 0.30400233850160396 -0.9202535825541192 -5.486285209655762
0.8045314173344447 0.4712398983262204 0.3614722074341587 0.16530847549438477 0.5450389704467503 -0.8276046891304942 -0.13417525563070432 0.6471006870269775 0.23592736004155263 0.30496464836880993 -0.9226780825559433 -5.674378395080566
0.8079170587135087 0.47129774735205887 0.35376328184336564 0.1419283151626587 0.5419245995533987 -0.8300201469395261 -0.13184947505916267 0.6870914697647095 0.23149029059250442 0.2982364649323808 -0.9259952787925192 -5.768385887145996
0.8118464293610176 0.4703991681545832 0.3458756969392939 0.15179240703582764 0.5371402093819699 -0.8339361092805405 -0.12661343176427897 0.7147535085678101 0.22887938002113625 0.2885744067610818 -0.9296983603102836 -5.939457893371582
0.8158836460159578 0.4683805421366761 0.3390479964716803 0.15115177631378174 0.531302763714501 -0.838644017463569 -0.11997326886393558 0.7157846689224243 0.22814742916158456 0.27802136558242874 -0.9330878151849595 -6.057063102722168
0.8193720431513478 0.4667030933671442 0.33289289199910005 0.16406035423278809 0.5260920459445495 -0.8428518664562332 -0.11326027726048608 0.7402509450912476 0.22772047359836542 0.2679346074190171 -0.9361380411303417 -6.227867603302002
0.8215306694093688 0.4658130798569776 0.32879405994322847 0.15717709064483643 0.5220941387129062 -0.8463407067428171 -0.10547567696723899 0.755236029624939 0.22913984712708288 0.25831295504528173 -0.9384931260879598 -6.345586776733398
0.8237213427961265 0.46405577949295423 0.3257842582773648 0.1793574094772339 0.5177062825421721 -0.8498825031238157 -0.09838666525684152 0.7724595069885254 0.23122144026562652 0.2497037532821319 -0.9403109491855901 -6.494948387145996
0.8249439846117463 0.46266626121192145 0.32466498577622477 0.20062243938446045 0.5144026037084797 -0.852593592117662 -0.0920550269015131 0.7967870235443115 0.23421653133549522 0.2429487547119423 -0.9413386845514664 -6.6910295486450195
0.8244810851765855 0.4613432531772039 0.32770923535035484 0.15960729122161865 0.511702535677282 -0.8550841257368692 -0.08361610427575555 0.8037066459655762 0.24164323944087468 0.23662954308515322 -0.9410712003731873 -6.871841907501221
0.822366593965515 0.4626164735675602 0.33120867064959625 0.18256592750549316 0.5119199734879841 -0.8556739563931614 -0.07589480281637176 0.8441741466522217 0.24829644756544433 0.2319656843897158 -0.9405002899478508 -7.0018510818481445
0.8193970131233245 0.46253165512297423 0.33860449331598713 0.16359782218933105 0.5121175971131917 -0.8560659472680915 -0.06990465402958274 0.8759255409240723 0.25753466099068095 0.2306849842039726 -0.9383284800384287 -7.165489196777344
0.8157862358781386 0.4632623406855945 0.34623809879082135 0.17783308029174805 0.5124437547004966 -0.8565249944541341 -0.06137045008636571 0.8833849430084229 0.26813096729067987 0.22749271983483338 -0.936137194433548 -7.343478202819824
0.8110251016433989 0.4640903952117936 0.35617185399252904 0.17904901504516602 0.5143646183077292 -0.8557259803084425 -0.05623242888493285 0.9073173999786377 0.27868857877110487 0.22880811108288135 -0.9327269291519493 -7.530664443969727
0.8044952544477678 0.46594829977346847 0.3683470747939168 0.16660380363464355 0.5173767421312001 -0.8543379990107981 -0.049273625276929064 0.9397001266479492 0.2917339408994556 0.23021460723516118 -0.9283816792369578 -7.708901405334473
0.7970595923112679 0.4678168869898472 0.38189444425354446 0.1535494327545166 0.5207995911837365 -0.8526193400886911 -0.04252113274099838 0.9528405666351318 0.3057184850928186 0.23278234716973972 -0.9232272671009553 -7.857787132263184
0.7895745158172659 0.469569774029947 0.39506494566007117 0.15013527870178223 0.5241986049094004 -0.8508183095859393 -0.03638717747178746 0.9490253925323486 0.3190421705401479 0.23582288139786087 -0.9179322752939031 -8.05470085144043
0.7801573870079781 0.4730994186619948 0.40930598768960885 0.17207884788513184 0.5295994876158532 -0.84773172315458 -0.029585609244906386 1.029721736907959 0.33298473570707326 0.23984967296006282 -0.9119173757347985 -8.325414657592773
0.7713509406146848 0.4740243931128071 0.42463937776291516 0.16613030433654785 0.5329030958244582 -0.845841546664934 -0.0237984956705361 1.0220134258270264 0.3478965605945957 0.24464863103951162 -0.9050497392171015 -8.544690132141113
0.761272245958619 0.47720697676055507 0.4390194401893513 0.1888890266418457 0.5388113607377365 -0.8422157631194989 -0.01883947698290829 1.09615159034729 0.3607587629886058 0.250890632914208 -0.898280026073629 -8.743468284606934
0.7507824987111179 0.4804308477187022 0.45333413746306295 0.1833183765411377 0.5436996715616146 -0.8392068135630094 -0.011072091636744497 1.1282365322113037 0.37512172260865206 0.2547903542713287 -0.891271882534958 -8.93195915222168
0.7402524407652243 0.48152641771770016 0.4692106488359862 0.13026714324951172 0.547068987348669 -0.8370777907578931 -0.004036743884257454 1.101012945175171 0.3908220145058745 0.25967880402498056 -0.8830770474413464 -9.19642448425293
0.7301851569319313 0.4833553658614499 0.48290498743462457 0.1503467559814453 0.551807342525512 -0.8339715300875146 0.0003791285036697234 1.1423451900482178 0.4029122650543456 0.26619368380266645 -0.875672672505168 -9.456253051757812
0.7173272565693457 0.4881452315177967 0.49714770433859246 0.09366440773010254 0.5592127303182118 -0.828993776511605 0.007102165520307846 1.2559986114501953 0.41559924113591307 0.2729167482062316 -0.8676368591270137 -9.50335693359375
0.7082129808754708 0.4897196044036305 0.5085362158020127 0.12389183044433594 0.5640099789560715 -0.8257111158893887 0.00969003274873792 1.3341186046600342 0.4246494052244172 0.2799568933951289 -0.8609860745001029 -9.993284225463867
0.6985134885322016 0.492071706781557 0.5195616823089049 0.14995455741882324 0.5691897075633965 -0.8220975833549943 0.013365636751527743 1.3589379787445068 0.43370725511855246 0.286393084460788 -0.8543284017464051 -10.15015697479248
0.6892337678939447 0.49373374383669566 0.5302676714563279 0.06187629699707031 0.5725034760863773 -0.819680361381237 0.019075508772765343 1.3640260696411133 0.44406821893007703 0.29043260037902974 -0.8476156685511095 -10.383697509765625
0.681537449865503 0.4967720745209291 0.5373306341601974 0.1511859893798828 0.5781037542758861 -0.8156962442696668 0.020873101745708778 1.504063367843628 0.44866775427141337 0.2964070563608992 -0.8431133394843863 -10.672564506530762
0.6740744139849975 0.49921686501110163 0.5444320031916472 0.11331367492675781 0.5813882150532873 -0.8132156331831792 0.025847192180844025 1.522679328918457 0.45564397045054245 0.2991034196310173 -0.8384066534546926 -10.893360137939453
0.6669709808750827 0.501368385066784 0.5511619118970892 -0.006461620330810547 0.5851895734432744 -0.8103771837284724 0.029016947213447913 1.555673599243164 0.46119721790553814 0.30318074237628334 -0.8338936165053411 -10.94223403930664
0.6632875058891308 0.5013578809869607 0.5555987398326611 -0.10815954208374023 0.5843261228922559 -0.8108036412541813 0.03406519388855797 1.5930695533752441 0.4675603347559335 0.3020558400382708 -0.8307524317518993 -11.278589248657227
0.6621626698864894 0.5006928689779229 0.5575367696963609 -0.1475200653076172 0.584534448304646 -0.8106651186251387 0.03378674576921173 1.6764554977416992 0.46889239421639123 0.3035271262986994 -0.8294644092707498 -11.561338424682617
0.6612821030857483 0.5020869429174597 0.5573281635538343 -0.12520503997802734 0.5854357903936962 -0.8099608976226413 0.03504682080351401 1.7307453155517578 0.4690105707386542 0.3031040185713891 -0.8295523120703583 -11.781940460205078
0.6627097426777586 0.5018393304997673 0.5558534728896856 -0.09835004806518555 0.585823307641816 -0.8097808212845377 0.032650784115267395 1.7908976078033447 0.4665049294311703 0.30399392731317026 -0.830638816196988 -11.95200252532959
0.664216809895611 0.5024037191344275 0.5535400007695859 -0.10751199722290039 0.5856625990703124 -0.8099100065469785 0.0323280272407708 1.822713851928711 0.464559306765352 0.30271485641601514 -0.8321949087820276 -12.183247566223145
0.6663386612350363 0.5020908558995885 0.5512690458982058 -0.13571548461914062 0.5849706254893421 -0.8104586286719925 0.031083412388624387 1.8501505851745605 0.46238745209846177 0.30176411919433377 -0.8337483196437402 -12.415510177612305
0.6687832463731519 0.5030728686321676 0.5473999070303082 -0.15578985214233398 0.5840317973737129 -0.8111043097287408 0.03188508108651697 1.8828766345977783 0.4600389429461582 0.2983747435452021 -0.8362635250848361 -12.628780364990234
0.6720553014788758 0.5016363760106921 0.5447041564161202 -0.1882786750793457 0.58295491805615 -0.8120026926271705 0.028551544272993834 1.8998076915740967 0.45662373489371444 0.29834975017432924 -0.8381421068665088 -12.84634780883789
0.6743458931536822 0.5023750750729001 0.541181023625423 -0.2235569953918457 0.5816006685007731 -0.8129239763324713 0.02992108125147619 1.9260814189910889 0.4549706350812286 0.29457408685982805 -0.840373624386488 -13.054155349731445
0.6770484366958505 0.5017035120555619 0.5384226967344703 -0.2726411819458008 0.5797995635008796 -0.8142207669340862 0.029614335337094178 1.9518184661865234 0.4532525571156706 0.292126905101846 -0.8421543746746927 -13.260587692260742
0.6786594403449353 0.5020227087348741 0.5360919360941735 -0.30275726318359375 0.579016346919988 -0.8147643256405104 0.02998605781020386 1.973731517791748 0.45184226675924377 0.2900556732388881 -0.8436268561347513 -13.44937801361084
0.680196011176073 0.5022793350706546 0.5338996684220177 -0.3102531433105469 0.5781257147054989 -0.8153758038256018 0.03054433715125826 1.9865097999572754 0.45067066065633293 0.2878849910932049 -0.8449959689411835 -13.625828742980957
0.6805293056342382 0.5019788722057648 0.5337575067687668 -0.3217768669128418 0.577473582269951 -0.8158212571645213 0.03098286847291845 1.9984533786773682 0.4510034655668309 0.28714610952880526 -0.8450698112163159 -13.790393829345703
0.6793246037975235 0.5024759640520347 0.5348233243093613 -0.3686366081237793 0.5770299281582218 -0.8160259460931348 0.0337359943164848 2.0287461280822754 0.45338123547965165 0.2856913734308105 -0.8442901719563968 -13.959497451782227
0.6783301817040449 0.5010924099570809 0.5373774848956385 -0.3607358932495117 0.5764521206561452 -0.816437536354974 0.03365563580819397 2.0235490798950195 0.4555997335165931 0.28694275720781903 -0.84267000475013 -14.100215911865234
0.6748050287369036 0.5007300131489889 0.5421324811549296 -0.36560869216918945 0.5766134423861509 -0.8162165937446999 0.03615812710017838 2.033414363861084 0.46060298658495447 0.2882011901911806 -0.8395147185853309 -14.235595703125
0.6710153177177043 0.4957596354390208 0.5513264253213132 -0.4429435729980469 0.5731835030752146 -0.8185262464870215 0.038411659874223875 2.0688343048095703 0.4703181000032145 0.29023639964903925 -0.8334048938709981 -14.402206420898438
0.6660089443954071 0.4900218212871199 0.5624150608294283 -0.4281749725341797 0.570385805112686 -0.8204323709538937 0.03937966501794929 2.070895195007324 0.4807204169902383 0.29456635814944454 -0.8259167883844623 -14.505350112915039
0.659825849316115 0.4828784450514631 0.5757241143802724 -0.4148106575012207 0.5678325081874505 -0.8222269516104851 0.038846913530911964 2.065539836883545 0.49213422073639296 0.30128267017870497 -0.8167206752802166 -14.601198196411133
0.6507640639170397 0.4745687749667664 0.5926977399490584 -0.4380636215209961 0.5644483763108974 -0.8244788047254442 0.04040706669005045 2.079338550567627 0.5078426563357695 0.3082518100272005 -0.8044107520544365 -14.721419334411621
0.6391039668664228 0.46466507376319716 0.6128886430341525 -0.44942283630371094 0.5562118916627938 -0.8295969931820731 0.0489608055097113 2.0873281955718994 0.5312009517202494 0.30960490649843686 -0.7886509689105793 -14.81401252746582
0.625061443689449 0.4538453909632829 0.6350768085155108 -0.46297597885131836 0.546780604514109 -0.8352148324711999 0.05871247011743949 2.1022119522094727 0.5570719541854959 0.3105487799388217 -0.7702144462021354 -14.906911849975586
0.6082634810188876 0.44044236458217045 0.6603226947031668 -0.4674110412597656 0.536699919629505 -0.8411359430511629 0.06665974480234231 2.0985348224639893 0.584780928150421 0.3138484487594244 -0.7480176584030853 -14.981427192687988
0.5897533677508687 0.42740969752212365 0.6852093955066259 -0.43292713165283203 0.5256183807991519 -0.8473075862878557 0.0761260269889723 2.092104434967041 0.6131201211773976 0.31526307218431837 -0.7243568956835565 -15.01857852935791
0.5680604105731997 0.41195229005770406 0.7124624064858589 -0.46761655807495117 0.5154371271924556 -0.8529730520951853 0.08222858572912907 2.10729718208313 0.6415854875626446 0.32051877186155203 -0.6968757271087624 -15.104022979736328
0.5460760142724025 0.39566003425624324 0.7384132473951932 -0.40984153747558594 0.501989097444454 -0.8602110108350204 0.0896881423884714 2.0930981636047363 0.6706772194455906 0.3216988562779492 -0.6683576237211558 -15.09632682800293
0.521495413219762 0.379065746478079 0.7644289985589026 -0.4376821517944336 0.4895052917226148 -0.8667167976931482 0.09584655430474565 2.104527235031128 0.6988755993496323 0.3242085014979582 -0.6375435233692999 -15.168262481689453
0.49470311519655974 0.36240370518519194 0.7898939057132066 -0.4703545570373535 0.47631486759613684 -0.8732966874951396 0.10235742531390393 2.113001823425293 0.7269064415189166 0.3256016739484938 -0.6046408646463162 -15.222187042236328
0.4685089664643311 0.3427014369868983 0.8142819373101918 -0.46396875381469727 0.46466327900764476 -0.8795001330607608 0.10279860450398882 2.116734743118286 0.7513903016970528 0.33020484707711184 -0.5712944717765027 -15.248490333557129
0.4403884722564204 0.3264614295011092 0.8363497644835853 -0.4813680648803711 0.451308182635659 -0.8857939167836415 0.10812058673164064 2.1155283451080322 0.776130734985901 0.3298364322466332 -0.5374281441951636 -15.291119575500488
0.41379089478422615 0.30713334974083817 0.8569983669008021 -0.4687027931213379 0.43973453134993257 -0.8917011786321849 0.1072499415590887 2.110128879547119 0.7971264876618547 0.3324727259534905 -0.5040349681965832 -15.30746841430664
0.38664206131776274 0.2909373673691646 0.8751361977933784 -0.46324634552001953 0.4285189399147023 -0.8969501864393437 0.10886634549210492 2.125094175338745 0.8166268637231641 0.3329201275302026 -0.4714708412308682 -15.328722953796387
0.3616471938375374 0.27240944756654834 0.8916301924373823 -0.5148453712463379 0.4176107460059442 -0.9023852486974514 0.1063114657673302 2.132066249847412 0.8335541806084318 0.33390710655768835 -0.4401062055691548 -15.390851974487305
0.33753401447092435 0.25918511275828326 0.9049275475968329 -0.48381567001342773 0.4120889397729012 -0.905014848635134 0.10550274625227656 2.1572327613830566 0.8463176086978154 0.3372998681802322 -0.4122806133370933 -15.38953971862793
0.3199596594319968 0.24766205498752208 0.9144885580779663 -0.42731475830078125 0.4002017216785116 -0.9102196041211205 0.1064840562673372 2.1678550243377686 0.8587574735055965 0.3319092930198669 -0.3903483353433652 -15.405261039733887
0.3031072722556646 0.22661114332324106 0.9256205330628012 -0.39357757568359375 0.397691798446011 -0.9127696395272515 0.09323528627118069 2.128035545349121 0.8660064751227373 0.3398514011726671 -0.3667885087710179 -15.406761169433594
0.2851464026460426 0.2157012468723004 0.9338974789321128 -0.41063356399536133 0.39685731083668385 -0.9134757985417826 0.0898122503555524 2.1317520141601562 0.8724653597097691 0.34501440198372535 -0.34607695463627114 -15.416908264160156
0.27266549155868364 0.19734068459622311 0.9416528999138458 -0.4573793411254883 0.4016286293272123 -0.912727768064526 0.07498310148755633 2.1293864250183105 0.8742699662105555 0.35774945926869334 -0.3281270342034491 -15.463119506835938
0.2651738789806639 0.19158836357623704 0.9449744508972333 -0.45353269577026367 0.3928886389615171 -0.9164765017700184 0.07556016859666204 2.139650583267212 0.8805233280733196 0.35123314286321117 -0.31829852037531714 -15.46345043182373
0.2651270264679647 0.1772483031282841 0.9477819891063552 -0.38707447052001953 0.3924164279125807 -0.917705704389508 0.06185133171797996 2.0921614170074463 0.8807479815137731 0.3555267629435246 -0.31286373054464667 -15.4147310256958
0.2671767947289935 0.1672986858508839 0.9490140726411325 -0.38761472702026367 0.38190909218426417 -0.9225550239222652 0.05511508997343742 2.0836517810821533 0.8847383826111155 0.3477116298721631 -0.31037818348961216 -15.426980972290039
0.2756001476509015 0.1700175366850399 0.9461176437601996 -0.42024803161621094 0.3628345260370147 -0.9298286757411216 0.06139821239259688 2.119813919067383 0.8901660886207111 0.32636279044808814 -0.31794915266539275 -15.459883689880371
0.2895923696556654 0.16823308855866556 0.9422493764132873 -0.4599151611328125 0.3406436004014366 -0.938092994463974 0.06279706396927204 2.123086452484131 0.8944820830753195 0.30278566949515073 -0.3289720982174788 -15.506412506103516
0.30746170407427115 0.1757906044646309 0.9351817812113884 -0.480165958404541 0.31120134116767534 -0.9473196229427874 0.07575788568179173 2.125497341156006 0.8992335768771013 0.2677371759197721 -0.3459707774470549 -15.527623176574707
0.3323903679547324 0.1760474021756406 0.9265656779085473 -0.4213252067565918 0.2884475867544662 -0.9543259374430656 0.07784596854647598 2.122133255004883 0.8979502397050977 0.2413903836332808 -0.367989197807402 -15.51117992401123
0.35480089411092997 0.1746387799310197 0.9184865933056886 -0.4152388572692871 0.27424984880413616 -0.9586243355517026 0.07633088312711538 2.1335980892181396 0.8938139325211892 0.22481254376093374 -0.3880154303616612 -15.497543334960938
0.37988100305980804 0.1863399475091683 0.9060727605863419 -0.44423389434814453 0.2462152094152226 -0.96453484840044 0.09513462499930435 2.188627004623413 0.8916661338005902 0.18694905772274056 -0.4122881948948905 -15.516595840454102
0.40767771552980264 0.1875270124312936 0.8936624082219164 -0.4926772117614746 0.2159637819879403 -0.9707200785400331 0.10517687002710174 2.149293899536133 0.8872195473105104 0.1501204474008318 -0.4362399868676728 -15.578018188476562
0.43379405196025744 0.1893663569283957 0.8808876791893328 -0.5038409233093262 0.19765082660854905 -0.9738512270882744 0.11201758004714808 2.1521382331848145 0.8790659083509373 0.12551561800162314 -0.4598792867838384 -15.590536117553711
