1.0 0.0 0.0 0.0 0.0 -1.0 0.0 0.0 0.0 0.0 -1.0 0.0
0.9996537939548139 0.012319914435395114 -0.023248912663846735 0.159979 0.012083931562390803 -0.9998743104902147 -0.01026361630778145 0.0186435 -0.02337243739412057 0.0099791247122403 -0.9996770209623885 0.0975439
0.9986684772961527 0.023435491084439895 -0.04595704747494637 0.315151 0.022543470907588722 -0.9995491183976901 -0.01983309935030021 0.0394808 -0.04640112471074421 0.0187706597654775 -0.9987465133644005 0.199131
0.9975795389653371 0.023416391012885538 -0.06547317060931972 0.457235 0.02163418760260447 -0.9993794184213801 -0.027798200706509388 0.0564541 -0.06608347270294403 0.026314457388966192 -0.9974670540763958 0.295913
0.9961508500248072 0.023232335543814327 -0.08452066362750495 0.595126 0.02037263253236858 -0.9991956123114841 -0.034541050666991625 0.0735687 -0.08525514552538922 0.032686188561198544 -0.9958228623800452 0.394446
0.9944974894112638 0.022131051497720624 -0.10239609423360924 0.727907 0.018126607918123556 -0.9990402830093598 -0.03987403929827997 0.0872553 -0.10318027737933042 0.037798538122305644 -0.9939442141668419 0.491007
0.9926255637837597 0.022257066453278677 -0.11916003153687016 0.855588 0.016993533001794743 -0.9988421077839545 -0.04500737221638411 0.106038 -0.12002378913819739 0.04265051829229709 -0.9918544365633034 0.586405
0.9904187993384165 0.023641233413456694 -0.1360576862942321 0.982714 0.016934570225199817 -0.9985935449641937 -0.05024094233921242 0.129624 -0.1370540851209368 0.0474554953460055 -0.9894261739579805 0.681686
0.9881580724440424 0.024678097226270207 -0.1514417887538495 1.10351 0.016606934393617677 -0.9983848793051453 -0.05433086144077493 0.151275 -0.1525379742677898 0.051172495465253216 -0.9869719054330461 0.774863
0.98573141292295 0.025928402788597975 -0.16631686476649668 1.22147 0.01650965592558875 -0.9981936218689222 -0.05776611914800769 0.173313 -0.16751421682395676 0.054196044034923556 -0.9843788782642693 0.866843
0.9832318515573368 0.02758307078776535 -0.18026175492612911 1.33656 0.016839848051881146 -0.9980043099673424 -0.06085899115330653 0.196364 -0.18158068619960732 0.05680291799305572 -0.9817341202722627 0.95504
0.9807413326331369 0.03025590727494783 -0.19295341028328233 1.44695 0.018225097612762062 -0.9977947332208581 -0.06382410339144606 0.222408 -0.19445895269178076 0.05907834147711377 -0.9791299532167981 1.04208
0.9786422138915066 0.031101006933691527 -0.20320468635649422 1.55147 0.017681080244993416 -0.997560803188671 -0.06752646401925601 0.243501 -0.2048091711591569 0.06249136987844196 -0.9768050123232451 1.12286
0.9764545791914436 0.03393248508619709 -0.21303765214613107 1.65451 0.01911247351928797 -0.9972758157402948 -0.07124367126632494 0.270136 -0.2148747731401605 0.06549453256115864 -0.9744430707191467 1.19898
0.9742098276311402 0.0387619986596319 -0.2222897190758384 1.75596 0.022527085191787123 -0.9969206502703909 -0.07511156700018573 0.302146 -0.22451668574889133 0.06816688730147594 -0.972083089707851 1.26678
0.9718002595543296 0.04191174123293584 -0.2320509889592395 1.86013 0.024218791799870697 -0.9966137786867779 -0.07857751749334226 0.327887 -0.23455853353457892 0.07074165730660696 -0.9695245805381225 1.32908
0.9698426727155017 0.04476293335682549 -0.23958603877802304 1.95663 0.02606765937786382 -0.9964023137084373 -0.08064060001656898 0.351104 -0.24233379317505765 0.07196324779889382 -0.9675203479264006 1.38479
0.9673829611190075 0.04773872279281213 -0.24877946234111004 2.05989 0.027512518629697152 -0.9960727653326911 -0.0841552581906567 0.373728 -0.25181991155441086 0.07456581326986625 -0.9648972337177322 1.43831
0.9650924686413358 0.050808365208386774 -0.2569339156215527 2.15845 0.02937632715726958 -0.9958119115120614 -0.08657752764686297 0.395799 -0.26025671629089814 0.07600754512247745 -0.9625431391423105 1.48718
0.9626381930274354 0.053124687807095373 -0.2655286742901274 2.25858 0.030804405552354273 -0.9956854022457345 -0.08753095654290458 0.413011 -0.2690330796081404 0.07608118887181256 -0.960121270869681 1.52999
0.9601573305426516 0.05707387634401907 -0.2735698690358221 2.35716 0.03357145459419267 -0.9953904403643234 -0.089837790866362 0.436916 -0.2774362233769038 0.0770742750234198 -0.9576474811160811 1.5709
0.9571637256049835 0.06264794800376441 -0.28268858660530516 2.46195 0.03761064553401792 -0.9949417710699339 -0.09314672040784584 0.465983 -0.2870941339151707 0.07852456170613482 -0.9546784021231217 1.60817
0.9546246870733359 0.06716652237352397 -0.290138527435399 2.5668 0.04038485136638902 -0.9944321350124135 -0.09733340965345594 0.4941 -0.2950606219241218 0.08119967442606965 -0.9520219757247468 1.64191
0.9519877403297234 0.06681563976334035 -0.2987557740779621 2.67502 0.038857499415740196 -0.9943714015717768 -0.09856779634006026 0.509637 -0.3036600681700881 0.08222643139037093 -0.9492256723138823 1.67241
0.9493498318139759 0.06800321956640198 -0.306774280152981 2.78618 0.03894677931374091 -0.9942380558956496 -0.09986909727200882 0.52909 -0.311798084047774 0.08286284051034529 -0.9465282375326658 1.69807
0.9465790517443115 0.06771486953514415 -0.3152820883632271 2.90179 0.03764292495768747 -0.9942228383086801 -0.10051844599903778 0.539184 -0.3202672462170761 0.08328051530382105 -0.9436594972611997 1.72618
0.9437288853390127 0.07028099858802538 -0.32316616811518856 3.01917 0.03907262771831777 -0.9940094407173561 -0.10207135508042628 0.561106 -0.328403898789235 0.08370073477717321 -0.9408214847981475 1.74765
0.9405742622723972 0.07615306938705878 -0.3309392197574435 3.14078 0.04351421401401462 -0.9935251797088736 -0.10494870396147327 0.593984 -0.3367886137170884 0.08431148977085051 -0.9377979539128571 1.76619
0.9374133865212692 0.08074077390565852 -0.3387286084756362 3.26827 0.04675831878123278 -0.9931239648407212 -0.10732404243131465 0.62299 -0.34506492489889223 0.08476861381526386 -0.9347430019616946 1.78119
0.9338037847118006 0.08883458292317384 -0.34658174870408803 3.40326 0.05354326263939584 -0.9924745346453256 -0.1101245526959065 0.664559 -0.35375642846999483 0.0842776065002475 -0.9315329700868045 1.80319
0.9315701258021071 0.0957798432891899 -0.350718294835819 3.52776 0.05959905150737063 -0.991855227835441 -0.11256624749420617 0.701882 -0.35864335177508594 0.0839608756207516 -0.9296910871856997 1.80644
0.9282875781833915 0.10483122976088471 -0.3567808647576754 3.66484 0.0677797963523985 -0.9910679750968836 -0.11484845642754779 0.747041 -0.36563379411214364 0.08242986111952122 -0.9271015298223679 1.82521
0.9260590305635251 0.11060266553774173 -0.3608070430128699 3.79881 0.07267934236648768 -0.9904598592201505 -0.11707681438600459 0.786778 -0.3703139007719254 0.08219682262439673 -0.9252628260367616 1.83795
0.9250409771904843 0.1121467641344755 -0.36293566070674355 3.92647 0.07445573104353595 -0.990423081154033 -0.11626893149988388 0.806116 -0.3724990397749326 0.08053088607185674 -0.9245319041305361 1.83929
0.9226304578244912 0.12062829689792573 -0.36633570981010793 4.06624 0.08248101391469187 -0.9895682304336731 -0.11811688981671255 0.859067 -0.376762419354922 0.07876249935010245 -0.9229553337285349 1.83752
0.9207464786965482 0.1249993841924605 -0.36959582778950983 4.20269 0.08672912015167779 -0.9891617448688441 -0.11847827735808905 0.887467 -0.3803997656224609 0.07703373572357824 -0.9216082800598351 1.84715
0.9199341665627195 0.12586159552562803 -0.37132194651312683 4.33503 0.0881492433802497 -0.9892220695116763 -0.11691624387793698 0.898471 -0.38203512938215994 0.07482349873387995 -0.9211137844778879 1.85172
0.9215791997373487 0.12649587513919705 -0.3670021419341255 4.4409 0.09067346298423619 -0.9894108622612278 -0.11333344056340909 0.908223 -0.3774521184493653 0.07116838632610763 -0.9232902897062353 1.84446
0.9229633146571474 0.1296421641118818 -0.36239705997907745 4.55001 0.09438054599952458 -0.9890510803863983 -0.1134472252782307 0.941131 -0.37313674749871906 0.07050439469200415 -0.9250935617521026 1.85305
0.9250440842218185 0.13352343250951165 -0.3556190872508043 4.64861 0.10027062929742919 -0.9888117486034714 -0.1104406026968485 0.971798 -0.3663867398617407 0.0665042765137964 -0.9280829370583547 1.8562
0.9281152330542412 0.13242940151314725 -0.3479433399097348 4.74493 0.10176839162853106 -0.9892457238424673 -0.10505280731486717 0.98246 -0.3581135415451552 0.06209147666356725 -0.931611152728285 1.87024
0.931426721992085 0.1305564166466005 -0.33970470063200253 4.83517 0.10387440387134442 -0.989979260405445 -0.09566175927433435 0.984656 -0.34878986478888985 0.0538152955904464 -0.9356546073103368 1.89656
0.9350530083852866 0.13409643010120303 -0.32816766894948374 4.91182 0.11124568787797824 -0.9899304803965683 -0.08753308466159856 1.01187 -0.3366010523426512 0.045340836074473784 -0.940555123395693 1.92361
0.9413040689192297 0.13647318365124705 -0.3087421577630677 4.96126 0.11713877657158521 -0.9898550383818675 -0.0804083951670716 1.04572 -0.31658357010339977 0.039523070909592735 -0.9477408770367884 1.93286
0.9473947532416463 0.13317144859334248 -0.29104732743963013 5.01109 0.11935059622991302 -0.9907340455744159 -0.06481887162945643 1.03852 -0.296982519198967 0.026672386831748236 -0.9545103284254882 1.96276
0.9521963940166887 0.13503245215698212 -0.274022378805249 5.07748 0.12580967561308454 -0.9907404607475456 -0.05104179620537996 1.06105 -0.2783773567367603 0.014127147702683349 -0.9603678831333549 1.9849
0.9556134251644001 0.1368967640068274 -0.26088744249201123 5.1477 0.13444305242564134 -0.9905447100437467 -0.027317449713066065 1.11906 -0.26216034654394194 -0.00896958242108564 -0.9649826419636528 2.00453
0.9596157319607368 0.14396069163472475 -0.2416877453192669 5.19721 0.1446026936388175 -0.989373412335592 -0.015176032282010327 1.20587 -0.24130418140980775 -0.020385539666097397 -0.9702353950493994 2.00958
0.9613576264738299 0.16427270325167542 -0.2209207844160237 5.24791 0.1657426688759972 -0.9860960437032755 -0.011998345994739559 1.41914 -0.21982011221556996 -0.02508129899217597 -0.9752179483102223 1.99528
0.9663971924977277 0.15708913786637166 -0.2034685948664064 5.30862 0.16010256872369702 -0.9870989705141751 -0.00167029875456998 1.35171 -0.20110602631593022 -0.030961672665664016 -0.9790800483132933 2.00485
0.9674897295359153 0.18514319002782859 -0.172295160781841 5.2951 0.18673432972909748 -0.9823849994629477 -0.0070712750483137455 1.6012 -0.17056937985214635 -0.025332035380197036 -0.985019986924301 1.99357
0.974833229076887 0.16383944762796884 -0.15118469131658707 5.35284 0.16523707183675376 -0.986248158457728 -0.0033585755248205004 1.41199 -0.14965589055678746 -0.02170726467573697 -0.988499827557877 2.04202
0.9779536445459166 0.16650607867744807 -0.1260253739642098 5.38342 0.16675947891026097 -0.9859599965679807 -0.00861169909168649 1.4463 -0.1256898775277376 -0.012594083179294833 -0.9919896389357782 2.04354
0.9779864840561635 0.18417369412366846 -0.09809427810175675 5.3842 0.18426660905317116 -0.9828421724508752 -0.008190289377667598 1.64262 -0.09791962924515779 -0.010065507681461777 -0.9951434227103174 2.0256
0.9796311069554399 0.18708138770000562 -0.07296196722607798 5.38297 0.1870526502900107 -0.9823228566859056 -0.0072877466973091 1.71749 -0.07303560984028307 -0.006508425975715022 -0.9973080968720628 2.01229
0.981860081346582 0.1836830019899537 -0.04702483852222523 5.31051 0.18413268876095434 -0.9828866749720987 0.005379320770596669 1.75699 -0.04523199738839972 -0.013940550285054441 -0.9988792356786705 2.03642
0.9838473535238595 0.17637781221715648 -0.03058189532365587 5.33798 0.17691506810199298 -0.9840987443796855 0.015834139976436783 1.74413 -0.02730281382137658 -0.020988774805016278 -0.9994068379241855 2.0581
0.9853667415904703 0.17018352179217522 -0.009484380727894417 5.26757 0.17036724582214274 -0.9850846829550131 0.024148891452803366 1.70039 -0.005233174787547472 -0.025411342306810792 -0.9996633821261081 2.08377
0.9897869377316603 0.1423594291566771 0.0074572666552421805 5.22393 0.1420542813906427 -0.9893415292326481 0.03199874488465736 1.47402 0.011933106652102898 -0.030612603054792808 -0.9994600889979744 2.15506
0.9911139016040886 0.13174335671333673 0.018355435408167607 5.24308 0.13099134537322524 -0.9906755636001252 0.037459246160147924 1.40214 0.023119288147201197 -0.03472197643390497 -0.9991295626034145 2.20353
0.990189131898052 0.13712795985140594 0.026858996592831048 5.25827 0.13619158739302592 -0.9900971596544634 0.034050931962752884 1.5205 0.03126235106882226 -0.030058893378756373 -0.9990591215411102 2.19455
0.9912792399527441 0.12806349230182154 0.031067835105956634 5.23891 0.12660110950574469 -0.9909236273855238 0.04519428903113851 1.47517 0.03657359034363537 -0.040866938086635995 -0.9984950004185293 2.2436
0.9922383584591243 0.12115213768963194 0.0280214120910208 5.26757 0.1196357043152556 -0.9915265823079247 0.05061951036664585 1.44003 0.03391663685177344 -0.04687425850078802 -0.998324829719599 2.29263
0.9908860066417683 0.13295082419824056 0.021656412134478494 5.29979 0.13171650130103946 -0.9899792732816114 0.05090974128618194 1.57665 0.028207891210495172 -0.04759324340514349 -0.9984684261686175 2.29325
0.9904101183415323 0.13806851428681996 0.0049882711777301135 5.36234 0.13761490560588455 -0.9890693512520233 0.052952395309234554 1.65506 0.012244804685901077 -0.051758127637426696 -0.9985845787822244 2.33459
0.9915141451053175 0.12976556400467956 -0.007784500922896542 5.37983 0.129989912811643 -0.9903688690489372 0.04766682059829751 1.64928 -0.0015240155158715023 -0.048274233471658975 -0.9988329568848993 2.36942
0.9890482931593496 0.1465944070076163 -0.017133406919295886 5.3476 0.1471917837953152 -0.9882418200422041 0.041384585328653384 1.90865 -0.010865200491938624 -0.043453250209354255 -0.9989963776032988 2.37749
0.9874550685229991 0.15434145181510261 -0.03333472513528373 5.33614 0.1554771816018547 -0.9872304320572801 0.03468313741776833 2.04921 -0.02755600931525576 -0.039430828948961445 -0.9988422678676624 2.4174
0.9874550685229991 0.15434145181510261 -0.03333472513528373 5.33614 0.1554771816018547 -0.9872304320572801 0.03468313741776833 2.04921 -0.02755600931525576 -0.039430828948961445 -0.9988422678676624 2.4174
0.9851830568105338 0.16387182961701036 -0.05060007936185368 5.31761 0.1652580846244141 -0.9859454723367842 0.02452123660962588 2.23214 -0.045870579239010584 -0.032519979037028884 -0.9984179189716642 2.42685
0.9822192187467991 0.16974755654454154 -0.08019459689770005 5.38027 0.17193860122453397 -0.9848794173276192 0.021204969543937212 2.34651 -0.07538251609874537 -0.03461647543535158 -0.9965536492808882 2.47643
0.9766071276112213 0.1845284033743384 -0.11039830907707501 5.44374 0.18718944951450345 -0.9822218369260839 0.014155319000527728 2.51724 -0.10582357152079636 -0.034489584132995604 -0.9937866170848327 2.54196
0.9731662560752503 0.18448997939797984 -0.1375168554694786 5.47703 0.18726280871463435 -0.9822820291408272 0.007392949295478155 2.58204 -0.1337164107684122 -0.032946361388053624 -0.9904718364307494 2.59783
0.9659784604076429 0.19678996798961396 -0.16780739711683218 5.54495 0.19952158379693746 -0.9798932519647787 -0.00059359333878483 2.73953 -0.1645501492786961 -0.0329077992660844 -0.9858196209854122 2.66586
0.9584920042419828 0.2059108700358517 -0.19721508919265002 5.60982 0.20768478389589082 -0.9781237111883806 -0.011875864144818116 2.86675 -0.19534612446194943 -0.029575652353712144 -0.9802883108787682 2.7463
0.9507841562175814 0.21511731167675743 -0.2230112788685514 5.66185 0.21507801792127954 -0.976282852644383 -0.024763639465953467 3.00496 -0.22304917505490976 -0.024419947778624808 -0.9745012732971741 2.79832
0.9446239035797769 0.21231577931837822 -0.2502152885779236 5.7371 0.20994532011471498 -0.9770334628115301 -0.03644962425649505 3.04671 -0.2522075402275548 -0.018100342508901482 -0.9675038678234967 2.85654
0.9426395874456714 0.19992989054536733 -0.2673175023203149 5.75057 0.19362090349115882 -0.9797994594389434 -0.05003963443532959 3.00874 -0.27192196290759874 -0.004588915958208022 -0.9623083642673 2.88907
0.9362216048832368 0.20591235939603825 -0.2847616666579496 5.77671 0.19710792199753807 -0.9785703712754255 -0.05956925001784301 3.08683 -0.2909253746851052 -0.0003587615261082984 -0.9567456807608272 2.94078
0.9291263006818704 0.21178344927842446 -0.30310408772063024 5.83481 0.1976495015839273 -0.9772479269107235 -0.0769490992300641 3.17348 -0.3125043870169627 0.011587060042398088 -0.9498456443731931 2.98849
0.9237604955060389 0.21368235304708885 -0.3178150388806308 5.86863 0.1948450841691504 -0.9766662999183219 -0.09032348409450958 3.23793 -0.32969977269866946 0.021512568422057683 -0.9438407012215208 3.04936
0.9192263414125641 0.22188707767293578 -0.3252522990157588 5.88133 0.19577596130529337 -0.9743041991759007 -0.11136920778740747 3.3566 -0.34160606878136734 0.03869692791386731 -0.9390462403640027 3.09476
0.9168429526127072 0.23194839764509168 -0.3249599068720436 5.857 0.19990017469205307 -0.9712530115019785 -0.12925752514427924 3.4842 -0.3455993640076606 0.053549308849057405 -0.9368530040082536 3.15038
0.9157002889235285 0.2366421654316757 -0.32479757758513883 5.84359 0.1987144020661314 -0.9691417155004544 -0.14586610877217795 3.59804 -0.34929295337419375 0.06902768152447539 -0.9344675552989999 3.2149
0.9181446840328503 0.2428675652292189 -0.31309053793088126 5.77273 0.19938623542757974 -0.9659933723405375 -0.16462664947138297 3.73352 -0.34242585811272375 0.08872513935625545 -0.9353461291639465 3.25872
0.9238966548492086 0.2350346854745048 -0.30194977692050556 5.71078 0.18817524159221977 -0.9661833576276665 -0.176294633766994 3.77354 -0.33317420309824736 0.10605855018445909 -0.936881280804894 3.31022
0.9301460221818088 0.24090148285129578 -0.277118842700032 5.57954 0.19118572515286011 -0.9620662768570858 -0.19461885168739418 3.9152 -0.3134906632056739 0.1280427838434941 -0.9409190451832055 3.35083
0.9372041220445788 0.22851178682689144 -0.26349724268734076 5.53474 0.17592718723446155 -0.9620517864537219 -0.20858088352716447 3.94261 -0.3011611834457102 0.1491265350713386 -0.9418403357911551 3.37984
0.9441957465771744 0.21339977262485826 -0.25090820869240416 5.50567 0.15802034808951965 -0.9618327618990645 -0.22339943537816873 3.95939 -0.2890051240639848 0.1712841941957177 -0.9418799090560772 3.41562
0.9501489984586939 0.20362473420891075 -0.236122528248135 5.4767 0.14550713257038944 -0.9593538640174462 -0.24180123648554486 4.03064 -0.275761772367172 0.19538969065215733 -0.9411579642588008 3.44738
0.955999140199837 0.192557678541651 -0.22133048676543043 5.44729 0.13471556260250556 -0.958337796443646 -0.2518737483348103 4.0901 -0.26060959523751726 0.21097442580129744 -0.9421106254193029 3.47899
0.9626458107723815 0.17726172599088746 -0.20467370007188462 5.41446 0.12030067114835136 -0.9572114537150952 -0.26319950873413595 4.12371 -0.24257120918122266 0.22874552099520074 -0.9427803005477967 3.5256
0.9687916666318929 0.16283548358541972 -0.18688850138545557 5.38299 0.10757204524230674 -0.9554504837088303 -0.27485019240114905 4.15849 -0.22331807304153875 0.2461685976441025 -0.9431490125038299 3.57182
0.9747525302363118 0.14604385913880144 -0.16890439901244125 5.34986 0.09378503581579442 -0.9542645772090639 -0.28387230182079504 4.18882 -0.20263729137288178 0.2608645393529989 -0.9438685397094289 3.62832
0.9804016601840249 0.12798799131887845 -0.14977202270973833 5.31867 0.07974793522801069 -0.9529817595767793 -0.29234574178669764 4.21092 -0.1801467499992067 0.2746722410293843 -0.9445116772558289 3.67264
0.9852534704242354 0.11360767928409707 -0.12794097945803926 5.2846 0.07027243245053966 -0.9504543232592416 -0.30281737835748745 4.24044 -0.1560044366500037 0.2893611490948622 -0.9444219084392399 3.72276
0.9898027247662405 0.0980602825146025 -0.10331866742502235 5.24625 0.0609230336590027 -0.9470631011331262 -0.31521400102452607 4.26185 -0.128759271569507 0.3057051904454065 -0.9433797679193824 3.7696
0.9932503920795377 0.08242568510306475 -0.08160677097603597 5.21424 0.05156550393997706 -0.9440079333808555 -0.3258681029456892 4.28442 -0.10389734085750696 0.31946052674672737 -0.9418865719466663 3.82256
0.996085096780817 0.0660278507587543 -0.058777571362980875 5.17857 0.042621587254150245 -0.9412374528731704 -0.33504545603360064 4.30201 -0.07744598292414846 0.33122859211276773 -0.9403668111412198 3.86205
0.9981832211497565 0.049017512651035725 -0.03503627361181244 5.14598 0.033804655070800854 -0.9369692350162344 -0.34777276766394 4.31497 -0.04987486652253227 0.34595655231054395 -0.9369239892343251 3.90861
0.9994536956906385 0.030042137018944662 -0.013776072504882542 5.1191 0.023026619354313126 -0.9319684605812825 -0.3618073565903081 4.32034 -0.02370833126637972 0.3612924832944768 -0.932151091048803 3.94988
0.9999219006606443 0.010898269598693928 0.006117213332809774 5.09631 0.012398853461048588 -0.9264969106285739 -0.37609804975373134 4.32387 0.001568761312745011 0.376144523176216 -0.9265596778796716 3.99295
0.9996402081695077 -0.0069194118721453025 0.02591478246419278 5.07272 0.003708540989997558 -0.9212196274323785 -0.389025249510973 4.32841 0.02656503217668533 0.38898138743735916 -0.9208625192137849 4.03171
0.9987110872591733 -0.024583270518553323 0.04440525865493011 5.0503 -0.004725852461839241 -0.9161164420071475 -0.4008844359696114 4.33108 0.0505354381014803 0.40015787821155807 -0.9150518247624639 4.06791
0.9973350509611868 -0.04081520626696579 0.06047243224504933 5.03172 -0.012377657863640798 -0.9115152202063547 -0.4110800371192594 4.33436 0.07189985890151451 0.40923602269295173 -0.9095912752552086 4.09852
0.9956149408797381 -0.058459063350712964 0.07303031842456037 5.02021 -0.022133089874625752 -0.905729770879854 -0.4232773422645358 4.32994 0.09089013054032374 0.4198048594931752 -0.9030519719906924 4.12863
0.9937843513564445 -0.07252451036688526 0.08445625136776395 5.0095 -0.029103982303001843 -0.9015417620741729 -0.4317121835787153 4.3313 0.10745055240973837 0.4265707990852625 -0.8980488473098794 4.15115
0.991741390380503 -0.08765059947572112 0.09362898599094979 5.00384 -0.03760675082929635 -0.8966778921965939 -0.44108331405522105 4.32549 0.12261625870254717 0.43391949720820366 -0.8925688337850308 4.16719
0.9896998449830269 -0.1004821906440839 0.10196835883713361 4.99881 -0.04559521323445265 -0.896434586766584 -0.44082435070981285 4.32204 0.13570296006601057 0.431634522497899 -0.8917826784689941 4.1785
0.9876867963681087 -0.11234440065058088 0.10887390836451029 4.99516 -0.053351948833905705 -0.8960902573535551 -0.4406538553464202 4.31531 0.14706584183870275 0.4294193595059511 -0.8910503082574924 4.18804
0.9859076981115927 -0.12213109829262644 0.1143241253372918 4.992 -0.0599732680122543 -0.895998860928856 -0.43998778203277683 4.31217 0.15617047713390103 0.42693094997204034 -0.8906967755795124 4.1958
0.9843699153185362 -0.1300041938444988 0.11880563706583962 4.98849 -0.06536458289569477 -0.896109044747562 -0.43899436354523275 4.31089 0.16353391427667188 0.4243671635558695 -0.8906004543996685 4.20313
0.9830287051532257 -0.1370446239642425 0.1219562867886349 4.98602 -0.07030780604701078 -0.8954679198556931 -0.43953841347278644 4.30941 0.16944431903616097 0.4235043985035074 -0.8899059766034579 4.21189
0.9820857839347749 -0.14192917740983949 0.12395007701887599 4.98416 -0.07390784234984843 -0.8952104016457151 -0.43947237413119355 4.30975 0.1733353507868748 0.4224386883147472 -0.8896630883556468 4.22673
0.9813487326098883 -0.14578062880081724 0.1253103079215924 4.98141 -0.07670711719022255 -0.8946675839937567 -0.44009763953370634 4.30876 0.17626878106270386 0.4222770683061217 -0.8891633114369125 4.24236
0.9809163743574226 -0.14811885301334088 0.12595186342210896 4.97832 -0.07857765420704446 -0.8945451627159967 -0.4400164816466875 4.3072 0.17784436672778653 0.4217223698636626 -0.8891128297239724 4.25648
0.9810164713060615 -0.14795210113510127 0.1253668967308038 4.9765 -0.07860506878061094 -0.8943611938871244 -0.44038539715888964 4.31 0.17727923225295927 0.42217085479519584 -0.8890128475861837 4.27753
0.9815620234197663 -0.1456145474030659 0.12382405971657731 4.97531 -0.07704614620044833 -0.8942553119687181 -0.44087563821489395 4.31513 0.17492822967078062 0.4232066169146357 -0.8889860931780179 4.2973
0.9825224774434707 -0.14096261716442934 0.1215694117798493 4.97228 -0.07397255628719226 -0.894987907677796 -0.4399144303462417 4.3229 0.17081464291647308 0.4232330158112369 -0.8897731014661223 4.32173
0.9836624517359612 -0.13475742529298584 0.11936757253627497 4.96841 -0.06933565376155852 -0.8955128849412016 -0.43960122841245924 4.33169 0.16613472894688455 0.42414279344660716 -0.8902258941443199 4.34488
0.9851797593162466 -0.1265030641024118 0.11583529948285758 4.96622 -0.06328281022120061 -0.89575259219927 -0.440025657773266 4.34108 0.15942436377194585 0.42617398834394976 -0.8904827925877741 4.37304
0.9869911801419953 -0.1154400001011191 0.11190181722637509 4.9629 -0.056318655488086844 -0.9001665219553603 -0.4318893860640755 4.35514 0.15058758038405962 0.4199688549493206 -0.894957843424276 4.40347
0.9888517910426687 -0.10287299392997971 0.10765352976836537 4.95724 -0.04885105031858138 -0.9070915272990262 -0.41808914837040584 4.36925 0.1406616871592169 0.4081692151818926 -0.9020045352121685 4.43058
0.9908856755306681 -0.08921185277519533 0.10092979417668772 4.95731 -0.04134918748655043 -0.9145283403496325 -0.402402981340284 4.38175 0.1282022726878653 0.3945619850185313 -0.9098818699457105 4.45763
0.992903194084523 -0.07406793389543426 0.09304401294663293 4.95755 -0.0326984658443011 -0.922245361090396 -0.3852198129362945 4.39391 0.11434184495704401 0.37944358620973717 -0.9181222725629263 4.48786
0.9947783744965905 -0.059956905058853024 0.08259028495945993 4.96338 -0.025510156044302925 -0.9296309267207524 -0.36760790527804243 4.39924 0.0988191154206332 0.3635815034075284 -0.9263062521690141 4.50815
0.9965188239601294 -0.04430592234080065 0.07062024312229022 4.9717 -0.01700112580203665 -0.9372894320237711 -0.34813716023719726 4.40666 0.08161614555088816 0.34572460985889847 -0.9347798130700772 4.52873
0.9978498230754577 -0.030501185815863432 0.0580121388340776 4.98061 -0.009775010100052287 -0.944473819074313 -0.328441249328896 4.40345 0.06480879389266551 0.32716797329049235 -0.9427411826621185 4.54423
0.9989895281802528 -0.01697658242661184 0.041613918768942305 4.99897 -0.003369698493252195 -0.9516013798294305 -0.30731654533849656 4.39822 0.04481704718363592 0.3068657842703159 -0.9506970194157041 4.55033
0.9996673939153229 -0.001998113480147762 0.025712041635534824 5.01276 0.005422172627724447 -0.9584256275887921 -0.2852909329527056 4.39724 0.02521312330002335 0.2853354585808614 -0.9580960152771263 4.56803
0.9998843821466057 0.012604152446190923 0.00850633178369623 5.02664 0.014395831254564605 -0.9648000287693981 -0.2625902978578211 4.39477 0.0048971810045415065 0.26268239344821404 -0.9648699279128388 4.58364
0.9996088674138438 0.02592475232043688 -0.010489013525439973 5.04863 0.022655886331071698 -0.9705698604751701 -0.2397516564108843 4.38754 -0.016395822704775104 0.23942024382731958 -0.97077758721733 4.60162
0.99888388156517 0.03790156226178053 -0.028186215202048143 5.06449 0.030881639631962818 -0.9755837355229272 -0.21744585375852374 4.37856 -0.03573955068186195 0.21633272189210787 -0.9756653309182463 4.6199
0.9975823653656966 0.05183622045571538 -0.046286397140503886 5.07863 0.04201268067350355 -0.9804012238897193 -0.19247954399927006 4.37895 -0.055356652481957334 0.19006958316471154 -0.9802087505126573 4.64175
0.9959115927140051 0.06262070785206499 -0.06510565602126915 5.09361 0.05090258052172477 -0.9844356162546349 -0.16821249877933037 4.36909 -0.07462591235008668 0.16421073167568317 -0.9835983981323139 4.65504
0.9938947520442006 0.07227503200218861 -0.08336391070529346 5.10743 0.05978469215195654 -0.9878212537477274 -0.1436487425234355 4.35779 -0.09273086025317202 0.13778784559369195 -0.9861113005961123 4.67
0.9913815375880987 0.08304684669491379 -0.10132062072198851 5.1178 0.07078341111221818 -0.9903502338177358 -0.11914748460825682 4.35426 -0.11023772331092595 0.1109487973399783 -0.9876932766441394 4.70335
0.9886596084595218 0.09251871677434188 -0.1182897529251546 5.12536 0.08143234114044075 -0.9921068914041142 -0.0953555968197565 4.35026 -0.12617825651455125 0.08464161550262483 -0.9883900265118288 4.73819
0.9856341253194645 0.10063907382315732 -0.13563608600129487 5.13285 0.09153646003566818 -0.9932120949567735 -0.07176915016715105 4.34409 -0.14193818193098037 0.05832247638426927 -0.9881558790284728 4.77648
0.9825071669944588 0.10521387885151527 -0.1536545036812822 5.14827 0.09835171818521653 -0.9938120435832659 -0.051619391306642635 4.33498 -0.15813477269259357 0.035604237470717066 -0.9867754212279461 4.79792
0.9793645213981342 0.10909034293277028 -0.17013063012113497 5.15571 0.10547859167407675 -0.9939643223575839 -0.030152820410078565 4.32401 -0.17239315799954838 0.01158546326391991 -0.9849600885903466 4.83057
0.9760765446756839 0.11345813203329343 -0.18547730645416882 5.16061 0.11373504879131398 -0.9934686889511962 -0.009181652902871342 4.32025 -0.1853076296605602 -0.012133274459400264 -0.9826056513375433 4.88148
0.9730525854148538 0.11608282858123141 -0.1992321332668238 5.16007 0.12036176661945576 -0.9926850267952528 0.00945953026065429 4.31703 -0.1966766665207458 -0.03318455190429745 -0.9799066661479544 4.92986
0.9699078874496723 0.11680958086886908 -0.2136216554569145 5.15614 0.11885373393617413 -0.9929063075690594 -0.0032945893530916 4.32932 -0.21249112873798445 -0.02219428320120992 -0.9769109140555456 4.99355
0.9673519746294489 0.11576751198981694 -0.22545074927396921 5.14732 0.11524812109406471 -0.9932156507547428 -0.015509406182088563 4.34047 -0.22571669801942953 -0.010979720557500468 -0.9741311092310344 5.04693
0.9652051434355357 0.11763047812977473 -0.23354250512604227 5.12697 0.11511868774614634 -0.993051860601429 -0.024406759056568184 4.36844 -0.23479079798235739 -0.0033275773470661865 -0.9720402298319794 5.10893
0.9633193344148624 0.11993103055609956 -0.24006750686475295 5.1072 0.11489309718563849 -0.9927637173280285 -0.034925317122766406 4.41201 -0.2425189397997561 0.006062133847605334 -0.9701277309569166 5.16321
0.9620416510993158 0.11917118460367811 -0.24550782128123474 5.08265 0.11260636788947077 -0.992807472181542 -0.04065869023023695 4.43116 -0.2485873437261917 0.01146960943769562 -0.9685415740165743 5.24136
0.9612985574756272 0.11482575876205571 -0.2504398700686377 5.066 0.10696952033989941 -0.9932521908982594 -0.04480632761183895 4.43919 -0.2538948701993205 0.016282825323812238 -0.9670947546574453 5.31581
0.9614525684659783 0.10878303113107171 -0.25253754320518224 5.03937 0.10029719252093036 -0.9938807903508997 -0.046275779235905125 4.44064 -0.25602623256727514 0.019163160214512635 -0.9664798712482325 5.40174
0.9617979077863972 0.10267281357193306 -0.2537776151100246 5.0191 0.09393463807702715 -0.9944989819446739 -0.04634715396165347 4.44742 -0.2571401725655613 0.020738087284761078 -0.9661515737133191 5.47724
0.9627536841271208 0.09871849370099504 -0.2517141289261737 4.99174 0.09035387393172904 -0.994910365616113 -0.044604280681806094 4.46351 -0.25483626344220517 0.0201995888824185 -0.9667732182077634 5.55129
0.9642096056148236 0.0927707539592121 -0.24838160892051991 4.96739 0.0849665874672572 -0.9954989601549001 -0.04198213125464127 4.47332 -0.2511583473712863 0.019375436520303983 -0.9677520741416018 5.61844
0.9661490806348182 0.08780827227636463 -0.24258124681915394 4.94342 0.08162730258074331 -0.9960328158691142 -0.03543463256808259 4.48873 -0.24473033621087364 0.014433884843764521 -0.9694837417442489 5.6892
0.968231713684643 0.08247495092909497 -0.2360619221402355 4.92659 0.0782482486951523 -0.9965618450001303 -0.027234181942505147 4.50334 -0.2374964424816524 0.00789756666190629 -0.9713563034486261 5.74519
0.9708746870527201 0.07705552035110626 -0.2268585216025693 4.90934 0.07524566067015324 -0.9970263733398301 -0.016628331700386245 4.51792 -0.22746523380638922 -0.0009260930008182389 -0.9737857617367174 5.79837
0.9737465436851875 0.07207281894484675 -0.21592400846245535 4.89385 0.07312348703700623 -0.997317983729181 -0.0031296923027294993 4.53346 -0.2155704625051863 -0.012741589371201794 -0.976405155453204 5.84706
0.9770472014304294 0.05849223971272416 -0.20483511434896817 4.88426 0.06225611354144475 -0.9979883829467098 0.011973463581016669 4.53592 -0.20372270983785873 -0.024450877219445687 -0.9787232561350114 5.88819
0.9804690199600952 0.04113411916764648 -0.19232390683113837 4.87552 0.04772953357983108 -0.9984161193182868 0.029784967847296395 4.52851 -0.19079411029364168 -0.03838276860408277 -0.980879386342451 5.92533
0.9838303761687063 0.01952181273028035 -0.17803564181215506 4.87177 0.028600239914328612 -0.9984102774929712 0.04856896203597019 4.51813 -0.17680446036394262 -0.05287548225910127 -0.9828246874042607 5.93465
0.9869306885916407 -0.0044765400943684325 -0.16108313538298474 4.86805 0.0070313391338040765 -0.9974657692357136 0.07079971379173321 4.5059 -0.16099185130314797 -0.07100704043818058 -0.984398102406844 5.93067
0.9892474842690312 -0.030299952819398637 -0.1430780476751602 4.86722 -0.01725369311424025 -0.9956502337898882 0.091558298521004 4.48868 -0.1452299037433848 -0.08810519174988429 -0.9854672750758412 5.91918
0.9901216461186927 -0.060465369353971614 -0.1265032212874366 4.87729 -0.04975434852235933 -0.9950362137651797 0.08618258582202785 4.45936 -0.13108634822255885 -0.07903715837973545 -0.9882153089812619 5.90209
0.9904585089314882 -0.0887598036617642 -0.10542124709534736 4.88091 -0.0832768360323867 -0.9949893065894725 0.05532854916799934 4.43731 -0.109803964708239 -0.04602148440159019 -0.9928872606231919 5.89163
0.9896848348967119 -0.11509528792764728 -0.08530534726686288 4.88095 -0.11278898869385293 -0.9931228345332418 0.031395534046692784 4.42774 -0.08833216630925576 -0.021450180081087847 -0.9958600896559732 5.88616
0.9863870271221924 -0.1495424892957687 -0.06839354224097488 4.88791 -0.1497619815746873 -0.9887201834919375 0.001935879772138421 4.40394 -0.06791157191426317 0.008333225719614873 -0.9976565419768666 5.89392
0.9830790624018538 -0.1765520561327839 -0.04883573018168802 4.88208 -0.17795116864069915 -0.9836976727647645 -0.025928173414183325 4.40602 -0.04346192179945302 0.034179819667061254 -0.9984702305432173 5.90375
0.9777552597192851 -0.20760581038808584 -0.02990785155070821 4.87777 -0.2090457272501653 -0.9761865086330368 -0.05796364620424921 4.40235 -0.01716205144271955 0.06292636852662023 -0.9978706008968945 5.91968
0.9712813019882437 -0.2376523073403586 -0.011576408070979358 4.86853 -0.2377177558924822 -0.9671746490994618 -0.08979680769813075 4.40533 0.010144010127377607 0.08996987804335721 -0.9958928256109686 5.94307
0.964787485005603 -0.26301335967131395 0.0030135379491639837 4.86296 -0.2606958549826954 -0.9576840074864631 -0.12197955976109061 4.41827 0.034968270923860165 0.11689873583181319 -0.9925280376843363 5.96881
0.9569846272471767 -0.28971608550414363 0.015652891513627986 4.85561 -0.2839432021035029 -0.9462752260308052 -0.15472380094722812 4.43159 0.05963791739984724 0.14362376683719122 -0.9878337574752669 6.00168
0.9472354886429466 -0.3196270892958173 0.024154768548711902 4.85082 -0.3093501655545011 -0.9313089975303404 -0.1922655096225924 4.43809 0.08394881849532443 0.17464843230706675 -0.9810456263425891 6.04237
0.9362719210040185 -0.3500113899093767 0.029781149627777302 4.84313 -0.3345441967422507 -0.9143190197977438 -0.22825623860516017 4.44864 0.1071217548657977 0.20374679621971928 -0.9731455043644155 6.09083
0.9274086852102171 -0.3725635636568215 0.03330948261360388 4.83342 -0.35217114610519656 -0.8997037842462464 -0.2578925831890786 4.47056 0.1260500473923304 0.2274411828326459 -0.9655992408365274 6.13683
0.9158999187359701 -0.39944110388917875 0.03967547584135298 4.82082 -0.3714785641146042 -0.8809114302806654 -0.2932553979114863 4.47779 0.15208884003369672 0.25385400631990535 -0.9552105151287532 6.18558
0.9044474024649289 -0.42428322684770536 0.0442565203121653 4.80495 -0.3879867300880768 -0.8612955495825063 -0.32807967560476825 4.49108 0.1773166474136153 0.2795598678012756 -0.9436127843903603 6.23926
0.892768873685886 -0.4481686110967368 0.045919867217322746 4.78905 -0.40355827847898307 -0.8408598462911517 -0.3606874474753734 4.50002 0.20026096486513337 0.30347918367301996 -0.9315556510635546 6.29839
0.8798948220554197 -0.4728362698978253 0.04702088885987518 4.76869 -0.41811991944881405 -0.8174672710792081 -0.39613506998804093 4.51046 0.2257450665688601 0.3288968266545358 -0.9169874821045254 6.3624
0.8676807099348007 -0.495007020148943 0.04580650183439117 4.74259 -0.4299149292099787 -0.7934502774621115 -0.43082457083791903 4.53278 0.2496063686074919 0.3541252704885124 -0.9012724080720649 6.43358
0.8560984529707756 -0.5152845257477529 0.039715190367896114 4.72233 -0.44098189733502374 -0.7683975820013422 -0.46378887675028746 4.54803 0.2695002876507692 0.3795352598895183 -0.8850551290494555 6.50946
0.8474932946270491 -0.5298773648213245 0.03138620416996357 4.70035 -0.44884614375501947 -0.7469457334578115 -0.4905193273515533 4.56929 0.2833588798651598 0.40162426410661606 -0.8708649124189015 6.5879
0.8418638928491681 -0.5393218017680534 0.019929376671250137 4.6848 -0.4545682107042094 -0.7285042660780091 -0.5124931961727045 4.58578 0.29091738987901283 0.422390256094765 -0.8584599838211334 6.65129
0.8393906025930699 -0.5434853796151538 0.006859914213405788 4.66447 -0.4580325756391084 -0.7140945508481257 -0.5294101737806124 4.60575 0.29262531662835933 0.44123986061278053 -0.8483382635921631 6.71753
0.8410925983206438 -0.5408540427868841 -0.0063360438217895665 4.64339 -0.45847244024035705 -0.7066660802254782 -0.5389119339918262 4.62719 0.2869952309538967 0.45617974029963404 -0.842338282372277 6.77461
0.8448583989857384 -0.5345410574419768 -0.021912178624410722 4.62031 -0.4615534770029837 -0.7075646522578473 -0.5350893857494166 4.64871 0.27052296303587786 0.4621884039913215 -0.8445112229486617 6.82639
0.8498796859535565 -0.5255865076902152 -0.0382536578314759 4.5949 -0.46312201383657914 -0.7102918621692549 -0.5300976050088169 4.66768 0.2514408870956267 0.46823529712115425 -0.8470733066426004 6.88358
0.8552604038248306 -0.5155314621516072 -0.05250669653686105 4.54922 -0.46202752612681347 -0.7127466090048871 -0.5277526280874135 4.68894 0.2346491141055612 0.4756254649236741 -0.8477736787407442 6.96554
0.8645299512411372 -0.49772314138866125 -0.06971110337098718 4.5057 -0.4568454230258904 -0.720446869953482 -0.5217744407639441 4.73614 0.20947606752871073 0.48293683034164425 -0.8502304364301915 7.06725
0.8759058102159774 -0.47332700395053684 -0.09354442239439587 4.47924 -0.44957843809695064 -0.7303129981390972 -0.5143171713518709 4.7939 0.17512349821825451 0.49254895399370396 -0.8524830134914769 7.17163
0.8856420526435894 -0.4473029695080119 -0.12473254610791792 4.46791 -0.44389860528702857 -0.7366177785270421 -0.5102433503556082 4.8423 0.13635315476174412 0.5072615714078877 -0.8509368456938035 7.27689
0.8947027327939111 -0.41895806760196963 -0.15485850807214416 4.45117 -0.4365259716276746 -0.7467238778429935 -0.5018451218788886 4.88145 0.09461551683324212 0.51660196268534 -0.8509819716797958 7.38046
0.9009334370628591 -0.39437224831267575 -0.1810786341424853 4.42731 -0.4298271251137393 -0.7535260931021915 -0.4974405185854939 4.90624 0.059729259986716514 0.5259933048765472 -0.8483887426919846 7.47375
0.9056107364624568 -0.3695102478162371 -0.20816188595107832 4.41177 -0.42346770925242383 -0.760828449342819 -0.49174705885353925 4.90283 0.02333009267944136 0.5334812531189682 -0.8454900705189765 7.5567
0.9076312095844817 -0.34044791754600034 -0.245562217832471 4.42952 -0.4191612806914323 -0.7665118849422724 -0.48658334436287726 4.88083 -0.022570072160462307 0.5445684031238278 -0.8384126944183486 7.59502
0.9131097698926679 -0.29943362967476705 -0.27671293707803696 4.42625 -0.40204726591789164 -0.7740470432171928 -0.48909014593903805 4.89982 -0.0677387931285119 0.5578446704115007 -0.8271763896527614 7.63048
