1.0 0.0 0.0 0.0 0.0 -1.0 0.0 0.0 0.0 0.0 -1.0 0.0
0.9999993849299287 0.000219670137335486 0.0010871452501416772 0.0693779 0.0002220896213090863 -0.9999974979778368 -0.002225918746513338 -0.0306903 0.0010866535622034226 0.0022261588210942484 -0.9999969316957622 -0.0487719
0.9999989896704493 0.0006649523985583427 0.0012563822619406676 0.140064 0.0006712664753762085 -0.9999871147016617 -0.005031881553135265 -0.0607217 0.001253020111372377 0.005032719836569334 -0.9999865507453822 -0.0979528
0.999995842195621 0.0007854858140383843 0.002774635743128962 0.20351 0.0008058062259030656 -0.9999728096225651 -0.007330122228168393 -0.0909289 0.0027688025927104674 0.007332327569710519 -0.9999692848805974 -0.144722
0.9999974055803235 0.0008637424186950984 0.0021077907050439204 0.274068 0.0008858713843338077 -0.9999442666285058 -0.010520402495651705 -0.121079 0.002098586312864284 0.010522242432782228 -0.9999424375181171 -0.190626
0.9999970476060097 0.0008079560109280793 0.002291721263307708 0.340246 0.0008386970018072256 -0.9999092623094278 -0.013444840465983411 -0.150706 0.0022806504781423794 0.013446722831269731 -0.9999069878136145 -0.2338
0.9999969168067895 0.0016935649175325172 0.001816098781762035 0.408383 0.001723206299468755 -0.9998632698424477 -0.016446038429306035 -0.176209 0.0017879980325732098 0.0164491172358532 -0.9998631054325371 -0.274848
0.9999967985822051 0.0024660680230338284 0.0005668631636431635 0.479582 0.002476920932529346 -0.9997965813380125 -0.0200165133706335 -0.201901 0.0005173857695409369 0.02001785336464731 -0.9997994888269532 -0.314357
0.9999960586016883 0.0028034010688531433 0.00015402446803945138 0.547119 0.0028062166849893884 -0.999727743513005 -0.023163851111440745 -0.227935 8.904496891430359e-05 0.02316419203950918 -0.9997316701386183 -0.349887
0.9999927189324943 0.003633206295142833 -0.0011670021482584026 0.618683 0.0036004038131220665 -0.9996295571543664 -0.02697750091738425 -0.250982 -0.0012645846668220032 0.02697310281339443 -0.9996353597938791 -0.384589
0.9999881420062688 0.004430277891011451 -0.002022000162982824 0.688653 0.004366389317694318 -0.9995228789681536 -0.030576936791319752 -0.27312 -0.0021564997512201066 0.03056774537028293 -0.9995303709501782 -0.41628
0.9999857235017903 0.00443768229890173 -0.002976536311692045 0.760385 0.004333443517897224 -0.9994070853417246 -0.03415697638895846 -0.297928 -0.0031263492891872393 0.034143590094960506 -0.9994120477538527 -0.444927
0.9999817069023174 0.004840148866522814 -0.003627508742650558 0.832342 0.0047003581511981425 -0.9992817536863126 -0.03760164069369908 -0.320282 -0.003806900836451286 0.03758390225292579 -0.9992862241607576 -0.470441
0.9999816621008438 0.005072098579975689 -0.003308969330256996 0.901258 0.004933554029747903 -0.999162756107309 -0.04061338267962054 -0.342454 -0.0035121939965114496 0.040596312936530966 -0.9991694570338355 -0.493327
0.9999776265708438 0.005289916009561266 -0.004094282153665655 0.976514 0.0051059060008295494 -0.9990308253749005 -0.04371887092155397 -0.363854 -0.004321583234502197 0.043696987760675134 -0.9990354834434012 -0.513507
0.9999739796928733 0.005636092736537697 -0.0045027098355228685 1.05115 0.005421921000360379 -0.9989156836762483 -0.04623915741316739 -0.384514 -0.004758435652987069 0.04621354091907445 -0.9989202500329333 -0.532081
0.9999735475878169 0.005378968543801977 -0.004896000616893867 1.1274 0.005138381111583278 -0.998839296185237 -0.04789214377883256 -0.406032 -0.005147928145182338 0.047865719399012845 -0.998840513666835 -0.545812
0.9999811121381085 0.005517144203889249 -0.0027085949982951145 1.19385 0.005378981478202663 -0.9988033931509127 -0.04860913893991562 -0.425693 -0.0029735375041271546 0.04859365133488489 -0.9988142045068517 -0.558124
0.9999786742163908 0.006432886004735683 -0.0011265389827380843 1.26492 0.00637058167163523 -0.9987994213059881 -0.04857089342382388 -0.440572 -0.00143763750458106 0.048562680902865196 -0.9988191023513378 -0.568028
0.9999763484444286 0.006718262487027462 0.0014722434927018383 1.33452 0.006781553929295937 -0.9988091179606997 -0.04831517778993351 -0.457425 0.0011458961778687306 0.04832401915946388 -0.9988310548307082 -0.574586
0.9999640454160522 0.006169730743467471 0.005817413318354432 1.39746 0.006432732426896967 -0.9989054551264008 -0.04633046160186342 -0.47732 0.005525199425125164 0.046366217672686054 -0.9989092281233772 -0.577508
0.9999150405003823 0.006077302039574158 0.011531616583914578 1.45701 0.006575444729925143 -0.9990246525259958 -0.043663568016332775 -0.495426 0.011255012559847528 0.043735683888936804 -0.9989797368550799 -0.580926
0.9998031896211483 0.005860915356444103 0.018953408520978016 1.51224 0.006616841364397762 -0.9991749742263618 -0.04006979273852113 -0.513636 0.01870292580685918 0.040187318284929684 -0.9990171069683087 -0.577589
0.9996119239203539 0.005915220898228838 0.02722153041204857 1.56435 0.006874899034522768 -0.999353222697429 -0.03529691271950083 -0.530133 0.02699513510827546 0.03547036010513705 -0.9990060641630251 -0.573012
0.9992961687223179 0.005710174602632783 0.037075073606194775 1.61092 0.006814738511540341 -0.9995345880553479 -0.029734939381909242 -0.5486 0.03688802672842019 0.029966667933454594 -0.9988699976959212 -0.567218
0.9988219783862448 0.005969212952267132 0.04815624558994042 1.64771 0.007086697895597437 -0.9997087774026462 -0.023068140303099352 -0.562713 0.04800452276113893 0.02338223429951526 -0.998573400864272 -0.55811
0.9982036955370958 0.005990697594910077 0.059611188198276224 1.67884 0.006946267994368797 -0.9998504778387912 -0.0158357610013005 -0.576768 0.05950740774924056 0.01622139044182837 -0.9980960549541805 -0.544588
0.9974395606329431 0.0055281755984514565 0.07130050602144303 1.70469 0.006144040909356729 -0.9999456657870955 -0.008421177762434295 -0.592978 0.07125007821515214 0.008837689073227958 -0.9974193308765273 -0.532106
0.9963276112235027 0.006300865959482221 0.0853908086495826 1.71493 0.006292002650888816 -0.999980135615494 0.0003729303679130602 -0.601395 0.08539146219798674 0.00016571837176919198 -0.9963474648540593 -0.516291
0.9951512836563366 0.007692016854234081 0.09805485971566577 1.72796 0.0068372351421475885 -0.9999356688927316 0.0090504304679817 -0.607158 0.09811816780166505 -0.00833612336514811 -0.9951398566003097 -0.503018
0.99386014524697 0.008687320076913328 0.11030204966161329 1.73988 0.006727123612773225 -0.9998129906529651 0.018130899852798737 -0.613934 0.11043893107763318 -0.0172775632383449 -0.9937327247861845 -0.487149
0.9923350139096386 0.010524871361796084 0.12312776799640143 1.74364 0.007122447581778479 -0.999581402149084 0.028040884759877698 -0.616949 0.12337135368229868 -0.02694898069481605 -0.9919945874500063 -0.472515
0.9908838266416023 0.012204114616452124 0.13416520296456702 1.7489 0.007244656884631717 -0.9992744298392565 0.03739156075978748 -0.619807 0.13452418758988632 -0.03607871194842494 -0.9902532855272047 -0.463216
0.9894955389700644 0.013959928453579283 0.14388779919059452 1.75569 0.007305200333598752 -0.9988834433587463 0.04667441088926889 -0.621952 0.14437871174944006 -0.04513299216033944 -0.9884926912285326 -0.454112
0.987999218414257 0.01639240083113686 0.15358656714637756 1.75672 0.007816610890385343 -0.9983846959350604 0.05627521227721487 -0.621334 0.15426096397665132 -0.054399339312611414 -0.9865314322794514 -0.44773
0.9865876716718442 0.018480433137261637 0.16218273550593673 1.75465 0.007772848355297428 -0.9977621740121951 0.06640953951732868 -0.620532 0.16304707582037456 -0.06425821116026569 -0.9845235057452453 -0.44336
0.9852192742733892 0.020557681218280666 0.1700598816392134 1.75861 0.007673510488078152 -0.9970725245918162 0.07607560674020888 -0.621523 0.1711259735896485 -0.07364619777713655 -0.9824928186587245 -0.438295
0.9838041370550801 0.02306859063732992 0.17775618143771102 1.76737 0.0079265446863278 -0.9963128109327615 0.08542805546537535 -0.621765 0.1790714656293537 -0.0826354820719701 -0.9803595194111641 -0.431103
0.9823443006585767 0.025974136831555097 0.18527012489731673 1.78028 0.008512164792968452 -0.995495015159713 0.09443102161207444 -0.620715 0.1868882500697918 -0.09118672605164842 -0.9781399506092329 -0.423969
0.980844805987751 0.028493358200730727 0.19269560219500617 1.79574 0.008717717033181768 -0.9946736237074709 0.10270532464472314 -0.622583 0.19459565251202451 -0.09905811849158781 -0.9758688545006067 -0.416278
0.9795998717252125 0.03140221496125049 0.1984892748021276 1.81922 0.009477771494617768 -0.993835883350516 0.11045546076313092 -0.623137 0.2007343098811036 -0.10632091920420533 -0.9738591268639062 -0.411524
0.9784905525495388 0.03353817870959867 0.20354711773970638 1.84717 0.009472084663439158 -0.9929595703206223 0.11807443127457479 -0.627873 0.20607405994794084 -0.11360669996760167 -0.9719192350905729 -0.405223
0.9772913513997293 0.03608016147051584 0.20880573849286946 1.87772 0.010053285466683949 -0.9921826085195159 0.12438891752376763 -0.630475 0.2116613945210993 -0.11946502960980174 -0.9700142064782934 -0.396234
0.9762757137244787 0.03873397520941754 0.21303851754139683 1.9152 0.010856581691078086 -0.991388933971871 0.13049948747831341 -0.633505 0.21625879271313977 -0.12509061020953477 -0.9682894576580195 -0.383073
0.9752905992659765 0.041530427969736064 0.21698725892563978 1.95514 0.011941315276725215 -0.9906460805754965 0.13593288060608535 -0.635732 0.22060292829623526 -0.12998294731639595 -0.966663737518931 -0.373158
0.9744219973182522 0.04375709771722246 0.22042478885477848 2.00067 0.012521253092440093 -0.9899080256676716 0.1411570718728885 -0.639607 0.2243768913308661 -0.13478656134087774 -0.965136049227568 -0.360635
0.973603156048671 0.04578407434771761 0.2236083922132387 2.04957 0.012962322087458313 -0.9891851758009257 0.14609813887176076 -0.644795 0.2278790748141828 -0.1393431250970566 -0.9636672769945122 -0.347803
0.9729513205073624 0.04781077619480674 0.226008534357952 2.10278 0.013763273867976336 -0.9886077575873772 0.14988420173751685 -0.64933 0.23059987037163435 -0.1427194146488405 -0.9625252560150707 -0.335757
0.9724703866506035 0.04932328346425534 0.22774670315051926 2.16088 0.01420426952763118 -0.9880720453955636 0.1533358139346899 -0.65549 0.23259317662995282 -0.14587956270887345 -0.9615714052367903 -0.322287
0.9721996822108122 0.050062903931965795 0.22873889822042642 2.22494 0.014197438470327083 -0.9876824575577489 0.15582617165792992 -0.664055 0.23372250779519954 -0.14824664813271202 -0.9609353363610574 -0.308147
0.9720305196440874 0.0511649434965637 0.22921347568901618 2.28579 0.014794871497704937 -0.9873822740685462 0.1576621597993413 -0.66944 0.23438809837065566 -0.14986124719960156 -0.9605226837144284 -0.294459
0.9720542504105519 0.0518625777191368 0.22895590687096648 2.34468 0.015372545055270349 -0.9872607286733802 0.15836646891886538 -0.673578 0.2342524687539149 -0.15042116424104943 -0.9604682473830478 -0.28732
0.9725306849712625 0.052623372788712736 0.22674842320436628 2.40884 0.016284494910667566 -0.9871054244739226 0.15924100037258335 -0.676639 0.2322043970617927 -0.1511742756241842 -0.9608472596488331 -0.27079
0.9728178284328785 0.05280097424554461 0.22547179380547677 2.46177 0.01676304328478663 -0.9871607899349643 0.15884764774717056 -0.679882 0.23096422463873162 -0.1507502302940136 -0.9612127209953741 -0.263949
0.973268594056424 0.05219926111690816 0.22365929661492046 2.51214 0.016807340132912223 -0.9874062538312739 0.15730989546925028 -0.68423 0.22905404851494926 -0.14934566292242535 -0.961888827165163 -0.25663
0.9737214363492007 0.05127571626543985 0.2218949420683475 2.55838 0.016709527310915826 -0.9877836313876064 0.15493317675617085 -0.688086 0.2271285012742675 -0.14715399581451816 -0.9626828893382938 -0.245334
0.9745355818512442 0.04962554472484229 0.2186725977726055 2.60532 0.01617240617870001 -0.9882185678254412 0.1521923634201971 -0.692429 0.22364895033120136 -0.1447804113676877 -0.9638567214580989 -0.240019
0.9753661778193442 0.047628173190608816 0.21538889545333956 2.64727 0.01559289348156934 -0.9888567149850317 0.1480515413695006 -0.696414 0.22004018005572684 -0.14104592992191545 -0.9652400555372255 -0.23535
0.9761923641841341 0.04535431860459867 0.2121118900309533 2.68482 0.014835618328088657 -0.9895660184571269 0.14331433823498677 -0.699049 0.21639864264226324 -0.13675555161974765 -0.9666796504342916 -0.233134
0.9773119530760828 0.043030702760864216 0.20738781303277815 2.72223 0.014409883860770438 -0.9903847711693061 0.13758764582272723 -0.699766 0.21131422484473567 -0.13147761655820842 -0.9685349424375154 -0.232357
0.9783114321589517 0.04001380698855184 0.20323788268279094 2.75155 0.013432359864703312 -0.9913545313892109 0.130521127801377 -0.701016 0.206703443163306 -0.1249603470880311 -0.9703909512356723 -0.233406
0.9794471259711338 0.03607154626545257 0.19844941667060895 2.77942 0.01179475127622533 -0.9924379434201006 0.12217942667410464 -0.704145 0.20135593179545924 -0.11732762679821085 -0.9724659463038702 -0.238434
0.9806019151940141 0.032032753573627004 0.1933747310698141 2.8031 0.010080224509016796 -0.9934918443455872 0.11345635413078882 -0.706194 0.1957505376536153 -0.10930625744802734 -0.9745429026425804 -0.240005
0.9817588606269017 0.027835461818688314 0.18808170204969188 2.82484 0.00817593595896032 -0.9944908451947532 0.10450412860275593 -0.708135 0.18995445151868307 -0.10106011027683828 -0.9765777800355024 -0.242617
0.983015728678592 0.022986372771786442 0.18207609353589907 2.85275 0.005720279275952086 -0.9954806611907573 0.09479204397109474 -0.711898 0.1834321552386661 -0.09214054407267909 -0.9787046360176747 -0.246324
0.9841114244706463 0.018091100842334805 0.17662790350527208 2.88417 0.003078544030976762 -0.9963845503762953 0.0849020043230838 -0.7162 0.17752528493993347 -0.08300927563676287 -0.9806091134418725 -0.248654
0.9852516619903154 0.012967553209655704 0.17061947458914523 2.92372 0.00021771836276497473 -0.997218438753111 0.07453413989255014 -0.721516 0.17111141149565606 -0.07339773821149034 -0.9825139474233441 -0.249638
0.9861342640215708 0.008494174530947664 0.16573189892616563 2.96393 -0.0022366626801821046 -0.9979181504616493 0.06445434290453995 -0.724923 0.16593435648680493 -0.06393132235640632 -0.9840622822560933 -0.25276
0.9869101230467698 0.003033072473472769 0.16124270370835353 3.00838 -0.005819179678901302 -0.9985022892521094 0.05439959104773705 -0.732813 0.16116620668016568 -0.05462580735940689 -0.9854143671545785 -0.250211
0.9876203084939001 -0.0014244387629878106 0.1568569323448096 3.05886 -0.008673055660679864 -0.9989250066270423 0.04553689977008118 -0.737391 0.15662344765685762 -0.046333595903773415 -0.9865709774439473 -0.246319
0.9882037449879649 -0.00661019147515867 0.1530021691363319 3.11345 -0.012460931267818106 -0.9992259588692233 0.03731230780613337 -0.746953 0.15263709766534378 -0.03877871182159959 -0.9875212037853959 -0.239443
0.9887158860576147 -0.010241364215808374 0.14945237072828735 3.17424 -0.015005247906806848 -0.9994134573552295 0.030782848999442204 -0.752298 0.1490494521712896 -0.032678061696899206 -0.9882896362358417 -0.231489
0.989036303951827 -0.01425282894784139 0.1469831498243693 3.23729 -0.018173596820176274 -0.9995130100510273 0.02536657480529982 -0.760797 0.1465500250560439 -0.027759675893618916 -0.9888136783794782 -0.220847
0.9894069271231954 -0.017245458822873403 0.14414064905717666 3.30974 -0.02051501575934671 -0.9995641671810328 0.021227572072227762 -0.766958 0.14371174861168917 -0.02395975454123948 -0.9893295019725704 -0.211379
0.9891842285526425 -0.0204289731255691 0.14524881768795425 3.37279 -0.023430395753829554 -0.9995452228669667 0.01898325574407361 -0.777019 0.14479495342563817 -0.022181174469823577 -0.989213029110316 -0.205045
0.9890637348222322 -0.023821660751242067 0.14555224813980144 3.44894 -0.026593624403298165 -0.9994995765499333 0.017128211161730612 -0.789134 0.14507138794605196 -0.020811654320530656 -0.9892022884343976 -0.19431
0.9888199134321201 -0.024499455259961826 0.14708825749209137 3.52905 -0.027475179469007287 -0.999456186726603 0.01823308331203451 -0.791932 0.146561568336452 -0.02207051213458536 -0.9889553069683568 -0.179926
0.9883883651551639 -0.02490572522874303 0.14989377731157746 3.61469 -0.028229682231495374 -0.999399591481182 0.020088344589716083 -0.794084 0.14930346502011002 -0.024086539769687422 -0.9884980090697766 -0.157914
0.987736189584225 -0.024309508054280903 0.154227972831761 3.69972 -0.028514059023165738 -0.999277998707225 0.02510835991669704 -0.79713 0.1535062481583697 -0.029198101271175662 -0.9877162055259084 -0.148289
0.9866027853975449 -0.02306070972839458 0.16150277865296736 3.78359 -0.02863826766106642 -0.9990680783559293 0.03229279231600192 -0.801137 0.16060757600804443 -0.036485318650301565 -0.986343767685388 -0.12362
0.9854715679141878 -0.019338385400406766 0.16873593477045015 3.87313 -0.026555424319193815 -0.9988217273936023 0.040619777518933586 -0.793015 0.16775159692825534 -0.04451049018563408 -0.9848239527912866 -0.107493
0.9835589983646056 -0.015499402111563348 0.17992071940217863 3.95785 -0.025476825523635806 -0.998254731229895 0.05327685180608634 -0.792664 0.17878095004013056 -0.05698473577471015 -0.9822372991245214 -0.082116
0.9816915216056032 -0.010921001850071891 0.1901643713377093 4.06327 -0.024234997749961396 -0.9974025734638099 0.06782898592658433 -0.790834 0.18892967287256607 -0.07119577351472582 -0.9794063204522958 -0.0566084
0.9791649375513014 -0.005082274383587474 0.20300294470092423 4.1665 -0.023031318587988923 -0.9960156199483916 0.0861536022631694 -0.788416 0.20175624757180416 -0.08903401207354278 -0.9753806237873672 -0.0183315
0.9762382559276844 0.002130130960118052 0.2166894787601964 4.26838 -0.02106963814635512 -0.9942808548370955 0.10469790854069666 -0.778867 0.2156732204323349 -0.10677567254064557 -0.9706101265399193 0.0208898
0.9727706300567803 0.01155830526526403 0.23148154759792286 4.37312 -0.017902014358286755 -0.9920248670764654 0.12476450209830053 -0.759297 0.23107751768800475 -0.12551122930366077 -0.9648057380311509 0.0452028
0.9675229020149906 0.019453523649844238 0.2520337169786921 4.43834 -0.017905720533175556 -0.9892557669231076 0.14509449604158536 -0.745759 0.2521484071904448 -0.1448950931777152 -0.9567792810906507 0.0633146
0.9631025344568958 0.028589322849077177 0.26761195552840117 4.54261 -0.017120068970607936 -0.9858201993437883 0.16692943959713918 -0.734768 0.2685896709874476 -0.16535170148747957 -0.9489564813278055 0.0753684
0.9562527535223834 0.031557418547947275 0.2908346621629703 4.59975 -0.025352117360536962 -0.9814849351554401 0.18985413402994109 -0.759582 0.2914411459046183 -0.18892181292140656 -0.9377476244045045 0.0984028
0.9501572449842091 0.03322358272458168 0.30999581183454783 4.67908 -0.03383366745578959 -0.9774456248477039 0.20845942869674355 -0.787927 0.30992981907281614 -0.20855753167177765 -0.9276029663775698 0.0872128
0.9431995440175436 0.0377403669907697 0.3300761803955268 4.74994 -0.0406998613925605 -0.9729172383004363 0.22754245472104576 -0.805362 0.32972434160632524 -0.2280519943286066 -0.9161190678263502 0.0842175
0.9380721797014162 0.04355464679381332 0.34369110901054756 4.86724 -0.04543788179799388 -0.9680279201642574 0.24669281440725713 -0.807678 0.34344720783250726 -0.24703226211393534 -0.906101030187543 0.0645101
0.9317519735251965 0.051240147941874745 0.35946169068594286 4.98814 -0.049093451150704306 -0.9631231579601562 0.2645441657927257 -0.802657 0.35976116089152127 -0.26413676351418885 -0.8948763474772559 0.063523
0.9272113189412954 0.05648566813269683 0.37025469520688903 5.11192 -0.05303283819149317 -0.9588018920460586 0.2790814395158751 -0.803131 0.370765003877791 -0.2784031269660974 -0.886016371629216 0.0372936
0.9174117515134285 0.0652331267691933 0.3925561327466147 5.19689 -0.05518634379503079 -0.9560843582520232 0.28784920942110265 -0.79055 0.39409408222352194 -0.2857399850873719 -0.8735230479378714 0.0472247
0.9117385211022498 0.06859352932561044 0.40500345291483514 5.30484 -0.05917868643333927 -0.9537393588472042 0.2947526394415301 -0.788009 0.4064858573312324 -0.292704907919872 -0.8655016375890415 0.0233948
0.9077411576506625 0.07849170995333635 0.41212260575663184 5.40651 -0.06124050975201827 -0.9470284135147559 0.31525669534688344 -0.746794 0.41503685459528505 -0.31141007604816845 -0.8548497960831049 0.0102787
0.905475524818822 0.09085384840882431 0.41455958821788846 5.52841 -0.06245392926728875 -0.9376567071452913 0.34190555167257225 -0.70457 0.4197780135656885 -0.3354779840388276 -0.8433510191800855 -0.0120974
0.9022779227221313 0.09908626236770218 0.4196146598704992 5.61236 -0.060503769829794773 -0.9345053896606469 0.3507691128528653 -0.683915 0.4268885615762257 -0.34187949529798045 -0.8371884893440541 -0.0266894
0.9012543947989358 0.10225200805894533 0.4210523039997733 5.72212 -0.058917242591839 -0.9338096407352081 0.3528856945178651 -0.683401 0.4292659716084872 -0.34284702378450804 -0.8355756362539102 -0.0460671
0.9015648827961241 0.10856136715631998 0.41880209129129414 5.84153 -0.056747639324454896 -0.9299705806199866 0.36322778612384055 -0.651098 0.42890612905379705 -0.35123944644996175 -0.8322682162125451 -0.0571412
0.9045331748774054 0.11056633310392852 0.4118189183732974 5.98702 -0.04959465876759112 -0.9319622177541343 0.3591473158754246 -0.644267 0.423509274240751 -0.34528468060825823 -0.8375072441294616 -0.0555103
0.9072352366598334 0.10931009798637256 0.40617179596937264 6.11228 -0.03859743739673257 -0.9399330868368082 0.3391696184740528 -0.638493 0.41884897420094197 -0.32338381955137896 -0.8485213268169397 -0.0502708
0.910850082669473 0.10569582923419932 0.3989743332390061 6.22837 -0.02832554026517444 -0.9483672461120767 0.31590699623541413 -0.641648 0.41176424161126535 -0.2990450771778244 -0.8608264930553711 -0.034704
0.9129259090763774 0.09357472840340234 0.397253136855204 6.26522 -0.02598760188307104 -0.9580571135936239 0.2853965865966536 -0.662915 0.4072971017395496 -0.27086959463343924 -0.872203378586485 -0.0602121
0.9152824264806795 0.07635343878720495 0.39551009109883384 6.29523 -0.025420170674270683 -0.9689653223161628 0.24588619129919762 -0.689282 0.40200981915685874 -0.23510924382955087 -0.8849360139396331 -0.0763775
0.9162704054301579 0.057341662129336474 0.3964347082649285 6.29391 -0.02411492103792728 -0.9800086453992708 0.19748803894418693 -0.710106 0.3998337338396905 -0.1905124371974995 -0.8965701291906173 -0.111489
0.9194431135839201 0.04503486500834916 0.3906356637799304 6.30685 -0.01640090882494482 -0.9881635904079449 0.1525245186250242 -0.730183 0.3928808611689082 -0.14664439820790726 -0.9078215955800006 -0.164945
0.9224894615029721 0.030874580283467762 0.38478559446564015 6.35999 -0.007866884290352231 -0.9950857169552659 0.09870424531491166 -0.747951 0.3859421012891941 -0.09408068985686573 -0.9177132004327592 -0.177811
0.9236989842780455 0.0244765626659358 0.38233634972856984 6.40992 0.010912690040195218 -0.9992330952678302 0.03760497995688274 -0.749923 0.38296357482114846 -0.030563363714281293 -0.9232577002975252 -0.177779
0.9230980132013784 0.02330476047311322 0.38385797655247217 6.41685 0.03447622303782598 -0.9991578695648888 -0.022247285937801932 -0.736509 0.3830162503976999 0.03377039866277954 -0.9231241043897853 -0.19144
0.9214560202568886 0.02721965093292207 0.3875279258781571 6.41101 0.07135522368989107 -0.992429605827322 -0.09995953946268454 -0.714609 0.3818733229547492 0.11976046125711212 -0.916422499251836 -0.16281
0.9247452357439234 0.029392926195497 0.3794500031078951 6.40294 0.09301002888584858 -0.9842355761519379 -0.15043093153841938 -0.713818 0.36904658716152516 0.17440294299847428 -0.912900996810663 -0.0746593
0.9339762182255805 0.019029413762279054 0.35682811716694546 6.41966 0.09909237201733628 -0.9732100819762038 -0.20746767976687103 -0.725286 0.3433207328388736 0.22912882348525054 -0.9108407416509453 -0.0376918
0.9420811584270591 0.005058170290121046 0.33534684410330584 6.42587 0.09200989624482123 -0.9654209518728357 -0.24391917652772918 -0.752755 0.3225170847098615 0.2606468887177908 -0.9099702904336976 0.0284462
0.9513770033109141 -0.0005953869734857953 0.3080283153956734 6.47958 0.09153893576558794 -0.9542743110904053 -0.2845718932569337 -0.743738 0.2941129388688097 0.29893173921028177 -0.9078201333318554 0.109832
0.9540113935642917 0.0028677019212236324 0.2997566300104299 6.49098 0.10430928258504782 -0.9406406590023059 -0.3229779004797404 -0.72431 0.2810370696476025 0.33939199595364566 -0.8976810338680937 0.216812
0.9544594635992697 0.009771614588712993 0.2981805625692667 6.47958 0.1224213388417731 -0.9242708786827664 -0.36157483128002005 -0.672935 0.27206644067577046 0.38161218320084705 -0.8833753412285746 0.309356
0.9561852518201945 0.01021453107516846 0.29258405212257477 6.48056 0.12990064597213233 -0.910429060079327 -0.39274005237446286 -0.682975 0.26236536809871436 0.4135391032514186 -0.8718657142613413 0.307003
0.9619654804201427 0.004085521899953447 0.2731404821531391 6.61978 0.12322764001028017 -0.8988632651661455 -0.42054700007532175 -0.752383 0.2437977916584584 0.438210153973708 -0.8651788819295108 0.378321
0.9651438972355754 0.007632031211203441 0.26160850469454566 6.71955 0.12842861137651268 -0.884763086435942 -0.4479959516114474 -0.726644 0.22804242896624652 0.46597857566623907 -0.8549038645433985 0.448162
0.9679173157797607 0.00909619757567768 0.2511042194057424 6.81711 0.12956002082739182 -0.8743212143256509 -0.4677356253091321 -0.702022 0.21529113037212838 0.48526247883983703 -0.8474491464467397 0.54699
0.9696072761400256 0.015606352623627556 0.24416832680367695 6.89922 0.13546967151584777 -0.8652708994905729 -0.4826533316928033 -0.608445 0.20373928967115917 0.5010615852892355 -0.8410871474417674 0.648623
0.9712665483104329 0.019641970521681172 0.23718238789413298 6.98822 0.13836146423953974 -0.8574695125158446 -0.4955826271363137 -0.515174 0.19364244717165735 0.5141597301421664 -0.8355491455046237 0.752723
0.972897696428368 0.026484436192018235 0.22971427235582462 7.09215 0.14252058314322696 -0.8509750695133416 -0.505499074625541 -0.389649 0.1820932608991601 0.5245378973023347 -0.8316862621378063 0.855648
0.9740315038807676 0.03249815328315881 0.22406806885621805 7.18827 0.14616434303139597 -0.8460512607100934 -0.5126726529444127 -0.269239 0.1729121576812081 0.5321100772246717 -0.8288306530540381 0.967455
0.9753290701925654 0.03705307563181514 0.2176241586394495 7.30876 0.14775120524927385 -0.8420221208904883 -0.5188143495302252 -0.15123 0.16402068828258293 0.5381689488602132 -0.8267232888324851 1.09085
0.9760412388319375 0.041483754830525216 0.213594471334296 7.43447 0.15036208882101748 -0.838145588204019 -0.5243121352968281 -0.0283722 0.1572728277382872 0.5438667769401802 -0.8243022422606305 1.18351
0.9774848081180036 0.04571980489069323 0.20599308080434808 7.58643 0.15031347736047634 -0.8360123777796313 -0.5277207241743008 0.0813931 0.14808547674337041 0.5468025270973095 -0.8240617015355616 1.26347
0.9781695068277962 0.04846377205019171 0.2020783974375613 7.73217 0.150866277983985 -0.8343593537682317 -0.5301734008291227 0.164622 0.14291179825166603 0.5490862697046118 -0.8234564264989068 1.39814
0.9786858085524008 0.04977601163625346 0.19923964666632304 7.88414 0.15069380493549145 -0.8331825665667929 -0.5320697209231476 0.226298 0.13951869155133922 0.5507532654780721 -0.8229248904201665 1.53677
0.978527740062926 0.051222952445484186 0.1996488694436076 8.01682 0.15238784714524609 -0.8320063455675963 -0.5334260820185779 0.277873 0.13878546743005954 0.5523962799277535 -0.8219470444938644 1.62926
0.9780357533381439 0.05300561503349554 0.20158489518614842 8.14086 0.15450571610000496 -0.8335159038962383 -0.5304519032338949 0.316665 0.1399072867463101 0.5499469453746949 -0.8233980254945528 1.71994
0.9775290880075784 0.054693550447048704 0.20358167314021125 8.26548 0.15685501972725474 -0.8339199362930731 -0.5291257342440635 0.350996 0.14083105085681286 0.5491686037934552 -0.8237599527302313 1.79438
0.9773396757417472 0.05490868983537238 0.20443139191811915 8.38179 0.15720005026628847 -0.8350410801997314 -0.5272518739418023 0.372722 0.1417579007226516 0.5474408005980452 -0.8247504273556203 1.85402
0.9762111790662936 0.05570306212719593 0.20954451254005768 8.49041 0.16096336037026 -0.8336808369732945 -0.5282679799891534 0.401733 0.14526710048841224 0.5494300964937764 -0.8228147048895814 1.9197
0.9738904477780819 0.06167250672692892 0.21848088621347195 8.56008 0.17177454658312705 -0.8294146531220548 -0.5315682819098433 0.464293 0.1484281000106391 0.5552187272602018 -0.8183527748024035 1.91364
0.9730805597785109 0.062159500906643364 0.22192435789740797 8.66331 0.1741854297180903 -0.82889842017185 -0.5315889813667467 0.489167 0.1509094438895858 0.5559348932057135 -0.817412218076833 1.99122
0.9728559040007325 0.06282443562221669 0.22272063294555194 8.76046 0.1754368179706411 -0.8278577831100731 -0.5327977231974731 0.51944 0.1509082931824937 0.5574088097911846 -0.8164080510479557 2.02445
0.9728875037105501 0.06453081587868595 0.22209385161657597 8.87788 0.1763078389785979 -0.8284335172928962 -0.5316140078481923 0.557462 0.14968450500486458 0.5563575120619404 -0.8173499053243333 2.06385
0.9730765532181405 0.06380140041758663 0.22147551305247873 8.98313 0.17525175487179429 -0.8289261086941426 -0.5311951889273315 0.577911 0.1496958382569817 0.5557075558510444 -0.8177898681070819 2.14426
0.9730563145621209 0.06577947629682618 0.22098522391530745 9.08248 0.176400710728894 -0.8295720365862624 -0.5298047049323578 0.612109 0.14847288622884774 0.5545117641783959 -0.8188238549545557 2.23133
0.97494476679419 0.06316940217088576 0.2132893066470875 9.20505 0.16924385292523808 -0.8328804607022853 -0.5269408471805627 0.620492 0.14435795768728105 0.5498361254134924 -0.8227034795372117 2.23245
0.9762896265462544 0.06304097994901378 0.20708548946085809 9.31293 0.16505856033681954 -0.8357326374844947 -0.5237429047755653 0.643934 0.1400508363334958 0.5455059976666419 -0.8263225579348599 2.27961
0.9778132965506945 0.060864319978846754 0.20044124236837146 9.41096 0.15902703331164486 -0.8385071353699183 -0.5211680982272711 0.655775 0.136350870055019 0.5414806723118066 -0.8295824984581057 2.31621
0.97945364998461 0.059001328230105766 0.19284551018602586 9.51075 0.15237871294188968 -0.8429035055414926 -0.516037215894393 0.673754 0.13210327540980377 0.5348200852744281 -0.8345754615450032 2.34448
0.9806285216546848 0.057395000728312606 0.1872792471384502 9.58839 0.1471890675041215 -0.8467620064207273 -0.5112039542977065 0.69196 0.1292403997386842 0.5288666357161713 -0.8388068911863111 2.38875
0.9811020683574491 0.05490854906347267 0.1855364727067956 9.6269 0.14353244044489186 -0.8495769840841466 -0.5075602295830705 0.700608 0.12975812115112054 0.5245988937790756 -0.8414028943622082 2.41813
0.9819527281530651 0.053881485206443806 0.1812887895726062 9.68362 0.13975210146753306 -0.8525753602105328 -0.503571847204834 0.71988 0.12742915603644733 0.5198192384991422 -0.8447187517026071 2.46668
0.983297965422904 0.052347827497128976 0.17431240963140865 9.75683 0.13377071455301753 -0.8572916516946626 -0.49714828759899415 0.734568 0.12341194076406174 0.5121627953014236 -0.8499757431749918 2.47788
0.9837648871904554 0.05153759396740084 0.1719026559981024 9.80126 0.13085383230912173 -0.8615273317330598 -0.49055879489305926 0.750885 0.12281661655153527 0.5050886388397245 -0.8542842299924935 2.51038
0.9845728833472128 0.05091721123164464 0.16740273288613916 9.85967 0.12714992956810064 -0.8654496611083174 -0.4845923848951051 0.770866 0.12020454562196481 0.49840176734025604 -0.8585723880511918 2.51673
0.9851113858554376 0.050489454688102973 0.16433615677408747 9.90647 0.12413503254875094 -0.870221227524519 -0.47676567500171413 0.786562 0.11893717312976632 0.4900671689993297 -0.8635323495485753 2.52767
0.9849505476573581 0.04979804836162811 0.16550701812564725 9.9307 0.12296633889349504 -0.8748284992141855 -0.46856629889673695 0.799418 0.12145656906318616 0.48186642479221253 -0.8677862930983471 2.55507
0.9848483730482435 0.04868505161939052 0.16644352751923036 9.96714 0.12120189751550883 -0.87969057835286 -0.4598419145704865 0.810561 0.12403137563885845 0.4730478327886386 -0.8722625555135933 2.54844
0.9841924921948978 0.0469030499539049 0.17077834233947092 9.97833 0.12019462582128487 -0.8851113673785579 -0.4495899456848883 0.813697 0.1300707124255009 0.463009688065251 -0.8767574570694233 2.56675
0.9832696396357915 0.04424860360107009 0.1766999627896285 9.98141 0.11868596501514567 -0.891500167800854 -0.4371968578563581 0.809082 0.1381826960184391 0.45085420247614894 -0.881836736947759 2.59207
0.982080869015313 0.04223847518727014 0.18366566888774283 9.98996 0.11793126376509441 -0.8979058108580101 -0.42409594651940147 0.806729 0.14700130523534594 0.4381564401458384 -0.8867973557796792 2.60757
0.9798256085534092 0.03985974831778883 0.1958391617807434 9.96089 0.11847190133206709 -0.905019453487151 -0.4085391014389978 0.798523 0.16095398540485606 0.4234985115367719 -0.8914834969355474 2.62829
0.9771927955335715 0.03575216833440501 0.20932277185407228 9.93965 0.11758571584955038 -0.9119127461801122 -0.39317774960238405 0.77777 0.17682714663035315 0.4088238322476254 -0.8953185100292147 2.632
0.9736797818386458 0.036270419571038284 0.22501586411359617 9.91733 0.12074767469313584 -0.9194152006987326 -0.3742935850108975 0.796774 0.19330722049330742 0.3916122385577986 -0.899595560858824 2.64414
0.9687122359036366 0.03716869983346673 0.24538763571799316 9.86444 0.1247629146654064 -0.9276420078899836 -0.35201494332205846 0.816009 0.21454794134358263 0.371616459472033 -0.9032554389067919 2.66022
0.9631642543634991 0.035230504905388906 0.26659600642266934 9.81292 0.1258443099616159 -0.9351768519407673 -0.3310701817506983 0.807588 0.2376506443641366 0.3524245552146828 -0.9051624738769517 2.64245
0.9564942842282059 0.04147716536068921 0.2887876884363556 9.78209 0.13288324964345782 -0.9431448116008351 -0.30466359532215104 0.861026 0.2597320276803884 0.3297840340344981 -0.9076242420148145 2.64257
0.9473143723206622 0.04155271063006463 0.3175985708941457 9.70509 0.13526229210498775 -0.9506969394607095 -0.27906888331475593 0.864157 0.2903439207719262 0.3073250746999568 -0.9062293893553944 2.66129
0.9392877476567378 0.0383949987717159 0.34097558735377553 9.67344 0.13317812997122938 -0.9566113979014772 -0.2591490287505396 0.833753 0.3162311066282041 0.288825998612143 -0.9036467394543066 2.64436
0.928303527088937 0.0356321683109794 0.37011202381940694 9.61379 0.13180721107219817 -0.9622921377711171 -0.2379510468421238 0.80585 0.34767717886511934 0.26967422970197136 -0.8979957623124066 2.65316
0.9168517477619386 0.03783681382882332 0.3974308092550969 9.56052 0.13302197230872315 -0.9675658916915874 -0.21475893489715503 0.806086 0.376414701504837 0.24976913491131392 -0.8921476064736588 2.64824
0.90464856768655 0.03999050794871478 0.42427789036983465 9.50935 0.1334913619910048 -0.9720740514949556 -0.19300801714946728 0.800139 0.40471103920755636 0.2312418597144261 -0.8847237857429592 2.64144
0.8920391153905076 0.0414847296527575 0.4500502569924367 9.46356 0.1309301696264673 -0.9767984722255534 -0.16947576623048383 0.798664 0.4325777471101643 0.21010416907682417 -0.8767740477692256 2.64483
0.8776764485532934 0.046655050327380466 0.47697731385656894 9.40231 0.13176258491795373 -0.9803873416413814 -0.14655811668101046 0.809461 0.46078484444544976 0.19147837117621205 -0.8666102702490247 2.64238
0.8622711290654349 0.04834648850428647 0.5041340268515164 9.34173 0.12916551146068334 -0.9835075546158133 -0.12660632157488633 0.79786 0.4896986528767673 0.17428570527420872 -0.8542948684779462 2.65231
0.8460876772929457 0.05178272829856414 0.5305225644428193 9.27746 0.12686067801975648 -0.9862344525694323 -0.10605646108295236 0.796925 0.5177277380104295 0.15703551704958085 -0.8410100092624194 2.66678
0.8299461843959486 0.053898560747201354 0.5552335329894853 9.22467 0.12329030932033745 -0.9884308508021731 -0.08833998420979798 0.789175 0.544048555401355 0.14177234685181764 -0.8269895833889482 2.68283
0.8129484641406161 0.0550065273338353 0.579731900624837 9.16368 0.11844449266311935 -0.9903376292932732 -0.07212684773062122 0.778209 0.5701628686692867 0.1273014609360473 -0.8116086749378412 2.70724
0.7992857027359855 0.058568910777170705 0.5980903343912336 9.12868 0.11547840245461148 -0.9916608198739171 -0.057215005842189824 0.789993 0.5897517307887894 0.11479765249066223 -0.7993837595387215 2.70414
0.7819376911983072 0.06003846412661531 0.6204585642158371 9.07259 0.11374050256306248 -0.9923831998835483 -0.04731471933332816 0.78013 0.6128919522723095 0.10756843130866402 -0.7828106331838055 2.72779
0.7656087575721602 0.06139483315977216 0.6403701310883395 9.02485 0.11035960196132225 -0.9932131850532642 -0.03671957640399562 0.78324 0.6337696652442052 0.09878382204406799 -0.7671882219629118 2.75956
0.7482393017092271 0.05551299269410447 0.6611023029908705 8.95914 0.10141399736998735 -0.9943522821795733 -0.03128482158675161 0.749356 0.655631869660962 0.0904535602749775 -0.7496432517661001 2.81291
0.7330935378428769 0.055150864120283076 0.6778880784906902 8.90652 0.09781373109110506 -0.9948947448085395 -0.02483788965246095 0.76152 0.673057455781489 0.08451525861722789 -0.7347454200454819 2.85018
0.7199409357470072 0.05192559179207127 0.6920901544977842 8.85499 0.09419857642825616 -0.9952803547446014 -0.023316167316913206 0.75655 0.687613028697547 0.08198017062987542 -0.7214343867524495 2.87356
0.713589877059421 0.05075366641964714 0.6987228010472275 8.84095 0.09438048551646473 -0.9952445383973142 -0.024096322208857657 0.774988 0.6941770748965979 0.08314068880686447 -0.7149865834774266 2.85213
0.7051383476443301 0.04324899120300848 0.707749557005404 8.80204 0.09003006405182798 -0.9955207004956913 -0.028863860645994326 0.768749 0.7033310019103716 0.08407175295240207 -0.7058735312414418 2.86688
0.6997815863685422 0.036265657548621905 0.713435724828869 8.77924 0.08825564040456438 -0.9954483531039515 -0.035965514585669114 0.774173 0.7088841042908973 0.08813273163358684 -0.6997970765146817 2.86805
0.6963850841983854 0.02874980925991802 0.7170922276621927 8.75685 0.08712808113484842 -0.9951931862200396 -0.04471263332621592 0.779329 0.7123598191811262 0.09361608071652913 -0.6955426064933115 2.86229
0.6929681399436051 0.018947571961624006 0.7207191870207561 8.73556 0.08633232109650202 -0.9946425319406903 -0.05685915923317683 0.774197 0.7157806139853125 0.1016229460868576 -0.6908913731343277 2.86525
0.6905361084467911 0.008917854858348902 0.723242943135906 8.70757 0.08470212435554339 -0.9940410257620951 -0.06861478872298839 0.775191 0.7183212603430444 0.10864120289543787 -0.6871765828174101 2.87149
0.6930827926839859 -0.0006975210075887764 0.7208576530424096 8.70812 0.08625601493959242 -0.9927345268187341 -0.08389314124959595 0.775339 0.715678798325134 0.12032320111444768 -0.6879870528588922 2.84195
0.696066574447008 -0.010502790910903656 0.7179004215911073 8.71612 0.08699036645750956 -0.9912930503872006 -0.0988471769836 0.785151 0.7126878700252979 0.1312546366309426 -0.6890923162259779 2.82296
0.6986482924026282 -0.022707049066969784 0.7151048548608531 8.71469 0.08615311189209718 -0.9895534740564739 -0.11559222851935652 0.779353 0.7102592518469572 0.14236682164547182 -0.6893935619516379 2.81425
0.7019721718944868 -0.03310285816975374 0.7114346566387741 8.71402 0.08737079692523517 -0.9873715103526465 -0.1321508395303758 0.780007 0.7068248819406309 0.1549248247535784 -0.6902151004901925 2.79832
0.7032873424584629 -0.043124842357935934 0.7095964782249946 8.7008 0.08778331366802516 -0.9852513809992993 -0.1468802440099897 0.781188 0.7054650974918413 0.16558974669518697 -0.6891291838329372 2.79723
0.7066015992726764 -0.05256079209810521 0.7056568167596171 8.69545 0.08971066446516013 -0.9825365783478315 -0.16301493456047297 0.778813 0.701901828311136 0.17849155538163589 -0.6895466540205448 2.78004
0.702428611516542 -0.06743139750329068 0.708552787273959 8.67762 0.09119287944675301 -0.9787708987734519 -0.183552135515823 0.73523 0.7058880254411126 0.19354724060281064 -0.68136742011479 2.81952
