1.0 0.0 0.0 0.0 0.0 -1.0 0.0 0.0 0.0 0.0 -1.0 0.0
1.0 0.0 0.0 0.0 0.0 -1.0 0.0 0.0 0.0 0.0 -1.0 0.0
0.9999522277603448 0.003059825838031934 0.009283300219478787 -0.00221468 0.002881874383135503 -0.999813001018584 0.019122180687706228 0.0442257 0.009340074794341322 -0.01909451387321421 -0.999774055745988 -0.1035
0.9998009917905152 0.006888057982697549 0.018722485730498752 -0.0614052 0.006123335137539188 -0.9991567169590808 0.04059999658059457 0.0744917 0.01898635250634283 -0.04047727279323435 -0.9990000544573191 -0.172074
0.999524088022286 0.011227286672389617 0.028732307550799228 -0.13216 0.009379611919217273 -0.9979280597701028 0.06365226157587278 0.0932834 0.029387418114945194 -0.06335247080781015 -0.9975584414454539 -0.204141
0.9991088727180576 0.015937231326142047 0.03908279818167608 -0.200462 0.012459199546604325 -0.996071352376647 0.08767342425852988 0.106844 0.04032652728304882 -0.08710835569688662 -0.9953822911650955 -0.223364
0.998526088633248 0.020820409361775226 0.05012146119972422 -0.265253 0.015005211225421401 -0.9933993510989295 0.11372147058628077 0.117276 0.052158354602765654 -0.11280177210591125 -0.9922475831438938 -0.238272
0.99779671227324 0.026050365192630837 0.0610172061802563 -0.323656 0.01725965532856352 -0.9899444795475031 0.14039954313089054 0.125621 0.06406110578699473 -0.1390370665928844 -0.9882129673499501 -0.249236
0.9968901115961077 0.0318838595425149 0.07206611480142874 -0.377529 0.019404344874678063 -0.9856542307009402 0.16765801174212377 0.133739 0.07637785544177109 -0.16573821829020227 -0.9832076414451347 -0.257298
0.9958803226606954 0.03780076825651357 0.08242259918521337 -0.423667 0.021136851611546194 -0.9806983769092927 0.1943808813423534 0.140486 0.08817945589070313 -0.19183794058187745 -0.9774572052586872 -0.26312
0.994785958723987 0.04379290143886768 0.09210362701416007 -0.462094 0.02252864604367088 -0.9751631089508171 0.22033921813607202 0.14589 0.09946535292772497 -0.21711539034564584 -0.971065163025644 -0.267412
0.9935556011547941 0.05010285205401885 0.10167089863863925 -0.495765 0.023734760306268254 -0.9690772623136341 0.24561335635489312 0.151153 0.11083288576563975 -0.24161739151552153 -0.9640213211076276 -0.26847
0.9922323774977253 0.05633616216658567 0.11091053095874795 -0.525194 0.024549503645172513 -0.9627207517772134 0.2693809124052637 0.155846 0.1219517565104615 -0.26456566468432147 -0.9566257252207657 -0.268468
0.9909033935773329 0.06214740169258355 0.11936567789689646 -0.547533 0.024875561816352424 -0.9562827788721139 0.2913836873556037 0.158864 0.13225608122595273 -0.28576379633446924 -0.9491298023364697 -0.268029
0.9895460926934115 0.06794599301256085 0.12720798901303154 -0.56402 0.02521045181397907 -0.9499763661821669 0.31130264504925237 0.162051 0.1419963504972489 -0.30484134517624545 -0.9417583504894448 -0.264471
0.9882151265405276 0.07346952980519741 0.13428734812591994 -0.575021 0.025557330215386947 -0.9441639631083582 0.32848323190047346 0.165477 0.15092278339849977 -0.32118007247916514 -0.934914795312133 -0.26129
0.9868801167609125 0.07854386016051905 0.14106203306720264 -0.582096 0.025750906371746613 -0.9390813945915581 0.3427287924190321 0.168558 0.15938797308141314 -0.33459975547369913 -0.9287833319315864 -0.256586
0.9857136739958982 0.08275431668009864 0.14669790717088607 -0.590733 0.025845625718189817 -0.9349762754446159 0.35376739248685535 0.170508 0.1664348416911051 -0.34492185698578665 -0.9237577366629918 -0.255722
0.9847771135072098 0.0864844618799149 0.15077955619297043 -0.600959 0.02756984315773498 -0.934171112579894 0.35575867687169654 0.172087 0.17162150349144908 -0.3461860341992205 -0.9223346948178573 -0.25815
0.984048091725077 0.08933750481226961 0.153844607985304 -0.614957 0.029115074884724704 -0.9339819721605637 0.3561319812843559 0.173392 0.1755040329641773 -0.34597179930303806 -0.9216842455528506 -0.264698
0.9836907148728732 0.09077411252413693 0.15528244578300263 -0.631461 0.029933248873833033 -0.9338899635150891 0.3563053980192309 0.174038 0.1773600239195772 -0.34584620359524076 -0.9213760499242457 -0.2758
0.9836367348662342 0.09076179692310346 0.15563119880339954 -0.651668 0.02980571625654693 -0.9339107501278373 0.35626160342379637 0.173074 0.17768059291922728 -0.3457933009977919 -0.9213341412782458 -0.288414
0.9839706002831174 0.08952476894876454 0.15423090975272002 -0.673921 0.03128580001379184 -0.9381056382442361 0.34493334169353823 0.170798 0.17556496374840386 -0.33457902988538374 -0.9258692220097702 -0.304692
0.9846426191054065 0.08699538688740027 0.15136285971649996 -0.698479 0.03276588409621084 -0.94368105103967 0.3292301182274446 0.167337 0.1714797640558179 -0.31921446798191183 -0.9320390624595012 -0.32395
0.9854585711215958 0.08397612091190414 0.14771396589209684 -0.726621 0.034619132564168195 -0.9503309556450709 0.3093098614710344 0.164994 0.16635179669449573 -0.2996983247522668 -0.9394189661046862 -0.346512
0.9865881853819816 0.07995589677433344 0.14230533031373382 -0.754423 0.0364518423506333 -0.957718510362334 0.28538836363558423 0.161017 0.15910693150813177 -0.2763734963421131 -0.9477883069893311 -0.375927
0.9879191879255024 0.0748217501979346 0.13571066216747163 -0.783899 0.03769490632431877 -0.9654423366499637 0.25787630492361785 0.155516 0.15031557526023898 -0.24964534904775568 -0.9565994080768644 -0.409441
0.9892128472643552 0.07013114917054192 0.12860623905225768 -0.815833 0.03940117327529957 -0.9729771049778196 0.2275150560589581 0.152876 0.1410868184901661 -0.21999357969040878 -0.9652447018986029 -0.450447
0.9906324218562192 0.06481296584337407 0.12019436020823672 -0.846111 0.040454905065363464 -0.979967332220868 0.19500622665973366 0.150255 0.13042547842900237 -0.18831703916135845 -0.9734094140381349 -0.498352
0.9920260310435625 0.05908719655511462 0.11132410761023044 -0.878318 0.040655086966512884 -0.9860994473985187 0.16110569122188384 0.146797 0.11929592463995654 -0.15529514816501178 -0.9806385161315585 -0.551019
0.9933267705486581 0.05325845377345255 0.10230085050005343 -0.912063 0.040189679806165904 -0.9912400032881727 0.12580956052041797 0.145067 0.10810511804929092 -0.12085856603039716 -0.9867656715090085 -0.610927
0.9945919118823395 0.04716739968440514 0.09253196866620927 -0.942469 0.03884610759590726 -0.9952059733606194 0.08975550407629262 0.14595 0.09632190167807089 -0.0856755915903343 -0.9916560816446226 -0.680715
0.9957553251002426 0.041212359884320184 0.08229747218034962 -0.97083 0.03689641725883044 -0.9978970383975411 0.0532931060351945 0.149472 0.0843207384216506 -0.05003041225276363 -0.9951818783126257 -0.758052
0.9967371854165298 0.03544569262242757 0.07251610912377182 -0.999689 0.03426831107506047 -0.9992608967675053 0.01741674617901452 0.155262 0.07307986086465468 -0.014874913980178586 -0.9972151577618972 -0.841252
0.997660317609678 0.030187553255480275 0.06134005457613876 -1.02082 0.031340503328803074 -0.9993480846685282 -0.017921454194386625 0.167326 0.060759061201218566 0.019801951868231495 -0.997956020666319 -0.931786
0.9984565926334331 0.024709128338663986 0.04973823080466353 -1.03688 0.027278154383043488 -0.9982924906785534 -0.05165273805196473 0.180848 0.04837700817836293 0.052929783974181036 -0.9974257381119443 -1.02601
0.9991184883231543 0.019302287294492338 0.03727825097903287 -1.04669 0.02236175016878465 -0.9962585651663816 -0.08347947928689767 0.196605 0.03552743193989322 0.08423949808625167 -0.9958119845341953 -1.12323
0.9995533400965475 0.013549861082389265 0.02663684603107632 -1.05954 0.016461223852085382 -0.9935368568817551 -0.11231002683115224 0.21197 0.0249429030212373 0.11269833753064218 -0.9933161311016259 -1.22631
0.9998085674534872 0.008531748514669403 0.01760788783154259 -1.07536 0.01087969679374164 -0.9903884470892547 -0.1378853004123744 0.230961 0.016262245979015235 0.13805047315897517 -0.9902916773437517 -1.33062
0.9999494772695617 0.00427546760145384 0.009097432886200088 -1.08801 0.005671210048265488 -0.987196627405612 -0.1594072025210072 0.253841 0.008299414733488674 0.159450742286682 -0.9871709986113387 -1.43737
0.9999951385578938 -0.00029839247676956624 0.003103839961812712 -1.10583 0.00025528147173807476 -0.9842346362468488 -0.17686750872730553 0.276788 0.003107682729772371 0.17686744124898487 -0.9842297752730751 -1.54728
0.9999874926053084 -0.004899188506939312 -0.001006272787025318 -1.12526 -0.005001098950488876 -0.9818952615008844 -0.1893586133541259 0.300612 -6.035093912294974e-05 0.18936127744098952 -0.9819074818758032 -1.65917
0.9999559618177649 -0.008847363228219208 -0.0031302697993597726 -1.14746 -0.009289737481655534 -0.9804972480389886 -0.19631313599831277 0.32726 -0.001332367303243945 0.1963335701093373 -0.9805362584042934 -1.77267
0.9999048340611623 -0.013189705583660968 -0.004044068216023924 -1.17176 -0.013729603884265714 -0.980067135704479 -0.1981915928822398 0.350874 -0.0013493695937985498 0.19822825524792037 -0.9801549561283995 -1.88584
0.9998470857187218 -0.017253730623228263 -0.0028485012479782445 -1.19789 -0.01747747402738529 -0.9804839165079031 -0.19582090636840832 0.372168 0.0005857315090815611 0.1958407471618303 -0.9806355381433487 -2.00933
0.999768176897884 -0.021531038902085815 8.262008165073678e-05 -1.21535 -0.021128921094333734 -0.9818201513196113 -0.188633928963283 0.386276 0.004142602523830104 0.18858845358752044 -0.9820474703484537 -2.14766
0.9996507657921124 -0.025455011667607587 0.007098509156504536 -1.23083 -0.023797203896128168 -0.9839162560691436 -0.17703811490638238 0.397679 0.011490845833493695 0.1768073624708013 -0.98417839695766 -2.2826
0.9994718849195608 -0.02883568512392061 0.014981806258736158 -1.23329 -0.026028641899777806 -0.9864229329869364 -0.16214902737390494 0.41021 0.019454075567688467 0.16167343795714975 -0.9866525418823601 -2.42017
0.9991942042400425 -0.031487627396602706 0.024889185081903888 -1.23579 -0.027596192551273373 -0.9892454380194066 -0.14363813391458996 0.424804 0.02914433683894002 0.14283554417134886 -0.9893172468685126 -2.55396
0.9988389213944212 -0.034061745034313216 0.03406767724467424 -1.22651 -0.029606607988461462 -0.991882165278328 -0.12366575502617362 0.440144 0.038003392888628064 0.12251354099850946 -0.9917389648496017 -2.69602
0.9983497482879755 -0.0359429337521324 0.04478711429223035 -1.22074 -0.031293156302590545 -0.9944434691243775 -0.100513307996975 0.456471 0.04815099647937849 0.09894590557048302 -0.9939271549308226 -2.83239
0.9976902491823495 -0.037213347794982414 0.05682722439422161 -1.21486 -0.03294311961592033 -0.9966904803943181 -0.07431579348506394 0.471436 0.05940469305057222 0.07227207646963786 -0.9956142975100016 -2.97318
0.9968103257763442 -0.03719754894911704 0.07060819200231976 -1.21605 -0.033996541672228535 -0.9983624156448841 -0.04600784913511736 0.48839 0.07220394435200088 0.043460664742837656 -0.9964425528047886 -3.11322
0.9953300254438886 -0.03724982055231568 0.08905386751112318 -1.24566 -0.03587169143950081 -0.9992113497590316 -0.017026457823159872 0.496619 0.08961786765560562 0.013752431841491814 -0.9958812722485084 -3.23836
0.9926828068621921 -0.03799793212683024 0.11461676192548874 -1.30663 -0.039897254784855396 -0.9991011406805134 0.014322002357531394 0.49525 0.11396953110736087 -0.018790099653317537 -0.9933065378493119 -3.36938
0.9900475711238398 -0.03783420583418651 0.13555212938453676 -1.35653 -0.04439910047490607 -0.9979662838048203 0.04573856431739379 0.493078 0.13354597256677186 -0.05130174712125875 -0.9897139000506671 -3.49648
0.9875354652431473 -0.03603463503291864 0.15321621965394158 -1.39801 -0.048855695155497 -0.9955359208636373 0.08075488419323536 0.490184 0.14962227754540322 -0.0872337970527138 -0.9848875259205451 -3.6271
0.9850611686076464 -0.033243193833629094 0.16896563012955662 -1.4425 -0.05285790576564895 -0.9921937590764692 0.11294948538074577 0.498632 0.16389184207704832 -0.12019332141781129 -0.9791287094080875 -3.77894
0.9841731769610345 -0.03122066603627436 0.17443746089265444 -1.46385 -0.0563304580881747 -0.9884186803461088 0.14090916164122785 0.505287 0.16801796702139127 -0.14850515935518438 -0.974533827223504 -3.91785
0.9843853198594411 -0.027071458844284024 0.17393297031117663 -1.47466 -0.05666459781725178 -0.9842411267857186 0.16750679895988937 0.509589 0.16665732927007895 -0.17474707568260459 -0.9704065097375135 -4.04325
0.9871566004243018 -0.021499550601592702 0.15830229171640228 -1.43554 -0.052886562516818156 -0.9790096731393569 0.19683259741395565 0.503006 0.15074766248234187 -0.20267666176326077 -0.967572898045729 -4.10679
0.9881890684614849 -0.014783880328666378 0.15252475817273242 -1.43695 -0.049476957869887324 -0.9728088798221928 0.2262629310758445 0.488115 0.14503239504732807 -0.23113701612143095 -0.9620505621667281 -4.1888
0.9875064260653592 -0.007518077657974402 0.15739929157385132 -1.4536 -0.04924108817083924 -0.9635631683851791 0.2629093679716776 0.475477 0.14968758704506271 -0.2673752027392294 -0.9518950190250934 -4.25507
0.9863223314048881 0.0018525865361046917 0.16481755517890753 -1.47536 -0.04589878427888035 -0.9572987718970243 0.2854336401445528 0.449704 0.15830843367852135 -0.28909449881928834 -0.9441201250787306 -4.39219
0.9829485072048522 0.028420542204746626 0.18167142032950792 -1.51973 -0.02813980489353721 -0.9530968416401046 0.3013545450730929 0.494243 0.18171511649916797 -0.30132819854179815 -0.9360453691991902 -4.41242
0.9805106383283679 0.054034245785898403 0.18888935493363737 -1.54426 -0.007565207260292181 -0.950338237112412 0.311126988095185 0.532131 0.19632028872229515 -0.30649230881772827 -0.9314079712304233 -4.48476
0.9775828603198582 0.07676991343526135 0.1960564500341347 -1.56588 0.012450567662702 -0.9506067236355844 0.31014809421258144 0.574192 0.2101826219593836 -0.30075444696622905 -0.9302526689326489 -4.50926
0.9763235135628081 0.07817640699570838 0.20169493363397661 -1.57836 0.013404218749994264 -0.9524833542823261 0.3042955581910305 0.565556 0.21589980033356948 -0.2943873455234275 -0.9309797887234688 -4.51503
0.9730958779036597 0.0963146740288029 0.20930335872515624 -1.59271 0.028575764817670005 -0.9518705323815361 0.30516538999168386 0.569947 0.22862160456087963 -0.2909741795252918 -0.9290135568319725 -4.5362
0.9639012221510027 0.11830840756039675 0.23853208303355403 -1.63509 0.04167847736768866 -0.9518598268638022 0.3036869679902702 0.596036 0.2629778288375549 -0.2827825855729723 -0.9224297647173741 -4.55647
0.9539747155198331 0.13271549332172383 0.26892162423506477 -1.68118 0.0531723573418806 -0.9573909324000328 0.2838578922152838 0.609402 0.295135464767556 -0.2564940552733489 -0.9203835380132955 -4.55737
0.9452526602913895 0.14375203611667042 0.29297228593224056 -1.70581 0.057862089409732066 -0.9573563356611614 0.28305622264591535 0.620339 0.3211687824512077 -0.25060765886489844 -0.9132614162971431 -4.5529
0.9410736060315646 0.15817098261948678 0.2989354583985194 -1.7258 0.07238754526210905 -0.9576154343191808 0.2788058881096528 0.653304 0.3303642101101042 -0.24073765848091178 -0.9126362191297551 -4.59501
0.9362897905121397 0.1830399484575039 0.29976291540383754 -1.74011 0.09643460392721423 -0.9546407677904531 0.2817115042696267 0.706131 0.33773035893762243 -0.23485608729843238 -0.9114717894212285 -4.63295
0.9387313004404633 0.18912033935235853 0.28812678253957125 -1.72389 0.10725377934796712 -0.9547883763234445 0.2772648251279238 0.692452 0.3275365206949207 -0.22937448349999465 -0.9165736052986561 -4.7132
0.9400591702764547 0.19733508123718568 0.27811440468313864 -1.7087 0.11929497112134119 -0.9543282576778866 0.27390926684332395 0.689312 0.3194643426805277 -0.22431326824466313 -0.9206661129014664 -4.77362
0.9403171636378662 0.20093118970254029 0.274645751419459 -1.69775 0.12634993601680125 -0.9555248456320877 0.2664731938644574 0.668653 0.3159736150956085 -0.215867844721015 -0.9238840555929708 -4.81997
0.9396227210929489 0.20850601515983322 0.27135656182972606 -1.69146 0.13544240315394743 -0.9547862994605214 0.26464783730529007 0.658259 0.3142681934809282 -0.21191593617434984 -0.9253794565266633 -4.87477
0.9358531097373566 0.22111046613851074 0.2743886272405074 -1.72384 0.15023103103186505 -0.9546841016556724 0.2569219791318073 0.649651 0.3187625986686996 -0.19921954675661852 -0.9266617386512002 -4.88796
0.9296165845404963 0.2396687312985992 0.27994982583488504 -1.76874 0.1719127426822238 -0.9539477679999792 0.24582445938379208 0.67442 0.3259739478098489 -0.18039555195618875 -0.9280077748508814 -4.91274
0.9211922854805301 0.2662988840466415 0.2837070276300376 -1.80707 0.19736275360360184 -0.9481456466686704 0.2491340526569039 0.731252 0.335339703377279 -0.17350716716828266 -0.9259819362601391 -4.96265
0.9147239817204934 0.2837055198774261 0.28773462644681086 -1.83266 0.21601702015819668 -0.9451130348368041 0.24514893102671104 0.740772 0.3414918509531079 -0.16208802970190378 -0.9258027794082145 -4.98247
0.9110133153700115 0.29713313810580116 0.2859486622768838 -1.83152 0.240996726051051 -0.9462960354759014 0.21550960831310217 0.751277 0.3346271316722766 -0.12741943133600508 -0.9336964020851717 -5.0275
0.9032582864843314 0.31370448047386384 0.29276947728206415 -1.87876 0.2682295475809437 -0.9453467150129885 0.1853982152521268 0.790213 0.33492891440111905 -0.08893304978901184 -0.9380370648078428 -5.08982
0.8959979747140949 0.3261614057835111 0.3013409475752739 -1.93488 0.2902131429387111 -0.9437351966956349 0.15855664660772378 0.835446 0.3361011171862947 -0.05461333074602935 -0.9402411515834377 -5.18425
0.8919816803807712 0.33143367181722405 0.3074417067524324 -1.96487 0.3064176915857575 -0.9432696534714231 0.12786930485130876 0.862861 0.332380625410615 -0.019851499330125713 -0.9429363911876529 -5.31318
0.892722293632083 0.33965006455315616 0.2961160922700922 -1.89952 0.3250274013347042 -0.9405182816604162 0.09890677552193713 0.905685 0.3120962909646349 0.007949560464238302 -0.9500172154516692 -5.45579
0.8939161871030954 0.34773304971433083 0.2828348927756873 -1.82404 0.342918718235632 -0.9368963814971243 0.06805823257495203 0.947515 0.28865308437412385 0.036151023138574316 -0.956751012754802 -5.58657
0.8951803602577604 0.35577471224107166 0.26847062546686346 -1.74661 0.3601449474197949 -0.9322559758285951 0.03456027169839798 0.989508 0.26257901564439484 0.065750662822945 -0.9626677053280452 -5.71218
0.8957876220191703 0.3643634739628013 0.25456589535717233 -1.66819 0.3768495819397752 -0.9262744204547619 -0.0003010033408625337 1.03305 0.23568820256656134 0.09620268630840606 -0.9670553832733624 -5.824
0.8959557274234593 0.37314951864103213 0.24087916314008226 -1.59329 0.392488971436408 -0.9190454308848834 -0.0361649453256859 1.07896 0.20788396233930803 0.1269446048778181 -0.9698810883270816 -5.93115
0.895838494085899 0.3816982299817051 0.22755187044439257 -1.5207 0.4065667187782571 -0.9107023469635367 -0.07297080523734997 1.12409 0.17937919527021473 0.1578850735944948 -0.9710280159914393 -6.0312
0.8953286065765634 0.39059642350635615 0.21405868398575176 -1.44879 0.41954479216415774 -0.9009425200702305 -0.11083655939010179 1.17036 0.14956220650151672 0.18904234836021577 -0.9705123064200948 -6.12632
0.8942149516563058 0.40029398324984555 0.20036054304249337 -1.38065 0.43166398104075376 -0.889608337298895 -0.14920862468484608 1.21945 0.11851509484600795 0.2199130127624735 -0.9682935707270672 -6.22207
0.8928977689331191 0.40943201747132796 0.18734726393416154 -1.32653 0.4416026664349615 -0.8775221923236515 -0.18692749122861657 1.26573 0.08786728191875673 0.2496401911729172 -0.964343878354272 -6.3309
0.8845563061045522 0.4243721262721937 0.19356766200449588 -1.3531 0.46029101139453377 -0.861319150418793 -0.21508488080580057 1.3164 0.07544750598970557 0.27935214258184154 -0.9572199612810356 -6.3701
0.8758560924071316 0.43435779451830503 0.21026034275274952 -1.43096 0.47677600518363594 -0.8462072209394126 -0.2379453300889291 1.32865 0.0745704115212152 0.3086529532844125 -0.9482471239895044 -6.38701
0.8706073432518988 0.44048595838528637 0.21912319443926 -1.48534 0.4876230688086327 -0.8317191284621617 -0.26545627533700006 1.32361 0.06531919045365922 0.337957707140313 -0.9388918955571726 -6.43573
0.8655907472563064 0.4435780208442535 0.23236006044104163 -1.55269 0.497163718315869 -0.816717429951011 -0.2929178669944099 1.29741 0.059840583675368486 0.36906798701338284 -0.9274739486946687 -6.46421
0.8599261759370834 0.44778228880158355 0.24498570116200571 -1.61709 0.5076746991821016 -0.8000444004683408 -0.3196800855380516 1.27404 0.05285235802295821 0.3992743156213139 -0.9153068606410336 -6.48788
0.8587129780598473 0.4505647554575942 0.2441381216668679 -1.6269 0.5113040610930892 -0.7852403754462809 -0.3492358943160026 1.2617 0.03435372499893721 0.424722207929397 -0.9046716905431911 -6.56912
0.8589922721875045 0.45030382626441745 0.2436364922867142 -1.63627 0.5116216076449894 -0.7729719441662961 -0.3751768971065962 1.23399 0.019380580819606308 0.4469237491825673 -0.8943620941786905 -6.64774
0.8563889162481403 0.45058556170723646 0.2521322583651485 -1.68936 0.516105934594923 -0.7614430003962364 -0.392223433037189 1.2089 0.015254127416435323 0.4660227555909169 -0.8846412283339568 -6.69683
0.8528915041510851 0.45729495813785737 0.2519075294797572 -1.70008 0.522087535753085 -0.7462772177336244 -0.4129103041860685 1.22563 -0.0008289500411540196 0.4836854717204721 -0.8752414965530219 -6.76918
0.8496760012114658 0.46354634724546834 0.2513473232813054 -1.70657 0.5270446140776941 -0.7315874728462138 -0.4324392955620302 1.24224 -0.01657310281715199 0.49990454441810594 -0.8659219241554853 -6.83936
0.8473904106619282 0.46709669215693517 0.25248796425623377 -1.719 0.5302117394746748 -0.7189779962916861 -0.44938419216927394 1.24633 -0.028372579041170493 0.5146759378720174 -0.8569152091858979 -6.90385
0.8461742612973635 0.4722055634589935 0.2470040998773821 -1.70179 0.5309042807966091 -0.7068347613593782 -0.46746685953751466 1.26702 -0.04614936781470093 0.5266939585493702 -0.8488013371089245 -6.99295
0.845046155149185 0.476859451112343 0.24187199001210183 -1.68222 0.5310761650949934 -0.6960168502840518 -0.48323767546484075 1.28729 -0.06208947201880974 0.536810588574315 -0.8414150518376307 -7.07453
0.8438489865496707 0.4813677410679595 0.2370737981267088 -1.66295 0.5310844812762713 -0.6861884826416255 -0.4970861495128359 1.31109 -0.07660392709651044 0.5453718585966033 -0.8346863927273996 -7.1605
0.8442251535238473 0.4829679080810052 0.2324347003385982 -1.64463 0.5286201977029492 -0.6785956356661095 -0.5099692636183123 1.33366 -0.08856961520821426 0.5533985571166286 -0.8281940957547947 -7.25085
0.8444964252432524 0.48433168187187453 0.22857954783079104 -1.62746 0.5263705083731609 -0.6718792914232882 -0.5210684270530311 1.35801 -0.09879208301451926 0.5603579567488101 -0.822337573410063 -7.34428
0.8450054952417725 0.48537474677648756 0.22444836422408312 -1.60745 0.5238067907633839 -0.6667607988618769 -0.530147604966047 1.38417 -0.10766688888126527 0.5655452168418824 -0.8176591274766625 -7.44087
0.8450735347791242 0.4864247458963671 0.22190468087801046 -1.58881 0.5220706188421729 -0.6612550778269949 -0.5386872849713145 1.41075 -0.1152952286856122 0.5710802821212357 -0.8127572341201662 -7.53727
0.8453952066533422 0.48680427161359147 0.21983754389619978 -1.57083 0.5201526454933909 -0.6567212676185371 -0.5460388283297523 1.43717 -0.1214420436001459 0.5759676881529575 -0.8084015414693108 -7.63752
0.8453167684283921 0.48761930390822794 0.2183276791197937 -1.55274 0.5189295450442009 -0.6521587191061483 -0.5526310997166616 1.46597 -0.1270892926016942 0.5804450185417077 -0.8043207644690752 -7.73961
0.8454941864476966 0.4879993003419812 0.2167862162336066 -1.53453 0.5176359628904557 -0.6493373258387953 -0.5571481375675528 1.49668 -0.13112051939196268 0.5832818530849889 -0.8016169217625853 -7.84667
0.8454686130457867 0.4882093361351587 0.21641272713244342 -1.51917 0.5168970381299787 -0.6463303525702746 -0.5613149983020584 1.52761 -0.13416510845554896 0.5864373107646308 -0.7988059865926511 -7.95598
0.845750823406599 0.4879945008969893 0.21579367877988975 -1.50151 0.5157562831145128 -0.6440117095798986 -0.5650171451840016 1.5586 -0.13675160377473633 0.5891606614653382 -0.7963596636236435 -8.06908
0.8459434011880539 0.48803972380321115 0.21493485053958175 -1.48225 0.5146318196471319 -0.6414933897056866 -0.5688939454508106 1.59094 -0.13976355817261124 0.5918643923687192 -0.7938278710482126 -8.18621
0.8461621355894821 0.48736856395544986 0.21559574013103625 -1.46738 0.5139635672770039 -0.6393401364499597 -0.5719140157716399 1.6215 -0.1408939026592119 0.5947403406463608 -0.7914751009357824 -8.30398
0.845939531928166 0.486621248398938 0.21814231347405869 -1.4595 0.5144535015271965 -0.6369490480142177 -0.574137183084486 1.65463 -0.14044181388590152 0.5979094169190188 -0.7891643846956076 -8.42578
0.8458761104872486 0.48642736977929507 0.21881960523810762 -1.44448 0.5143640977860752 -0.6353484845941934 -0.5759877412172755 1.69131 -0.14114949739790528 0.5997672190554092 -0.7876268801474845 -8.5499
0.8469332701376401 0.48455943096833515 0.2188748359076631 -1.42915 0.5130230244306022 -0.6365884153804823 -0.5758146974569548 1.72845 -0.1396832571858237 0.5999644549996356 -0.787738053161677 -8.67713
0.8478635365839455 0.48279415831083605 0.21917395838077128 -1.41641 0.5120262932560459 -0.6382096218441498 -0.5749065607557642 1.768 -0.13768260001117918 0.5996651392956562 -0.7883179703442533 -8.80795
0.8486316560649164 0.48102997170660183 0.22007834660516523 -1.40838 0.5113906440223102 -0.6396286660841276 -0.5738943968448258 1.80872 -0.1352919862037818 0.5995709598065815 -0.7888033611906394 -8.94263
0.849614594529128 0.47924675842169395 0.220176259631696 -1.40266 0.5102262860308625 -0.6412117780092581 -0.5731636701548333 1.84934 -0.13350722005291701 0.5993079344414727 -0.7893071784224679 -9.08468
0.851166102700831 0.4762612660564747 0.22066144218544856 -1.40356 0.508386878187565 -0.6434027366240298 -0.5723422932052211 1.88339 -0.1306102894100619 0.5993397408473704 -0.7897675780514333 -9.23165
0.8524961425933235 0.4735712799412616 0.22131554323702482 -1.40806 0.50683084888933 -0.6451880984423379 -0.5717121725505602 1.91435 -0.12795631081593914 0.5995519664242256 -0.7900408989914505 -9.37713
0.8434852445454497 0.4865667242342989 0.22756419995686186 -1.40795 0.52150985810502 -0.6403070308474288 -0.5639453645049595 1.98318 -0.12868609145274698 0.5943565673190239 -0.7938388758125678 -9.40231
0.8349366451528342 0.4994155027747247 0.23122489954414424 -1.40985 0.5354074753660638 -0.6398768729237201 -0.5512680136009157 2.05958 -0.12735632651371673 0.5840734055627174 -0.8016474430891061 -9.43618
0.8234889125653106 0.5144110571026353 0.23926402824610243 -1.44016 0.5529396839007644 -0.6333387635899588 -0.5414237864206423 2.14563 -0.12697919849221456 0.578155061263751 -0.8059857370235428 -9.47165
0.8140177756615472 0.5258873687450103 0.24661211710189024 -1.47854 0.5670639255594689 -0.6276033053929142 -0.5334347152079373 2.22211 -0.12575199893485528 0.5740701755485453 -0.8090920023764603 -9.52215
0.8047061924116788 0.5363601128805728 0.25449120457304136 -1.52417 0.5803999750980018 -0.6206259069240773 -0.5272185055182582 2.30114 -0.12483514249015515 0.5719626849414269 -0.8107249066323651 -9.56852
0.7945116397311932 0.5481745955055946 0.26125823848048957 -1.55464 0.5944099177472177 -0.6140538806231507 -0.5192443368736871 2.37074 -0.12420991915059092 0.56784015755662 -0.8137133718027966 -9.59368
0.7874070558505428 0.5560336345812854 0.2661141214049081 -1.58833 0.6040644100022582 -0.6099572174024113 -0.5128921733730509 2.43462 -0.12286707030528712 0.5646049859441851 -0.8161647461643773 -9.63643
0.7799446872598581 0.5657466348731414 0.2676135832592184 -1.60334 0.6131923368374023 -0.6052285425213135 -0.5076352719831556 2.50276 -0.12522556791249922 0.5600260319371262 -0.8189562874132836 -9.66967
0.7743030598725804 0.5740949135051866 0.2662138271379454 -1.60797 0.6197765458833254 -0.6030248001527163 -0.5022331366743047 2.56544 -0.12779594925072418 0.5538737407462544 -0.8227345104387305 -9.71218
0.7691517710365531 0.5804569623956655 0.2673485887707864 -1.62563 0.6263371552203856 -0.6016170122498329 -0.4957405960399239 2.61824 -0.12691462130806108 0.5487501119617029 -0.8262965530124461 -9.75516
0.7696013851836832 0.5795502578079396 0.26802090701679726 -1.66272 0.6260532145501229 -0.6023223380291087 -0.49524254023923037 2.65105 -0.12558296251806522 0.5489346953745031 -0.8263774075682899 -9.87436
0.7698601191918664 0.5788550962324417 0.2687790439071026 -1.69972 0.6259647372860375 -0.6027475996081597 -0.49483682041762395 2.68192 -0.12443289176221696 0.5492013371545379 -0.8263742171167734 -9.98963
0.7666861863049024 0.5842074881329391 0.26625908911931334 -1.71304 0.6298275636529223 -0.6039486686829931 -0.48842936608998494 2.73494 -0.12453727069543813 0.542169361367315 -0.8309890804350495 -10.0632
0.7580708940336519 0.6011274152830083 0.2529315128926999 -1.68203 0.6395496802881345 -0.6092800502210615 -0.468779294386992 2.76676 -0.1276899606952916 0.5171302070057318 -0.8463283186446288 -10.0927
0.7549203735952711 0.6074308074852154 0.24723074980397503 -1.6735 0.6432103023944923 -0.6122229700706429 -0.45985165196122385 2.78328 -0.12796771633643483 0.5061727462396015 -0.8528853466556322 -10.1267
0.7459627303401202 0.6203691205627275 0.24224318193860853 -1.67325 0.653239654315841 -0.6107379542925495 -0.4475233013105268 2.82081 -0.12968253148683637 0.4920785561663707 -0.8608374617710279 -10.1837
0.7375645947863093 0.6332990119458588 0.23437327063064678 -1.67719 0.6623520201151647 -0.6108954316001537 -0.4337010180982083 2.87447 -0.13148486592405978 0.4751201249352219 -0.8700417213642523 -10.2694
0.7343485085672236 0.6399661651106044 0.2262201924646001 -1.66152 0.6650486581052591 -0.6116862845987251 -0.42842755698741086 2.92783 -0.13580335164305854 0.46506257293770015 -0.8747995501456763 -10.3423
0.7334484919074993 0.6414022002866187 0.22507004950925583 -1.70173 0.6657587063552697 -0.6110142509530672 -0.42828370275370004 2.97586 -0.13718110158025573 0.4639663808938597 -0.8751665800117605 -10.4861
0.7291242662553796 0.6477407382562083 0.2209292655146814 -1.69624 0.67007784771321 -0.6100115212810495 -0.42294399381999964 3.00205 -0.13918865744588005 0.45641853589406506 -0.8788109226282588 -10.5229
0.7212033069166468 0.6563895644934148 0.22140128661920283 -1.72903 0.6781730513892659 -0.603858684575092 -0.4188508104714754 3.05372 -0.14123421137198083 0.45222497574479986 -0.880650594078463 -10.6252
0.7140832741349399 0.6646901725053614 0.21970901705555285 -1.73617 0.6850785735880117 -0.5989121347163746 -0.4146945899093578 3.06735 -0.14405702208271365 0.4466444105373627 -0.8830381333353574 -10.6403
0.703786383758913 0.673812614642834 0.22508062196408593 -1.78163 0.6952994227026585 -0.5883261081388956 -0.41283302105268976 3.11761 -0.14575129098880032 0.44704468549612403 -0.8825574260889598 -10.7216
0.700907130612445 0.6752446203142032 0.22972569946211083 -1.81512 0.6973903918293148 -0.5812520932749887 -0.4192763354252158 3.11558 -0.1495855462295175 0.45408226875773405 -0.8783128472014088 -10.7794
0.6920727629066681 0.6861310238074372 0.22418632654934398 -1.82821 0.7052952476765864 -0.5766894752480414 -0.4122958437129355 3.18702 -0.15360307434278028 0.44345627440267066 -0.8830360288489647 -10.8914
0.6827704885734274 0.6961477569224177 0.22181695260978135 -1.85916 0.7134820225644429 -0.5698790966830096 -0.4076533069179116 3.2814 -0.15737809063066988 0.4365960555200238 -0.8857855388827485 -11.0254
0.6774668998875361 0.7022892237921042 0.21869715522213604 -1.88383 0.7184016204030504 -0.5679142326069867 -0.4017120065478364 3.37008 -0.15791678618513824 0.4292589784126843 -0.8892688109301125 -11.1877
0.672466355113541 0.7072347645513026 0.218192550400724 -1.92153 0.7234140883777989 -0.5657730777518806 -0.39569291278424845 3.46761 -0.15640031322483722 0.42393373574325055 -0.892086951884145 -11.3617
0.6715197498640326 0.7081418141549759 0.21816598403015874 -1.96313 0.7251065945961607 -0.567372684548622 -0.390267425365287 3.55978 -0.15258326256738297 0.4202658775982062 -0.8944802625608368 -11.5575
0.6704110032859376 0.7087526816899997 0.21958762002985605 -2.01667 0.7271855407031048 -0.5687804412242001 -0.38430456551170117 3.6641 -0.14747974798417485 0.41732295153518467 -0.8967113683100523 -11.7579
0.6691122766499652 0.7096108225630136 0.22077418720888578 -2.07554 0.7295284084970137 -0.5705432121747719 -0.37718529165001613 3.78364 -0.14169355113100593 0.4134403506465435 -0.8994387216620975 -11.9614
0.6675414195578062 0.7106129235274521 0.22230098085819666 -2.14161 0.7322980400124968 -0.5726035835815488 -0.36859831342997723 3.90923 -0.13464038684066754 0.40884521396897316 -0.9026170601346175 -12.162
0.6646287365120253 0.712405370498235 0.22527145999371812 -2.21893 0.7364227737692631 -0.5736213152910749 -0.35866430672388033 4.04027 -0.1262938671369812 0.40427363842947955 -0.9058767490087031 -12.3538
0.6517292541946716 0.7199763487682651 0.23850164871793714 -2.35615 0.7494126284845151 -0.5628909539474497 -0.348617966020198 4.18634 -0.11674626972536209 0.4059406744568068 -0.9064118695862083 -12.4752
0.63254521243216 0.7305393863277563 0.2572911954440315 -2.52998 0.7672662877193868 -0.5456654517163788 -0.3369742698374337 4.34894 -0.10577805991066808 0.4105623214897167 -0.9056763120533238 -12.5581
0.615861874911115 0.7387987933269102 0.27366127605064494 -2.7014 0.7822277908144422 -0.5319535254561426 -0.32426089809339975 4.49447 -0.09398847965853678 0.4137653800567205 -0.9055188435134821 -12.6364
0.6094442130656836 0.7412574567335676 0.28127412607211605 -2.82904 0.7884955447750056 -0.5296448808889238 -0.31265168481574623 4.6244 -0.082779991729383 0.41232715528453934 -0.9072672098032875 -12.7758
0.6032530409555631 0.7437432265460908 0.287978786622688 -2.95045 0.7945864275080099 -0.5293664026298234 -0.2973274642323135 4.75696 -0.06868899328075441 0.4081877322183627 -0.9103101655306868 -12.92
0.6012684785565297 0.7535873824452065 0.2656732461383682 -2.89217 0.7960693400568598 -0.5362701453440017 -0.2805137020435167 4.87 -0.06891895614235291 0.38015837256609947 -0.922350144604609 -13.0291
0.6005840075096324 0.7543984856864175 0.2649184303096144 -2.97698 0.7972837362137352 -0.54005319084727 -0.2695945011025811 4.97461 -0.06031163977821498 0.3731293017838755 -0.9258169528894687 -13.1807
0.5936596399645673 0.7676438760316531 0.24143552238276741 -2.88419 0.8026561426712211 -0.5434061541084072 -0.24587165007228035 5.06403 -0.057544317784609694 0.33975378035896747 -0.9387523742832791 -13.1889
0.590449398752731 0.7770705123010437 0.21801588571645833 -2.78391 0.8055226927479813 -0.5506611819818316 -0.21887314619754838 5.08355 -0.05002698252522933 0.30485026089961875 -0.9510854953414306 -13.1858
0.5731649891942284 0.7892903017271332 0.22023331891762188 -2.87439 0.8185904108310921 -0.5392689200619106 -0.1977340920292819 5.22035 -0.03730461710517635 0.293615141732765 -0.9551955370958788 -13.2631
0.5554461376869609 0.8005713632835808 0.22486680595167113 -2.99184 0.8311021786534004 -0.5255637871562867 -0.18180174440173175 5.32811 -0.02736342022132937 0.28786836908595925 -0.9572789798765985 -13.3258
0.5428235521131726 0.8068888865776226 0.23296548239763298 -3.11844 0.8397851715459087 -0.5181239514699505 -0.1621987563601299 5.43462 -0.010171377627735553 0.2836862626753164 -0.9588632058049078 -13.4197
0.5347700061576516 0.8084344163153215 0.24587564952847735 -3.26504 0.8448674483217976 -0.5166595448168391 -0.13878728153498548 5.53571 0.014833586227201559 0.2819516080226572 -0.9593139504109581 -13.5411
0.5283100240582919 0.8106209493087825 0.2525513710540005 -3.38037 0.8483129988216783 -0.5163622543422595 -0.11719675047009995 5.63261 0.03540585417269522 0.2761588289957577 -0.9604596434301618 -13.6655
0.5270881403781266 0.8118385988003045 0.25118953356118756 -3.44187 0.848063026276441 -0.5214473612713743 -0.09424305218935596 5.72498 0.05447197201839786 0.2626989511229147 -0.9633390189042214 -13.8188
0.516310764734619 0.8235326301671706 0.23498340636967344 -3.42149 0.8545276240611266 -0.5135488809403808 -0.07778230262295321 5.76313 0.05661920112116506 0.24095965208894377 -0.9688821972404984 -13.8444
0.5010029941718482 0.8342528304413191 0.230256845134929 -3.44888 0.8627811884331017 -0.5023196088566891 -0.05730297936431991 5.81456 0.06785735565734839 0.2273702387268626 -0.971441276570273 -13.8699
0.47996651517199496 0.8492514180943528 0.22000948429188666 -3.45199 0.8735827034738531 -0.48568762927650266 -0.03099656366574545 5.82935 0.08053200919488618 0.20707379272254928 -0.9750051486338591 -13.841
0.46931563502008566 0.8571775015022597 0.21210743891725545 -3.45876 0.878911111550336 -0.47662472759286867 -0.01855066145388652 5.86232 0.0851944406581012 0.19512970036713334 -0.9770702673378134 -13.8597
0.45752577835787567 0.8636942673621859 0.21142936093106113 -3.49889 0.8838923953722888 -0.467685110861516 -0.002206916738143813 5.90111 0.09697626277114235 0.1878905255837781 -0.9773907892213809 -13.8965
0.4468712785323564 0.8696403410971631 0.20983740743553628 -3.52771 0.8884928091348296 -0.45879679469511236 0.009275197744017041 5.96521 0.10433881606840698 0.18229420811946007 -0.9776922998303416 -13.9375
0.44481728405454296 0.8734419218334685 0.198082793271392 -3.51082 0.8892341058777403 -0.457074696153656 0.018585668668593514 6.05036 0.10677213470824536 0.1678747489049502 -0.9800090713508443 -14.0172
0.44397066585571765 0.8709944082499322 0.21037772851939693 -3.61842 0.8877557568018363 -0.4594248298032423 0.028610173460866625 6.12932 0.12157205322289208 0.17406196183431993 -0.9772014476644814 -14.1227
0.4431793067752026 0.8703181958954491 0.21479837043036734 -3.68905 0.8857011940511497 -0.4620835562384245 0.04485735068434679 6.25836 0.13829496340293276 0.17036732359035656 -0.975627735435007 -14.2706
0.4433598420572057 0.8692174892120869 0.21884470955187632 -3.76054 0.8831116419509933 -0.4653923576210899 0.059361446398346285 6.39718 0.15344666272561883 0.16694582928518767 -0.973952366280123 -14.4278
0.43719685607824676 0.8708905873889589 0.22451835967824707 -3.84757 0.8835293791539197 -0.4625412720516192 0.07369808559765179 6.50736 0.16803197674010012 0.16614799561289922 -0.9716790099341603 -14.5329
0.4287405953184025 0.8736132881864512 0.23017672477919773 -3.93554 0.8848752821587939 -0.4574459620828454 0.08797117026898686 6.60916 0.18214619663999818 0.16596088237339768 -0.9691644589910562 -14.6219
0.4239763516666547 0.8771412206766184 0.22553787313301737 -3.96743 0.8852079228918696 -0.45398124611867885 0.10152813118536873 6.74095 0.1914444736128339 0.15660238555802214 -0.9689296704924674 -14.7452
0.4104793648774208 0.8831597126782162 0.22701456541808043 -3.96469 0.889145887965161 -0.44288006413325104 0.11522516525470068 6.74697 0.20230244913118298 0.15455151469803885 -0.9670509543866173 -14.746
0.4041592379070428 0.8834522668084073 0.2369966301141966 -3.98645 0.8898639209935784 -0.43971758509532377 0.12161680587760554 6.73386 0.21165422870411285 0.16174219495550196 -0.9638682222392455 -14.769
0.4034546175212693 0.8841246929734567 0.23568601756438018 -4.04072 0.8893339484156879 -0.4394854540944235 0.12624446061028288 6.86735 0.2151964214296539 0.15866966601719873 -0.9635945398817188 -14.9038
0.40269931441222634 0.8848289997838975 0.2343307562257899 -4.09849 0.8891965895938126 -0.438903679500186 0.129201335813261 7.00144 0.21716971986595143 0.1563368199197674 -0.9635331398092744 -15.0382
0.40019389515785525 0.886374544988904 0.23277674341329055 -4.15607 0.8903049744969915 -0.4362514694408803 0.13054389222243934 7.13708 0.21725997943545597 0.15499942389049715 -0.9637288414950126 -15.1641
0.40078268153763846 0.8867461969009159 0.23033546071168023 -4.21467 0.8909246634987137 -0.43583523867073387 0.1276749337283105 7.27063 0.2136035724167644 0.1540416405216023 -0.9646992727457661 -15.2994
0.4009180792163914 0.8872557576172843 0.22812696976117963 -4.27491 0.8922547461770215 -0.43463738813232405 0.12235934276584877 7.40253 0.20771654166680692 0.15449129882453028 -0.9659121476125514 -15.4297
