1.0 0.0 0.0 0.0 0.0 -1.0 0.0 0.0 0.0 0.0 -1.0 0.0
1.0 0.0 0.0 0.0 0.0 -1.0 0.0 0.0 0.0 0.0 -1.0 0.0
0.9999851195108136 -0.00383312407648034 -0.0038817414594455556 -0.0560156 -0.003763668466015974 -0.9998354639730298 0.01774485225393824 -0.00446501 -0.00394912099353625 -0.01772997861393202 -0.9998350125404329 -0.0358986
0.9996809872647858 -0.0010695419743391855 -0.025234495859206358 0.0494404 -4.633588890220271e-05 -0.9991789820130677 0.04051369837864008 0.0898907 -0.025257108985166452 -0.040499604730110036 -0.9988602807512252 -0.115166
0.9988496293172577 -0.013028602260476972 -0.04614838605969973 0.152871 -0.010356806474550567 -0.998282040720089 0.057668914810175345 0.0223045 -0.04682045036547065 -0.057124624277739 -0.997268581039582 -0.164543
0.9987534386940053 -0.0026797029296150745 -0.049843634389048215 0.0783228 0.0011093137615264589 -0.9971197272460002 0.0758354729651046 0.174976 -0.04990328766603044 -0.07579623162843674 -0.9958737837452345 -0.200383
0.9976833553642287 -0.007165284018750344 -0.06765043336228455 0.155133 -0.00045990692343795625 -0.9951253110932076 0.09861746147244499 0.194493 -0.06802728066589195 -0.09835788695665457 -0.9928232547430716 -0.255672
0.996467014197021 -0.02182679581356673 -0.08109920222657638 0.159296 -0.011480884519249697 -0.991975054207085 0.12591140187253305 0.128421 -0.08319662798413116 -0.1245354681019176 -0.9887210113458228 -0.291316
0.9952901136661766 -0.028981612858263416 -0.0925075983609044 0.153345 -0.014781999693863998 -0.9884782142735121 0.15063967734862888 0.137996 -0.09580752644452974 -0.1485627343003021 -0.984251000433222 -0.349564
0.9941915124393156 -0.039887215456294534 -0.0999612256666054 0.117085 -0.022004839197029315 -0.9845019505215981 0.17398763309810977 0.119704 -0.10535190385341764 -0.1707773973988148 -0.9796611949506565 -0.389214
0.992575537700165 -0.052409420854199605 -0.10975907509156656 0.107412 -0.029907887294084133 -0.9798634094592105 0.19741635464311663 0.0804388 -0.11789537835230489 -0.1926679823133564 -0.9741559055687481 -0.427054
0.9900767035670293 -0.06607629785378646 -0.12402436823375759 0.144703 -0.03734673627992237 -0.9745426534079016 0.22106975817131705 0.0251951 -0.13547450809315728 -0.2142441120559078 -0.9673397118418601 -0.463982
0.9873172876379825 -0.08119464933241806 -0.13642581299359408 0.174524 -0.046131474068536946 -0.9689703802472962 0.24283387182119814 -0.0338224 -0.15190938296050494 -0.2334605558187418 -0.9604268364874873 -0.478062
0.9835856463503154 -0.10003094229741673 -0.15017685200031106 0.224091 -0.05753234711491016 -0.962688426430951 0.2644258358242421 -0.135272 -0.17102428286381421 -0.25144542986300317 -0.9526415330395415 -0.473548
0.980757893148537 -0.10871384698140771 -0.16215811574307842 0.244131 -0.0596554952409766 -0.9577645547522489 0.28129749296390844 -0.157531 -0.18589022813046513 -0.26621111384525137 -0.9458205252323899 -0.506044
0.9772063485264051 -0.11512660693559434 -0.17836372045678967 0.285882 -0.05724469929393595 -0.9519601227018757 0.30082381752144755 -0.161802 -0.20442797460826512 -0.28375656672741073 -0.9368518634430074 -0.565029
0.9756612907747402 -0.11520538610218922 -0.18658179090365062 0.251193 -0.05140388963242393 -0.9473226453181973 0.3161288436666147 -0.0959202 -0.213172901219704 -0.29884364587586404 -0.9301880398635514 -0.639449
0.9736443974011788 -0.1192903944450895 -0.19438721460638955 0.239873 -0.04983916303751289 -0.9429938954838377 0.32905709369034625 -0.0956431 -0.2225593072352082 -0.3106964996155445 -0.9240860565389093 -0.659168
0.970890154747381 -0.11840429077817932 -0.20821318723827928 0.289527 -0.04176970598096536 -0.9396497223704351 0.33957869619784387 -0.0632742 -0.2358550382689971 -0.3209966092881359 -0.9172423767732548 -0.695249
0.9693524706818957 -0.1136752150841179 -0.21779286732692457 0.297568 -0.03326069064164764 -0.9390729597611625 0.3421048124529235 0.00636047 -0.24341223067246323 -0.32437620399928985 -0.914073609857579 -0.753346
0.9689084165172216 -0.1087686496681162 -0.22222929881423223 0.256123 -0.02430990094814197 -0.9356923592100511 0.35197846188626425 0.0652283 -0.2462224789047138 -0.3356325219124384 -0.9092443572091687 -0.797434
0.9679831816351051 -0.10067166584354628 -0.22994298373263014 0.257551 -0.012230650528259918 -0.9338803115205686 0.35737651705435464 0.112189 -0.25071691458542406 -0.34312210574448737 -0.9052117151750932 -0.842803
0.9664587991764447 -0.09244053281032968 -0.23960829991502094 0.276874 -0.0017594982741481885 -0.9353366248027862 0.35375457943093136 0.150588 -0.2568156803239388 -0.3414676356498141 -0.9041269601905907 -0.87503
0.9654561715903707 -0.0915714051789975 -0.2439447857438411 0.273813 0.0018413807903595106 -0.9337917878111024 0.3578121103782403 0.119451 -0.26055899534433574 -0.3459011054768241 -0.9013664266961918 -0.909952
0.9653937571244929 -0.08320808743552824 -0.2471665590050099 0.255731 0.010468446543430272 -0.9346091848253343 0.3555222683139434 0.14325 -0.2605864642148991 -0.3458064282592874 -0.9013948129662891 -0.928303
0.9658764871018477 -0.07168715375050204 -0.24888463924265514 0.240899 0.020966213590166895 -0.9361386279706094 0.35100553714862753 0.18315 -0.25815311261243046 -0.3442461636800865 -0.9026912812473915 -0.948318
0.9651849839770845 -0.05373277393200218 -0.25598971797852993 0.281069 0.03880200953488756 -0.9384319562143106 0.3432781199142126 0.259927 -0.2586742174264947 -0.34125980214691914 -0.9036754930158482 -0.962051
0.9643985981044114 -0.04122237691868278 -0.2612203277224426 0.309582 0.05213931923068637 -0.9387491086458253 0.34063411808982 0.287954 -0.259262097816875 -0.3421269160090199 -0.9031790176801888 -0.964834
0.964147905289282 -0.0288967445995812 -0.2637874046990049 0.320419 0.06471869954997661 -0.9384315048000377 0.3393490838757298 0.305001 -0.2573524949458425 -0.34425468617040467 -0.9029166098787121 -0.969791
0.9645490053137484 -0.00914539052861317 -0.26374529034721644 0.319465 0.08196079157680854 -0.9395982881551608 0.33232135883808983 0.378031 -0.25085383192680416 -0.34215700888330586 -0.905539030787557 -0.979624
0.9642714419147749 0.004817314780168544 -0.26487238396237056 0.325183 0.09463338190696309 -0.9401295150885725 0.3274156653066198 0.405302 -0.2474370815711573 -0.3407833451588185 -0.9069959218904537 -0.973847
0.9649749327956634 0.01887043988389965 -0.26166254140513306 0.302632 0.10523219814730721 -0.9414927810430773 0.3201835843962925 0.433143 -0.24031138872115637 -0.33650445723996 -0.9105027109836352 -0.975086
0.9639471884134667 0.03387522027145018 -0.2639285649590296 0.322066 0.11895500122026709 -0.9420940001283553 0.31354202685898463 0.458467 -0.23802421228618367 -0.33363357800694265 -0.9121584895136516 -0.96377
0.9628167040524672 0.05296499350068924 -0.26491263439295587 0.341461 0.13461225624744688 -0.9442484986019225 0.30045684108701387 0.52973 -0.23422966265081724 -0.3249453528695053 -0.9162679645076529 -0.960537
0.9626396249377643 0.06520957237274395 -0.2628167882207001 0.338031 0.1442230952544581 -0.9449223952111369 0.2938049792356683 0.547153 -0.2291825719702612 -0.3207325656982961 -0.9190244664891595 -0.96529
0.9630034971673704 0.07653165703984223 -0.2583934401530931 0.321036 0.15254089195303816 -0.9452387006596545 0.2885395554467696 0.557344 -0.22216106932940724 -0.3172801668021244 -0.9219423816206902 -0.976036
0.9622569523990345 0.09082468457917936 -0.2565393424619597 0.326997 0.164163243118229 -0.945564053684415 0.28099653020776255 0.597478 -0.21705295936390112 -0.3125051952383982 -0.9247856593721506 -0.980339
0.9620332291211158 0.10560976840874292 -0.25167169662767075 0.31507 0.17523147777401943 -0.9459544257253327 0.27288120794182424 0.645236 -0.20925103408091436 -0.3066215929567053 -0.9285457465675886 -0.992737
0.9626191298292698 0.11101101067949865 -0.247064700826839 0.315146 0.1784859446461518 -0.9460786520088497 0.27032933946741455 0.634121 -0.20373310592662663 -0.30432177004124117 -0.9305273138540618 -1.02096
0.9641145166826252 0.11913707592656438 -0.23725420093540167 0.285622 0.18274981354080078 -0.9460488749356958 0.26757061102390695 0.656908 -0.1925764896674318 -0.30132687130850505 -0.9338717322281455 -1.07025
0.9626590203348957 0.13330334980699354 -0.23562221350732987 0.300255 0.19469478066882112 -0.9456556255682347 0.2604407422264625 0.732376 -0.18809984834703897 -0.2965900449465312 -0.9362973845367912 -1.07521
0.9633060201222117 0.13843034144564237 -0.22995336954162682 0.306568 0.1977355615587575 -0.945353161277039 0.2592451506943791 0.753066 -0.1814997501137342 -0.29520237301002744 -0.9380369927022605 -1.12106
0.9649630105415572 0.13932357264080553 -0.22234057298023122 0.289266 0.19667229748282183 -0.9449762884113866 0.26141886263823644 0.753646 -0.17368475951966475 -0.2959877640154114 -0.9392682512806201 -1.16991
0.9661198106603958 0.1464575150917013 -0.21251519409841027 0.252008 0.20045631130285985 -0.9444587338154521 0.26041307067534825 0.806138 -0.1625723799062185 -0.2941902384391384 -0.941818626328207 -1.20888
0.9679977345432595 0.14163858869313534 -0.20716876239465934 0.249892 0.19513591789103918 -0.9438891142277779 0.26644945785481217 0.779545 -0.1578048144637533 -0.2983485381819702 -0.9413213002459588 -1.25348
0.9697474027566373 0.14020465636362153 -0.19983150197282487 0.230464 0.19205817116964066 -0.94349571322068 0.27005462044033485 0.794173 -0.1506772502195647 -0.3002640395854274 -0.9418799672984408 -1.30211
0.9709421796966361 0.1379617452105383 -0.19554498342941073 0.231216 0.1888607280660244 -0.9435705925581727 0.2720407363866498 0.821327 -0.1469792811260049 -0.30106659349366877 -0.9422080434818 -1.33769
0.9734400686785012 0.1327300626079216 -0.18653997740777167 0.207568 0.18196028931854166 -0.9430299073252728 0.27854092518191986 0.808749 -0.1389420231690448 -0.3050857655974537 -0.9421346983459999 -1.39928
0.9758420027535554 0.12520033771299668 -0.1790454163012316 0.189425 0.17357287438275512 -0.941975173581037 0.2873242586964829 0.775375 -0.1326832428773056 -0.3114605075985184 -0.9409503224219836 -1.45269
0.9774199635580098 0.12030620533202167 -0.17371422450930302 0.184763 0.16795724867470063 -0.9411784446498931 0.2932123768602434 0.770045 -0.12822081522078954 -0.3157681939097382 -0.9401329003173425 -1.49453
0.9794449233879818 0.12055666224070613 -0.16172115890906413 0.153648 0.16476010428476354 -0.940678200091337 0.29661192138718273 0.814571 -0.11636902545602207 -0.31716023562594153 -0.941205415864206 -1.56848
0.981373431895045 0.10916806509747704 -0.15807757821213825 0.173701 0.15416514072028617 -0.9384970817687576 0.30896008949089293 0.756037 -0.11462677068310013 -0.3275752754320741 -0.9378460120768043 -1.61617
0.9831643945764078 0.11329232383425006 -0.14336185893549627 0.108646 0.15336703966835133 -0.9381526541187678 0.3103999818190687 0.817257 -0.09932937320134494 -0.3271611941079615 -0.9397335945305353 -1.66277
0.986104446040837 0.10122181764842936 -0.1317276171895721 0.077668 0.13913179491735175 -0.9364890906242813 0.32191695634865686 0.738931 -0.09077645697850467 -0.33577124173111544 -0.937559229107567 -1.72219
0.9887647255174253 0.09618123139940538 -0.11442678138855934 0.0192637 0.128805148329712 -0.9366572672434829 0.32570292827012143 0.726725 -0.07585216764346293 -0.3367823250208731 -0.9385223035268385 -1.79452
0.990843401460838 0.08885371998061992 -0.10165810458159319 0.00902498 0.1177561266675275 -0.9370584952139478 0.32871700774318496 0.649777 -0.0660518615466496 -0.33767794271017687 -0.9389412966704813 -1.87105
0.9914209577392187 0.09917872802633204 -0.08513556520355489 -0.0638503 0.12186900081835825 -0.9368533373457565 0.3278014199841923 0.73636 -0.04724861050851001 -0.33536458401446734 -0.9409028454595182 -1.88245
0.9926647308802041 0.09563992255982587 -0.07395767221378836 -0.0803719 0.11489551114575 -0.9366499870881868 0.33088642040170846 0.701953 -0.03762650110079983 -0.3369566840121291 -0.9407680051502929 -1.90257
0.993396209724532 0.09884887077785555 -0.05824835835348659 -0.106359 0.1126619995033485 -0.9364525042451676 0.33221074811158935 0.68158 -0.021708163737195224 -0.3365792745236955 -0.9414048797346771 -1.9418
0.9929077235882929 0.11351743477882864 -0.0353276724388727 -0.190869 0.11882261411035341 -0.93771950607051 0.32644036869060844 0.737535 0.003929225712012437 -0.3283228897535363 -0.9445573784843307 -1.96883
0.9917874988587435 0.1261955290782373 -0.02079051582288053 -0.207958 0.12614134895910947 -0.938325663614061 0.32192127777767005 0.756155 0.02111675141431226 -0.32190004262798005 -0.9465381373012979 -1.96741
0.9915264845169695 0.12988775163408575 -0.0020982080121804865 -0.257481 0.12400905466794335 -0.9415925112962847 0.3130899184437584 0.695059 0.038690888614548044 -0.31069714296433154 -0.9497211698661975 -2.0449
0.990538862933455 0.13659246663931418 0.013238545081907215 -0.266004 0.1265700710579688 -0.9465985226182372 0.2965320456364729 0.681806 0.053035630767235824 -0.29205091171636216 -0.9549311424572784 -2.02372
0.9863462235231532 0.16235948372577694 0.02757762473299226 -0.252125 0.1483020693726864 -0.9484949068949055 0.2799355422489333 0.783909 0.07160742671953434 -0.2720235461108553 -0.9596226168655481 -1.98299
0.9836830031084379 0.17351342937690098 0.04754828305451565 -0.297482 0.15543850267499223 -0.9527386395205389 0.26101332657684206 0.754522 0.0905904039163176 -0.2493635390156708 -0.9641634737573596 -1.94269
0.9781310630984897 0.19665815287495655 0.06771406286458106 -0.325884 0.17493390277051954 -0.953964003670604 0.2436202154219272 0.83038 0.11250668008297393 -0.22644701501358327 -0.9675040032620771 -1.89862
0.9710991455075538 0.21605140192265762 0.1014309682579885 -0.501786 0.1906318391748387 -0.9578130234311278 0.21506676646692818 0.925704 0.14361737877888336 -0.18951518111480153 -0.9713176847147934 -1.89343
0.9710991455075538 0.21605140192265762 0.1014309682579885 -0.501786 0.1906318391748387 -0.9578130234311278 0.21506676646692818 0.925704 0.14361737877888336 -0.18951518111480153 -0.9713176847147934 -1.89343
0.966664715605501 0.2253521746773255 0.12155543990926923 -0.531833 0.2013983824034004 -0.9623567883691562 0.18250507786112943 0.857616 0.1581076189455444 -0.15194015021712795 -0.9756619145909955 -1.89396
0.9619037497574863 0.23598759411453077 0.13802547455641145 -0.529102 0.21405806505220584 -0.9641699022031238 0.1567020882813126 0.788426 0.17005975711082477 -0.12118686030116534 -0.9779536921049754 -1.87694
0.9541961737074691 0.25538793631450357 0.15584179178591484 -0.528837 0.2365953924332957 -0.9629513281029709 0.12941159138214592 0.821965 0.1831182196324554 -0.08661259544514166 -0.97926808175744 -1.8091
0.9490661134665905 0.26380288221674625 0.17228334685499214 -0.517807 0.24872619636376753 -0.9629417112603358 0.10430023948883418 0.755485 0.19341352463525552 -0.05613644136524065 -0.9795100348842853 -1.81071
0.936338739505979 0.2872327266915422 0.2019087061463582 -0.639827 0.2763114501419125 -0.9576515451414409 0.08096604602352844 0.88671 0.21661428258734006 -0.020021958084876192 -0.9760519319040455 -1.81269
0.9286950344381348 0.30011572151610577 0.21784417988281976 -0.634878 0.2945873854006895 -0.9538492909516616 0.05822201056127742 0.90711 0.22526385722689 0.010103655273174379 -0.9742454058282153 -1.79025
0.9156807913113953 0.3135044112184882 0.2514829468768927 -0.797399 0.3156836016549936 -0.9482998869742938 0.032729008702877496 0.934721 0.24874193870248004 0.04941971783702048 -0.9673081925733085 -1.8162
0.9055733893208858 0.3097035895458467 0.28986293860426654 -1.00663 0.3240497067503872 -0.9460387295801039 -0.0015841999403151605 0.808095 0.2737309337814621 0.09536460956183121 -0.9570668561465535 -1.8678
0.9055733893208858 0.3097035895458467 0.28986293860426654 -1.00663 0.3240497067503872 -0.9460387295801039 -0.0015841999403151605 0.808095 0.2737309337814621 0.09536460956183121 -0.9570668561465535 -1.8678
0.8937558411102315 0.32294735948613673 0.31129648164133505 -1.08974 0.3456941730487365 -0.9381497122646256 -0.019252430962084663 0.852874 0.2858251829379145 0.12482035242191718 -0.9501178055482256 -1.84067
0.8788834038840586 0.3431054641553264 0.33142510895212596 -1.16588 0.37512969904063787 -0.9262785529515986 -0.035857373573263435 1.01651 0.2946891095287557 0.1558418519161337 -0.9427998970706873 -1.81854
0.869407173044475 0.34360367692044597 0.3550601085246895 -1.30051 0.3863325543606369 -0.9207201041809445 -0.05496951153335916 0.937096 0.30802325382996654 0.1849621663037617 -0.9332259491335524 -1.80163
0.859793819121548 0.3473936174344822 0.3742622919373089 -1.43603 0.39530142137359997 -0.9167704685294169 -0.0571724959431093 0.931552 0.3232512565488251 0.1971029746049966 -0.9255587731427257 -1.84693
0.859793819121548 0.3473936174344822 0.3742622919373089 -1.43603 0.39530142137359997 -0.9167704685294169 -0.0571724959431093 0.931552 0.3232512565488251 0.1971029746049966 -0.9255587731427257 -1.84693
0.8544379903470145 0.34052519888748256 0.3924007002725606 -1.54924 0.39081310621712095 -0.9189110257104631 -0.05355037662491255 0.797143 0.34234607732626465 0.19911081274100886 -0.9182342008381816 -1.83947
0.8544379903470145 0.34052519888748256 0.3924007002725606 -1.54924 0.39081310621712095 -0.9189110257104631 -0.05355037662491255 0.797143 0.34234607732626465 0.19911081274100886 -0.9182342008381816 -1.83947
0.8599541776117737 0.3387535227229271 0.38173926081929965 -1.34339 0.3857993152575518 -0.9211334975570963 -0.05169108264522175 0.711312 0.3341222841339112 0.19172670789704366 -0.9228234764699582 -1.89193
0.8571188996629969 0.3508235193336985 0.3771870227391334 -1.31665 0.39526903786864365 -0.9174690382670473 -0.04486592831688714 0.86028 0.3303173921289798 0.18754578668596467 -0.9250497275030422 -1.87649
0.859708753620428 0.35844160678216486 0.3638962399858371 -1.14245 0.4012131934076115 -0.9147886589973933 -0.04679404668777172 0.948824 0.316115220108233 0.18622922406854064 -0.9302633195599794 -1.85073
0.8571325601927302 0.3651404538166814 0.36331284486514237 -1.11678 0.4098605715709665 -0.9106827085467029 -0.05168477750325805 1.0915 0.3119905224986421 0.19320831591986037 -0.9302324766048728 -1.88948
0.8601791340270128 0.3658828356019788 0.3552768047542557 -0.972985 0.41551453441085323 -0.9067131069110606 -0.07224273976686837 1.16981 0.2957017569746079 0.20976437344684387 -0.9319653311977776 -1.89842
0.8601791340270128 0.3658828356019788 0.3552768047542557 -0.972985 0.41551453441085323 -0.9067131069110606 -0.07224273976686837 1.16981 0.2957017569746079 0.20976437344684387 -0.9319653311977776 -1.89842
0.8601791340270128 0.3658828356019788 0.3552768047542557 -0.972985 0.41551453441085323 -0.9067131069110606 -0.07224273976686837 1.16981 0.2957017569746079 0.20976437344684387 -0.9319653311977776 -1.89842
0.8592694823703861 0.36301506784109894 0.36038315330665904 -1.08753 0.41547567472477687 -0.9062768032059296 -0.07773235930313838 1.17024 0.2983888744221539 0.21652347792136345 -0.9295599298215886 -1.9534
0.8592694823703861 0.36301506784109894 0.36038315330665904 -1.08753 0.41547567472477687 -0.9062768032059296 -0.07773235930313838 1.17024 0.2983888744221539 0.21652347792136345 -0.9295599298215886 -1.9534
0.8592694823703861 0.36301506784109894 0.36038315330665904 -1.08753 0.41547567472477687 -0.9062768032059296 -0.07773235930313838 1.17024 0.2983888744221539 0.21652347792136345 -0.9295599298215886 -1.9534
0.8600875845922428 0.3594955207219203 0.36195623687285333 -1.1655 0.4128416351374455 -0.9072934623154955 -0.07987714026303845 1.20336 0.29968505322641975 0.21813194131175784 -0.9287665611186925 -2.03776
0.8600875845922428 0.3594955207219203 0.36195623687285333 -1.1655 0.4128416351374455 -0.9072934623154955 -0.07987714026303845 1.20336 0.29968505322641975 0.21813194131175784 -0.9287665611186925 -2.03776
0.8600875845922428 0.3594955207219203 0.36195623687285333 -1.1655 0.4128416351374455 -0.9072934623154955 -0.07987714026303845 1.20336 0.29968505322641975 0.21813194131175784 -0.9287665611186925 -2.03776
0.85786716724744 0.357415062131363 0.3692132130903316 -1.31637 0.41430381068700073 -0.906116207920415 -0.08547379829021966 1.32466 0.304000453633021 0.22629160635242584 -0.9254057667236335 -2.08449
0.8519021144177262 0.36736925278208865 0.37323266143377287 -1.42404 0.420759629896854 -0.9044570484998237 -0.07013402361229586 1.43672 0.31180782751507374 0.21678855949822962 -0.9250830228530912 -2.1088
0.8519021144177262 0.36736925278208865 0.37323266143377287 -1.42404 0.420759629896854 -0.9044570484998237 -0.07013402361229586 1.43672 0.31180782751507374 0.21678855949822962 -0.9250830228530912 -2.1088
0.8604715179600477 0.35232767622835015 0.36804072511484703 -1.37978 0.40070399970875736 -0.9141249759552099 -0.0617400433453954 1.25233 0.3146824929940268 0.200600939425562 -0.9277576147381634 -2.22341
0.8649191977916237 0.3475862400484068 0.3620753885871085 -1.267 0.393549139506498 -0.9173803636034514 -0.05943351973839807 1.22068 0.31150257797519 0.19389964982900532 -0.9302521538330346 -2.28935
0.858073826527614 0.3628182537274636 0.3634174225190804 -1.26187 0.40338857820669 -0.9141630176461988 -0.03979487580556626 1.37549 0.3177844602881693 0.1807453787241852 -0.9307760981402602 -2.32193
0.858073826527614 0.3628182537274636 0.3634174225190804 -1.26187 0.40338857820669 -0.9141630176461988 -0.03979487580556626 1.37549 0.3177844602881693 0.1807453787241852 -0.9307760981402602 -2.32193
0.858073826527614 0.3628182537274636 0.3634174225190804 -1.26187 0.40338857820669 -0.9141630176461988 -0.03979487580556626 1.37549 0.3177844602881693 0.1807453787241852 -0.9307760981402602 -2.32193
0.8590394220701373 0.3612741407012911 0.36267377433438464 -1.14104 0.40000014021265123 -0.9158409829658719 -0.03514515258132965 1.3462 0.31945447118370995 0.17526063214723753 -0.9312532156508705 -2.37641
0.8598378648918202 0.3516644375777051 0.3701499283282816 -1.10215 0.38805410372842536 -0.9212649171671278 -0.026171835559879855 1.12801 0.3318024392282313 0.1661417338906791 -0.9286032875141 -2.43208
0.8598378648918202 0.3516644375777051 0.3701499283282816 -1.10215 0.38805410372842536 -0.9212649171671278 -0.026171835559879855 1.12801 0.3318024392282313 0.1661417338906791 -0.9286032875141 -2.43208
0.8598378648918202 0.3516644375777051 0.3701499283282816 -1.10215 0.38805410372842536 -0.9212649171671278 -0.026171835559879855 1.12801 0.3318024392282313 0.1661417338906791 -0.9286032875141 -2.43208
0.8598378648918202 0.3516644375777051 0.3701499283282816 -1.10215 0.38805410372842536 -0.9212649171671278 -0.026171835559879855 1.12801 0.3318024392282313 0.1661417338906791 -0.9286032875141 -2.43208
0.8598378648918202 0.3516644375777051 0.3701499283282816 -1.10215 0.38805410372842536 -0.9212649171671278 -0.026171835559879855 1.12801 0.3318024392282313 0.1661417338906791 -0.9286032875141 -2.43208
0.8598378648918202 0.3516644375777051 0.3701499283282816 -1.10215 0.38805410372842536 -0.9212649171671278 -0.026171835559879855 1.12801 0.3318024392282313 0.1661417338906791 -0.9286032875141 -2.43208
0.8590606099344587 0.3322841145217129 0.38936118925177515 -1.18521 0.3837629048336817 -0.9214589245616953 -0.06032812958494514 1.10044 0.3387342635941189 0.20124790081420618 -0.919107382782461 -2.49598
0.8590606099344587 0.3322841145217129 0.38936118925177515 -1.18521 0.3837629048336817 -0.9214589245616953 -0.06032812958494514 1.10044 0.3387342635941189 0.20124790081420618 -0.919107382782461 -2.49598
0.8590606099344587 0.3322841145217129 0.38936118925177515 -1.18521 0.3837629048336817 -0.9214589245616953 -0.06032812958494514 1.10044 0.3387342635941189 0.20124790081420618 -0.919107382782461 -2.49598
0.8518485461697689 0.3352770138901188 0.40242189098678044 -1.18521 0.38948993182889463 -0.9191596603216037 -0.05867803542551031 1.10044 0.3502165721269828 0.20672407405621512 -0.9135718416267145 -2.49598
0.8464941173931828 0.3388167254792279 0.41067132326748856 -1.18521 0.39260229417259696 -0.9182563778047932 -0.051659105985630546 1.10044 0.3595985926406696 0.20495963299233938 -0.9103188457977212 -2.49598
0.8464941173931828 0.3388167254792279 0.41067132326748856 -1.18521 0.39260229417259696 -0.9182563778047932 -0.051659105985630546 1.10044 0.3595985926406696 0.20495963299233938 -0.9103188457977212 -2.49598
0.8464941173931828 0.3388167254792279 0.41067132326748856 -1.18521 0.39260229417259696 -0.9182563778047932 -0.051659105985630546 1.10044 0.3595985926406696 0.20495963299233938 -0.9103188457977212 -2.49598
0.8464941173931828 0.3388167254792279 0.41067132326748856 -1.18521 0.39260229417259696 -0.9182563778047932 -0.051659105985630546 1.10044 0.3595985926406696 0.20495963299233938 -0.9103188457977212 -2.49598
0.8464941173931828 0.3388167254792279 0.41067132326748856 -1.18521 0.39260229417259696 -0.9182563778047932 -0.051659105985630546 1.10044 0.3595985926406696 0.20495963299233938 -0.9103188457977212 -2.49598
0.8464941173931828 0.3388167254792279 0.41067132326748856 -1.18521 0.39260229417259696 -0.9182563778047932 -0.051659105985630546 1.10044 0.3595985926406696 0.20495963299233938 -0.9103188457977212 -2.49598
0.8464941173931828 0.3388167254792279 0.41067132326748856 -1.18521 0.39260229417259696 -0.9182563778047932 -0.051659105985630546 1.10044 0.3595985926406696 0.20495963299233938 -0.9103188457977212 -2.49598
0.8464941173931828 0.3388167254792279 0.41067132326748856 -1.18521 0.39260229417259696 -0.9182563778047932 -0.051659105985630546 1.10044 0.3595985926406696 0.20495963299233938 -0.9103188457977212 -2.49598
0.8465577446417237 0.34215532258892606 0.40776184251494824 -1.16826 0.3929726143357157 -0.9184393025823719 -0.04518596966048921 1.15468 0.359043882233454 0.19849176984468073 -0.9119695762111012 -2.65802
0.8465577446417237 0.34215532258892606 0.40776184251494824 -1.16826 0.3929726143357157 -0.9184393025823719 -0.04518596966048921 1.15468 0.359043882233454 0.19849176984468073 -0.9119695762111012 -2.65802
0.8477849831312381 0.3424985764942215 0.40491400009952483 -1.18083 0.39380706835059637 -0.9179342515505189 -0.048090568176069756 1.16905 0.35521347848058193 0.20022845684322793 -0.9130892342897843 -2.86292
0.8399518287469367 0.3529042025136031 0.412237248720824 -1.21705 0.401925334671448 -0.9149780014077546 -0.035655045773574215 1.21981 0.36460519844610173 0.19563711505772352 -0.9103785852479012 -3.01223
0.775398060480176 0.40124487919179197 0.48760680340408047 -1.43328 0.4572885046181694 -0.8893064428689594 0.0046123980570580425 1.35891 0.43548257295517545 0.21940054146269236 -0.8730511617644281 -2.88274
0.7503835370369528 0.4029381609718949 0.5239898718262587 -1.55695 0.47508442122438693 -0.8799324549570676 -0.0036969478109794285 1.34788 0.45958605293655397 0.25171355375866256 -0.8517164708988453 -2.92941
0.7206536815261991 0.39598303641226634 0.5690832155111039 -1.71405 0.5054808220051921 -0.8618922581743415 -0.0403840795870071 1.27168 0.474497007248403 0.31676358719533426 -0.8212876596780528 -2.96635
0.7076098998392758 0.3903266936085984 0.5890104429515914 -1.80507 0.5157577105984044 -0.8550966382213175 -0.052950196042075404 1.24641 0.4829929746981245 0.3412547604930678 -0.8063888484057032 -3.0684
0.7041320776277961 0.37360654369064983 0.60383455330669 -1.86904 0.5123298984808 -0.8561136619241018 -0.06773088652570372 1.18808 0.49164630821172284 0.357053985243732 -0.7942268940569516 -3.18361
0.706189530698601 0.3682680526592096 0.6047106647995246 -1.91318 0.5105951624515854 -0.8565766386512237 -0.0746260155576455 1.17886 0.4904986511833937 0.3614624510340797 -0.792941340629751 -3.32824
0.7077960297074569 0.36813450825444544 0.6029110748382537 -1.95045 0.5104625073950654 -0.8565096325992868 -0.07628419107899956 1.19334 0.48831630002929816 0.3617571465733498 -0.7941529815021814 -3.46806
0.7055763010450065 0.3676141585262509 0.6058233355151343 -2.00209 0.5074706275812787 -0.8588299619406035 -0.06989033277474654 1.21269 0.4946065563110842 0.35675051075525904 -0.7925234555077549 -3.59181
0.7061916543092501 0.3637134219309795 0.6074585533937457 -2.02863 0.5063303642045016 -0.8591396473759934 -0.07422013602244995 1.20978 0.49489686770932556 0.35998835121974637 -0.7908763982554967 -3.71417
0.7061658891495561 0.359614004368343 0.6099241796024996 -2.06114 0.5036849120094338 -0.8605578399454219 -0.07577409532629648 1.21064 0.49762560868153255 0.36071868813610847 -0.7888287403573091 -3.8355
0.7025355482710725 0.3528679546676866 0.6180032443151955 -2.09939 0.49768236437355906 -0.8643464916298251 -0.07223161772213577 1.21238 0.5086807128317405 0.35831459498024393 -0.7828502943840132 -3.93229
0.699784745324833 0.3482586944837896 0.6237124272668498 -2.13037 0.49509945987476983 -0.8658455282449938 -0.0720280920881487 1.22476 0.514954206743056 0.3592038459351377 -0.7783281840091852 -4.03807
0.6992890315530976 0.34233278066780004 0.6275373436137348 -2.1536 0.49328034633190443 -0.8664543767495464 -0.07701501758898421 1.23196 0.5173677128234881 0.363407595258832 -0.7747680746107094 -4.15638
0.6944070225808198 0.3301117441729 0.6393943410365517 -2.18313 0.4869695505399685 -0.8697641094947138 -0.07981886169175992 1.21854 0.5297731059966535 0.36679235296553425 -0.7647246733097247 -4.24584
0.6850416524864543 0.3288109996913568 0.6500778882877031 -2.21316 0.4812750204741885 -0.874155637169575 -0.0650098198138124 1.25205 0.5468933068032541 0.3574006833885821 -0.7570815428255909 -4.32457
0.6775589653091361 0.3162328359300626 0.6640110255175311 -2.24276 0.46951551587808016 -0.8809127973218809 -0.05956361191431789 1.24508 0.5660998400273167 0.3521213384533368 -0.7453465865802817 -4.40662
0.683221163155672 0.3006790189623461 0.6654329190625089 -2.22084 0.46199687294366204 -0.8837010402527669 -0.0750423936615533 1.22971 0.5654800894872324 0.3586984792440844 -0.7426760191237448 -4.54834
0.6790616898799953 0.286424948748781 0.6758964196321677 -2.21463 0.45078957126607866 -0.8893886407291474 -0.07600400107694685 1.21573 0.5793651558171844 0.35629846263521503 -0.7330671331799783 -4.63482
0.6716064784165828 0.2789696485132092 0.6863823084530168 -2.21949 0.4419127394206151 -0.8944096466495063 -0.06888043784756742 1.23303 0.5946914064341634 0.3495816345129154 -0.7239715546377735 -4.71679
0.6617297965003087 0.2660789362172595 0.7009391386740734 -2.20758 0.43025582121149003 -0.9004075921701667 -0.06439018773034577 1.22302 0.6139980494572329 0.3441920505529063 -0.710308543943334 -4.76203
0.6444561450261216 0.25914182600477226 0.7193898742357885 -2.23105 0.42605452093427115 -0.9029367819067294 -0.05641553927233417 1.26684 0.6349439521166729 0.3428566491915126 -0.692311704202398 -4.79567
0.628863530606369 0.26452278717901695 0.7311349772349405 -2.23995 0.42697713122612774 -0.9033586621584662 -0.040418521907317095 1.35739 0.6497854948236368 0.3375956495073814 -0.6810344985024552 -4.84163
0.6188342666398116 0.2560635624723281 0.7426140332678524 -2.214 0.4239534872007844 -0.9047408415061476 -0.041321306865129 1.38017 0.6612923643311339 0.34040484967862605 -0.6684436754077422 -4.88535
0.6012915966002048 0.24347215890283458 0.7610320122683205 -2.22592 0.41313663021760105 -0.9099848805092323 -0.035293654061925334 1.3774 0.6839346025976616 0.33563197863700445 -0.6477535289643646 -4.89768
0.5697715036982096 0.24077446770684807 0.7857404719587538 -2.28125 0.4077750196056753 -0.9129432794507999 -0.015940573741554 1.40856 0.7134984001096795 0.32948782102849083 -0.618350878413563 -4.87134
0.5391644391239666 0.24725616255491595 0.8050876335298879 -2.31923 0.4142746626349792 -0.9101495263255898 0.0020841372264333025 1.4921 0.7332654440806633 0.33240371509344085 -0.593152222207138 -4.85367
0.5195247113416506 0.23891743541588678 0.8203734109292364 -2.32063 0.41471948897260175 -0.9099462206446365 0.0023708649995669018 1.52761 0.747062125777822 0.33899311879275323 -0.5718232643391519 -4.8531
0.4982283934951148 0.2303175284577072 0.8358961083773572 -2.34827 0.40981342911499724 -0.9121420429633691 0.007060224898586986 1.53545 0.7640820775494505 0.3390438460490689 -0.5488422808275353 -4.85579
0.47977507362279986 0.21836906685747307 0.849782813058745 -2.34978 0.4030575241439839 -0.9151430528889538 0.007604273798851202 1.525 0.7793333760087267 0.3388630156698758 -0.5270781210123966 -4.83014
0.45649555338091913 0.2129733307821528 0.8638600408162219 -2.37915 0.39824587745914636 -0.9171449812103244 0.015662200595979864 1.5282 0.7956205319310478 0.3368789750285254 -0.5034883567208751 -4.80035
0.44129558398524166 0.21070579871828005 0.8722736233210405 -2.38463 0.4002262471884465 -0.9162226429475755 0.018841964112385173 1.55359 0.8031669556303828 0.3407919232268446 -0.48865499736191326 -4.78855
0.4364867981716851 0.15995944234929915 0.8853768981767778 -2.38912 0.3702243519673626 -0.928825901838084 -0.014709632388912791 1.37097 0.8200080513215571 0.3342086487180901 -0.464641124837063 -4.78705
0.43873173151575634 0.1364633381044199 0.8881960510577525 -2.3821 0.3609864206181602 -0.9319090585907615 -0.035132757446147245 1.31021 0.8229236124273476 0.3360405687857939 -0.4581194868586634 -4.82102
0.4331238642427838 0.13427210689454083 0.8912770161591176 -2.39254 0.35919392924921 -0.9326415921565367 -0.034049695596786 1.28744 0.8266700910362684 0.33488902921687547 -0.4521790560124017 -4.81638
0.43357498724509613 0.1398067129871735 0.8902060511135256 -2.40301 0.3455646614251761 -0.9381606212134695 -0.0209693485464032 1.32306 0.8322246062268998 0.31671553768023325 -0.4550752388148608 -4.8231
0.43995572731062704 0.13958332575315244 0.8871050970309359 -2.41118 0.32955991798850415 -0.9440169948877785 -0.014905496249977057 1.34761 0.8353617291102023 0.29891204146828376 -0.4613267529672168 -4.83832
0.45628363473797423 0.12924762347022867 0.8803978058228003 -2.41472 0.30586843627132504 -0.9518885597570333 -0.018779496708256238 1.32808 0.8356133940784084 0.27785467718031853 -0.47386394039405827 -4.88281
0.4815249536499789 0.11383713893263221 0.8690079544008893 -2.39319 0.2725984538970046 -0.96180156960099 -0.025056409280546768 1.25867 0.8329608645940985 0.2489555111113313 -0.4941632842916878 -4.93673
0.4950314233037833 0.11697596312207065 0.8609648738441622 -2.40971 0.24963131244168069 -0.9682668898677802 -0.011976553528439932 1.24922 0.8322428117986205 0.22085256176336185 -0.508523399827467 -4.95267
0.5109610232195827 0.12163143615372832 0.8509551260140447 -2.42235 0.23465309056692732 -0.9720772119001735 -0.001954786887266427 1.27719 0.8269563228114207 0.20067807016105854 -0.5252347592445181 -4.97665
0.5488126153017849 0.1050219881048288 0.8293220697052046 -2.38073 0.20334187720146243 -0.9790506275958106 -0.010580622875544246 1.2396 0.8108370947741601 0.1744426857703077 -0.5586707036523764 -5.06481
0.5693242050392013 0.09588793505313875 0.8165019617047632 -2.3822 0.17620969819842197 -0.984325808929414 -0.0072693972429283965 1.17912 0.8030069064567892 0.14801420805686022 -0.5772968927648909 -5.09037
0.5880972340640851 0.09540777348466159 0.8031432002108165 -2.38796 0.15754760386678532 -0.9875094765665149 0.001945817864515302 1.16465 0.7932971673981994 0.12538895665100208 -0.5957828578836133 -5.11787
0.6053155755386318 0.0988150041017528 0.7898282401729539 -2.40766 0.14025286413834673 -0.989980420167326 0.016367705591045383 1.17573 0.7835318679615559 0.10086804573151631 -0.6131096551506748 -5.15239
0.6249443516709391 0.09390766094241429 0.7750005861487551 -2.40975 0.12455725666192244 -0.9920155769336748 0.019763221746577186 1.17117 0.7706685715192007 0.08418103312072714 -0.6316514122008131 -5.19613
0.6442133329909223 0.0848130932086054 0.7601288843460133 -2.42009 0.10139873323977654 -0.9945309161696516 0.02503105431502251 1.15118 0.7580946368983855 0.06095076704309292 -0.6492900164816666 -5.2476
0.6611155025955997 0.07384135403917037 0.7466416454105876 -2.42972 0.07995372838998364 -0.9964122901537751 0.02774796113321054 1.10923 0.7460118588496488 0.04135217605122293 -0.6646475035622419 -5.29427
0.6714233042049259 0.06642052208032719 0.7380914989465168 -2.44253 0.0604989415702918 -0.9975636784835061 0.03473593872821159 1.0745 0.7386004499317704 0.02133123571273874 -0.6738058724466222 -5.30474
0.6807283825831945 0.05981263677260846 0.7300899380404966 -2.46186 0.049579474977973804 -0.9981374782772037 0.03554504352695549 1.03437 0.7308561724488456 0.012000955825795592 -0.6824259903115433 -5.34356
0.6861722828182119 0.0593765410767802 0.7250117410509992 -2.48406 0.04395010572527988 -0.9982263517334321 0.04015643051490883 1.03511 0.7261101751792082 0.004310113075014759 -0.6875648597961505 -5.36669
0.6917588890892509 0.06579396559550262 0.7191250193514497 -2.50844 0.04546088025279052 -0.9978332075479074 0.047562572273752796 1.08876 0.7206961549312211 -0.00020977576679652443 -0.6932510427409978 -5.4118
0.6971412577925662 0.05515786904270198 0.7148088388975525 -2.51924 0.03547791619982073 -0.9984686839161931 0.042445314238251194 1.063 0.7160554337099311 -0.004230451670156628 -0.6980306004274808 -5.45381
0.6979941110498917 0.044000098228968554 0.7147504545612492 -2.53461 0.027435049796560876 -0.9990208592662757 0.03470793559882772 1.02102 0.7155777658524135 -0.004616720341678248 -0.6985178214698282 -5.49255
0.6941849038845949 0.04090759543890028 0.7186333473017678 -2.56637 0.024181428688168263 -0.9991455776855331 0.03351675846559839 1.00948 0.7193904209296472 -0.005889246713247238 -0.69458098091426 -5.52401
0.6874589005455475 0.044648324059811846 0.7248494928047868 -2.572 0.03545659312630443 -0.9989815143061634 0.02790634477032155 1.04691 0.7253572154908108 0.006516228450137209 -0.6883418109502016 -5.5542
0.6789342882579992 0.03822533892574198 0.733203284015843 -2.58981 0.04294802491778121 -0.9990014241510847 0.012313476347766118 1.0661 0.7329418117308265 0.023129591611559135 -0.6798980236834176 -5.59304
0.6609622912336481 0.028997521163761916 0.7498586489022602 -2.63475 0.04249933112367482 -0.9990958047019709 0.0011746833451331522 1.03674 0.7492146931428975 0.031092069620375362 -0.6615970274914447 -5.59861
0.6496508853544025 0.031939064397946956 0.7595614677717822 -2.63932 0.052606775985240384 -0.9986107880934738 -0.003003501917682283 1.06198 0.7584103468958471 0.041909307662076484 -0.650428593815344 -5.64037
0.6221210362345965 0.03722507648845491 0.7820356193645024 -2.68831 0.07299752100488549 -0.9972757896479377 -0.010600061755657163 1.11073 0.7795106017249114 0.06368118295470904 -0.623143585970325 -5.62871
0.606552317294096 0.031111945835354895 0.7944345997069239 -2.69751 0.08670842821312624 -0.9958622972750336 -0.02720171580804729 1.16221 0.7903011671900603 0.08538343921645802 -0.606740252040029 -5.68542
0.5815155455142952 0.02261716478947117 0.8132208397367209 -2.71088 0.10145373969753596 -0.9938261871906707 -0.04490710807253514 1.16994 0.8071844950360458 0.10861847683953058 -0.5802199733398222 -5.69392
0.5560784180181285 0.012630320517161849 0.8310338549169278 -2.71148 0.11791743643616315 -0.9909690424960776 -0.0638422665538312 1.15866 0.8227224751997353 0.1334946883514126 -0.5525458324729092 -5.70456
0.5268012307684851 0.0041708458112691416 0.8499782746082561 -2.70473 0.14431555715411637 -0.9859081036676138 -0.08460633005766385 1.15402 0.8376475889203684 0.167235807074167 -0.5199795203737794 -5.71165
0.49301805237483265 -0.0007273212002086998 0.8700187762550868 -2.72209 0.1732395458148333 -0.9798923889793563 -0.0989897256597903 1.18805 0.8525967744475682 0.19952537939871712 -0.48297863635713845 -5.71161
0.4586367344553282 -0.025650676608090298 0.8882535609822794 -2.69766 0.20949614958284885 -0.9682868420738486 -0.13613212250095372 1.18923 0.8635761165746269 0.2485208929973519 -0.43871819728122213 -5.72069
0.4244708986564547 -0.03775244145124747 0.9046541932463762 -2.7047 0.22806005657436462 -0.9624598256062641 -0.147172329903611 1.19561 0.8762494318338124 0.2687858576235547 -0.39992636316263364 -5.73349
0.3886778659835547 -0.04826570145543155 0.9201086558431482 -2.70209 0.24520097686685197 -0.9571964115406294 -0.15379047654937367 1.19104 0.8881475088283541 0.28538649547019057 -0.3602062614186926 -5.7306
0.3485767447613824 -0.051695687117724126 0.9358535189574191 -2.72721 0.2914300068108495 -0.9430076691156262 -0.16063961877240035 1.2051 0.8908214210164607 0.3287310327951109 -0.31364486913653383 -5.75118
