1.0 -2.8048563906750926e-12 -1.4395291382505385e-11 0.0 -2.8048563904265797e-12 -1.0 1.726349965760286e-11 0.0 -1.4395291382553807e-11 -1.7263499657562482e-11 -1.0 0.0
0.999594659429496 0.0169952910591333 -0.022840247849904422 0.2084610611200333 0.0167693913034116 -0.9998089160209658 -0.010045842935989308 0.02300574444234371 -0.023006615469094608 0.00965875389462049 -0.9996886535906369 0.1149926409125328
0.9984830878878389 0.03189718135097389 -0.04487864774955876 0.4107437133789062 0.031048219842605567 -0.9993278762243173 -0.019488556785982013 0.04907714203000069 -0.04547011377345702 0.018065592236577666 -0.9988023343637972 0.2336993515491486
0.9973208328879722 0.031534043376935786 -0.06600576032395239 0.6073596477508545 0.029780082035927007 -0.9991811208989579 -0.027390406222532908 0.07762542366981506 -0.06681543984420796 0.025351365789705378 -0.9974432340995761 0.3554134368896484
0.9957550413394526 0.03162777924377188 -0.086438308794031 0.7978407144546509 0.028742864747819244 -0.9989940874030377 -0.03441890555872404 0.109648697078228 -0.08743995295717852 0.031788314108788907 -0.9956624717809582 0.4790975153446198
0.9938061787770102 0.03147286647624707 -0.10657737893383236 0.9863598346710205 0.02731376590771194 -0.9988157682733837 -0.04026188321960329 0.1398697197437286 -0.10771832349501213 0.037101478733583965 -0.993488924477372 0.6017632484436035
0.9915473425780479 0.032362071994331276 -0.1256445928906026 1.169386029243469 0.026793813639482484 -0.9985931719736483 -0.04575771452182034 0.1750724911689758 -0.12694864700761577 0.04200444242983646 -0.991019509313058 0.7240427732467651
0.9889831381783234 0.03337338671035839 -0.14421709142274405 1.349689722061157 0.02631349165404377 -0.9983729620990469 -0.0505868432158769 0.2101451456546783 -0.14567069903013377 0.04623467972264992 -0.9882521954617738 0.8453414440155029
0.9861487587133706 0.03397091397483842 -0.16234716718129905 1.528119206428528 0.02541498741110045 -0.9981907563922539 -0.054491212759064 0.2425601184368134 -0.1639045579078634 0.049610390612996616 -0.9852279457263957 0.9643279314041138
0.9831203313782112 0.03512851355493905 -0.17955612372240765 1.7030930519104 0.025019682160581324 -0.9979880199178578 -0.058257425320869825 0.2769944965839386 -0.18124135713291156 0.05278162214117429 -0.9820212170970476 1.081578850746155
0.9798127191945307 0.03601453060347572 -0.19664686341264348 1.878360629081726 0.024347008247780026 -0.9978143102939809 -0.06143146882444948 0.3093590438365936 -0.19842947990155618 0.055403571707590187 -0.9785479986940036 1.196335434913635
0.9763573408581285 0.03669340664357995 -0.2130256718363612 2.051641941070557 0.023518828845547544 -0.9976692717568547 -0.0640537967795918 0.3396684527397156 -0.21487951889879595 0.05752928037996205 -0.9749447031789986 1.308048129081726
0.9728049027765773 0.03785651464664903 -0.2285114995632862 2.221017122268677 0.023168193251183 -0.9975092125203506 -0.06662286213084714 0.3711754679679871 -0.23046443533727617 0.05951684833589624 -0.9712589195517498 1.417643785476685
0.9691912494131166 0.03945227702048933 -0.2431292658215797 2.388352394104004 0.023235567085943216 -0.9973313932899449 -0.06921127350751188 0.4031270146369934 -0.24521099176675673 0.06142971427766494 -0.9675215551710091 1.522749066352844
0.965501736613029 0.040919426040293874 -0.2571614223979925 2.553632736206055 0.02322781897430123 -0.9971728371154531 -0.07146188735833635 0.4335384964942932 -0.2593585645837108 0.063023277379484 -0.9637225749589069 1.625108003616333
0.9616859138763195 0.042348252380439946 -0.27086311777757843 2.719350814819336 0.02317848235049487 -0.9970195200068467 -0.07358556027676035 0.4621159136295319 -0.2731720355523156 0.06448800078804966 -0.9598011964706882 1.722441554069519
0.9578553128449121 0.04383105576338445 -0.283887368872661 2.88200831413269 0.023199347455538685 -0.9968655944396541 -0.07563581757416069 0.4899150729179382 -0.28631274846295685 0.06586216799606284 -0.9558698577183222 1.816717267036438
0.953822317147271 0.04508298530439461 -0.2969688733652979 3.046215772628784 0.02300887025984302 -0.9967335491048938 -0.07741333204382564 0.5149048566818237 -0.2994888632339712 0.06700564546965898 -0.9517440119454484 1.906528234481812
0.9498739876312636 0.0467263606596041 -0.3091214241054647 3.205772876739502 0.02316325189984371 -0.9965686248446852 -0.07946344906054095 0.5407750606536865 -0.3117737503108726 0.06832000581587652 -0.9476969480917474 1.992892146110535
0.9457851664119542 0.048411877628684964 -0.3211646137101306 3.365396976470947 0.02333267012717089 -0.9964014480422129 -0.08148460495159797 0.5650412440299988 -0.3239537088842306 0.06957330266594068 -0.9435112877206636 2.074558734893799
0.9417650140443034 0.050877175334137034 -0.33240061876018356 3.520431995391846 0.02412232494307895 -0.9961628859921315 -0.0841285802279359 0.5919536352157593 -0.3354053842165834 0.0712110778028757 -0.9393786300723893 2.153210878372192
0.9375602778432695 0.05278399281148658 -0.3437943797000301 3.680626392364502 0.024421873327018263 -0.995968618294014 -0.0863138660744153 0.6154665350914001 -0.3469644038134901 0.07252834946688061 -0.9350696984770492 2.230204820632935
0.9333216459492594 0.05490275603990273 -0.35481881655541997 3.843665838241577 0.024776347163334364 -0.9957321671125371 -0.08890210345437766 0.6403084993362427 -0.3581854796384239 0.07418314334533055 -0.9306986748779643 2.306433916091919
0.928795865566658 0.05331006131515048 -0.3667373412523695 4.011894702911377 0.021722061859330746 -0.9957292966967403 -0.0897291464820333 0.661322295665741 -0.3699545811783677 0.07537376906052713 -0.9259872584451411 2.381044387817383
0.924154807166161 0.052416388846019485 -0.37840509321627586 4.183330059051514 0.019309916833237944 -0.9956853670173939 -0.09076220038832841 0.682461678981781 -0.3815298409083738 0.07657135291857217 -0.9211795744634431 2.455734014511108
0.9195229101817662 0.05202090373794255 -0.389578545642779 4.358010768890381 0.017400857066115934 -0.9956185082162642 -0.09187489466979018 0.702121376991272 -0.39265102549747627 0.0777020699306534 -0.9163992364162422 2.527168273925781
0.9148791599633285 0.05253611185335093 -0.4002949907457328 4.535799980163574 0.016348156670553397 -0.9955047898611612 -0.09328960894419058 0.7230590581893921 -0.40339665397505364 0.07880463384101954 -0.9116254544750896 2.597897291183472
0.9104141518936079 0.05384398854132723 -0.4101791034777417 4.716639518737793 0.015989288045230296 -0.9953328313884534 -0.09516773312447399 0.7455302476882935 -0.41338893877273636 0.08008357920451528 -0.9070260225826737 2.665951490402222
0.9060603457463423 0.05490892780176762 -0.4195708039338283 4.902363300323486 0.015637733462237277 -0.9952127334784155 -0.09647319013375882 0.7639186382293701 -0.4228594461025823 0.08084939560739232 -0.9025814445642768 2.731668710708618
0.901944445989367 0.05634565273344561 -0.42816046497426213 5.092392921447754 0.015735161090957718 -0.9950811905660021 -0.09780505552981303 0.7819966077804565 -0.43156531493433997 0.08147755273564708 -0.8983945610620282 2.79487156867981
0.8982281697039759 0.05786674140172432 -0.4357035636643234 5.284235000610352 0.016105721872385584 -0.994963022729889 -0.09894033112523772 0.7986185550689697 -0.43923428927306496 0.08185367212134277 -0.8946358004724811 2.855276823043823
0.8949120233536663 0.05948609453319216 -0.44225996315994376 5.480094432830811 0.01682781680737233 -0.9948688597345312 -0.09976360314268475 0.813810408115387 -0.4459252123826867 0.08183737830418143 -0.8913211253379749 2.912618398666382
0.8922852982312295 0.06164607643538795 -0.44724345475426286 5.677035331726074 0.018207880318092957 -0.9947416340337119 -0.1007846943452383 0.8310006856918335 -0.4511046659642617 0.08178534575376821 -0.8887157799686065 2.964892387390137
0.8902912904335573 0.06370031562176516 -0.450914280066443 5.872864246368408 0.01977613832105575 -0.9946424158941375 -0.10146609708360667 0.8470330834388733 -0.4549618912955871 0.08141703933428755 -0.8867812262191738 3.012359619140625
0.8887452260817258 0.06530474515482225 -0.4537259231928518 6.070559978485107 0.021319336914158684 -0.9946177277628779 -0.10139556939703964 0.8599579930305481 -0.45790545857249015 0.08044169242422122 -0.8853540111895605 3.057201147079468
0.887899925352648 0.06688679548962433 -0.45514819471013174 6.265788555145264 0.02311591474858044 -0.9946107596057964 -0.10106973514221443 0.8742714524269104 -0.4594555223784988 0.07921864342129437 -0.8846609686712706 3.100924015045166
0.8879797883628601 0.06814835277532182 -0.4548051203241457 6.458266258239746 0.025027208414757165 -0.9946549448711303 -0.10017574298388562 0.889397382736206 -0.45920097375551666 0.07757153251947191 -0.8849390504687688 3.143386125564575
0.8888263366746286 0.06925297362509387 -0.4529809807018853 6.64705753326416 0.02705556219106889 -0.994720752618027 -0.09898798344016826 0.908536434173584 -0.4574447942518145 0.07572747160118232 -0.8860076806985405 3.190569162368774
0.8905590388807447 0.0702964185631235 -0.4494029503741627 6.834153652191162 0.02936260240816789 -0.9948097749726317 -0.09742355566659082 0.9326694011688232 -0.4539189749808041 0.07356578794588971 -0.8880009228577841 3.241421461105347
0.8932833983209205 0.07054308598082987 -0.4439239161213651 7.01666784286499 0.031431758653185426 -0.9949938868955441 -0.09486416387901661 0.9577736854553223 -0.4483935936565056 0.070787273296817 -0.8910288138477935 3.29662299156189
0.8966768541219908 0.06943965622211114 -0.4372056191606466 7.198585987091064 0.03275431173614231 -0.9953206629135042 -0.09090617712847518 0.9795309901237488 -0.4414722803807516 0.06719309578503668 -0.8947554490106452 3.359247922897339
0.9013843232049955 0.06806136424120349 -0.4276376416756345 7.373528957366943 0.03427440894425359 -0.9956858969622769 -0.08622563123542872 1.005581378936768 -0.4316614029210791 0.06306540484332356 -0.8998284213894078 3.422149181365967
0.9071073342675077 0.06589042180004155 -0.4157099186128579 7.54288911819458 0.03548782747374525 -0.9961266897831608 -0.0804501833611119 1.031256079673767 -0.4194006416534076 0.05822430949917262 -0.9059321340829317 3.486788988113403
0.9136936293234021 0.06281164863517659 -0.40152042106169494 7.712630271911621 0.03614468998949305 -0.9966284361943112 -0.0736567821347477 1.057315349578857 -0.40479317326184383 0.05278690144925507 -0.9128833605209341 3.550187349319458
0.921027520666758 0.05924421232455141 -0.3849654912852433 7.876268863677979 0.036628658780621555 -0.9971587496447805 -0.06582377505727972 1.081568002700806 -0.3877713856518788 0.04652473871933119 -0.920580686934459 3.614375829696655
0.9286317602461487 0.05570827554752445 -0.36679645840392167 8.044215202331543 0.03704951559234488 -0.9976450572788782 -0.05772064692461284 1.108392357826233 -0.36914819145772787 0.040011594851296704 -0.9285088502652754 3.676519393920898
0.9364979286285924 0.051318599199041456 -0.34689772419346304 8.20467472076416 0.03673858668733691 -0.9981482185728758 -0.04848102729946524 1.131952881813049 -0.348743323839429 0.032657849531814 -0.9366491119631646 3.739040374755859
0.9443123015158833 0.046901754275956414 -0.3256908083621847 8.362753868103027 0.036167429539762944 -0.9985868310202944 -0.038939157070130154 1.156717658042908 -0.32705686699144815 0.024991325668795333 -0.9446741445572936 3.801180839538574
0.9518719868631472 0.042083295025875454 -0.30359301195015853 8.518781661987305 0.034993030635486026 -0.9989736595360276 -0.028759613351717925 1.178452849388123 -0.3044917214509254 0.01675183073462427 -0.9523676641585906 3.864010334014893
0.9586354512251304 0.038236245256294814 -0.28205684037635165 8.69075870513916 0.03415342160372236 -0.999228695215668 -0.019379330492867303 1.207754611968994 -0.2825802814195439 0.008944507045883418 -0.9592019497199519 3.92507004737854
0.9649317183334275 0.03436200649637891 -0.26024225533844664 8.855090141296387 0.03296697206859753 -0.9994091281195873 -0.009724884774351355 1.237065553665161 -0.2604226520614648 0.0008044506130980445 -0.9654943786229332 3.989994764328003
0.9707751917800732 0.030301246392141167 -0.23807007685016765 9.011494636535645 0.03125764292222922 -0.9995113311050029 0.0002423873996846384 1.259364247322083 -0.23794639476846122 -0.007676813127064138 -0.9712479496796397 4.049283981323242
0.9759338952712987 0.026605517117157685 -0.21643747022989845 9.166023254394531 0.029458434031520566 -0.9995163310931957 0.009965166451561328 1.281841635704041 -0.2160676577486786 -0.016101252650815776 -0.97624562326193 4.107890129089355
0.9802782563994509 0.02347518514303936 -0.19622297447789563 9.325754165649414 0.027761711267368018 -0.9994316388580359 0.019122934844000943 1.306671380996704 -0.1956625345281006 -0.02419328278759701 -0.98037281564209 4.166328907012939
0.98400609591072 0.02037804209324826 -0.17696535991823087 9.463626861572266 0.025777460016970424 -0.999268018115685 0.028265712908485698 1.35019838809967 -0.17625982459317463 -0.03237535129689323 -0.9838111154397404 4.236289024353027
0.9869408124753319 0.0184091798522543 -0.16002791871326486 9.601749420166016 0.024554627891031786 -0.9990315777288289 0.03650995685810092 1.412317276000977 -0.1592008257505749 -0.03996259248115393 -0.986437067573254 4.308829307556152
0.9893354826039679 0.017002728101409487 -0.1446589440645928 9.729253768920898 0.023644648317970404 -0.9987375549699852 0.04431959948481616 1.473744750022888 -0.1437227660000076 -0.04726736220358142 -0.9884885244673415 4.378572940826416
0.9911257637034838 0.015578617575086492 -0.13201146615970474 9.853358268737793 0.022544302889023465 -0.9984217747943309 0.051436504778087797 1.529817223548889 -0.13100181269903724 -0.053956151558348625 -0.9899127531144241 4.452834606170654
0.9923766658412506 0.014905548840883983 -0.12233714770074812 9.974784851074219 0.02211369323053697 -0.9980846425040656 0.05777569531591023 1.587421774864197 -0.12124164987952095 -0.0600405780392162 -0.9908055264900414 4.525425434112549
0.9931138296417977 0.015327229466021722 -0.11614644812088902 10.09399604797363 0.02277433975487068 -0.9977495353472953 0.06306499950833323 1.652203321456909 -0.11491845292611698 -0.0652758818489055 -0.9912279296034366 4.598926067352295
0.9933898372227996 0.016498973880057295 -0.11359760192611773 10.20713138580322 0.024245895799895386 -0.9974478473907598 0.06715599952647909 1.718267202377319 -0.11219967842788203 -0.06946636305756211 -0.9912545871592398 4.670839786529541
0.9931412785699903 0.018445015659321086 -0.11545640821406074 10.31473636627197 0.026663768188525193 -0.9971870417678149 0.07005031903098274 1.791542053222656 -0.11383955492864957 -0.07264836631116539 -0.9908394272564881 4.750207901000977
0.9923292242847348 0.020929743916197247 -0.12183864924587269 10.40509510040283 0.029830324058082152 -0.9969805886692171 0.07169280008041884 1.870934247970581 -0.11997025630149415 -0.07477734708040598 -0.9899573152245353 4.836141586303711
0.9908049870912369 0.024448654275495724 -0.13307043570700047 10.46625137329102 0.03423654114621906 -0.9968334309262147 0.07177026012363522 1.968088269233704 -0.13089437270363044 -0.07566620310276112 -0.9885045720190345 4.925852298736572
0.9884612164163199 0.02864161349243664 -0.1487416606647888 10.4867696762085 0.03947584030892623 -0.9967370628297 0.07040515331655071 2.078696727752686 -0.14623980878226514 -0.0754644655329429 -0.9863665813322925 5.01532506942749
0.9852338128104042 0.03077372574964538 -0.1684259834424575 10.48324489593506 0.04275854730585473 -0.9967686672345507 0.06799949008448901 2.189071893692017 -0.16578914538463105 -0.0741970472656638 -0.983366034317685 5.09728479385376
0.9809505938434173 0.031801080450697496 -0.19163669721745621 10.46707344055176 0.044957478609586134 -0.9968915557708768 0.0646996997658348 2.298053979873657 -0.18898348487451314 -0.07208271162275197 -0.979331060025054 5.172070503234863
0.9755374776059607 0.03405998503550522 -0.2171786066940772 10.43948841094971 0.04823463099863628 -0.9970140583361968 0.06030246970408379 2.415657520294189 -0.21447622282813758 -0.06930284914321855 -0.9742674504169824 5.243388175964355
0.9688772929541196 0.0372183435679829 -0.24472757527494185 10.40586376190186 0.052159900058853695 -0.9971309201195238 0.0548568406622335 2.533999919891357 -0.24198375156970178 -0.06591451314882685 -0.968038811687117 5.305995464324951
0.9616626630893482 0.03996483923406123 -0.2713074529844286 10.33919525146484 0.05540483198309071 -0.9972368245094513 0.04948757859534934 2.635529756546021 -0.26858001975729273 -0.06262210047020964 -0.9612196655915185 5.347658157348633
0.9529859267428573 0.0436816544233314 -0.29984952308932844 10.28709602355957 0.05910543197707188 -0.9973441546417681 0.042558020544904526 2.740486860275269 -0.29719416437888 -0.05827993023964116 -0.9530367665470212 5.387997150421143
0.9424953497641432 0.04804188290508945 -0.3307483834577258 10.25097942352295 0.06274389236985489 -0.9974533524876542 0.033911850162142806 2.855504989624023 -0.3282768947751961 -0.05271420205289305 -0.9431094810565109 5.456767559051514
0.9308733654092718 0.05314226439689246 -0.3614563283529383 10.21546649932861 0.06636376495410394 -0.9975006700708366 0.024254152414547307 2.971548557281494 -0.3592640091530639 -0.04656514729926688 -0.9320735264904076 5.524879455566406
0.9182868881244847 0.05920466093893711 -0.39146391816073656 10.18038845062256 0.07005229871874756 -0.9974523285445044 0.013473222530841782 3.09192419052124 -0.38966891913888857 -0.039795230923462654 -0.9200948174252904 5.592905044555664
0.9049223791588721 0.06549959169583401 -0.42050599423209856 10.14909648895264 0.07303795144321364 -0.9973274849125511 0.0018290672442908985 3.211564540863037 -0.4192623824604652 -0.03236806027064957 -0.9072879164454304 5.664754867553711
0.8913156426111393 0.07200556288705254 -0.4476288911028983 10.11492824554443 0.07532025453831345 -0.9971049813210975 -0.01041707641025856 3.330460786819458 -0.4470830845524971 -0.02443061886183434 -0.8941587445018095 5.735426902770996
0.8778939474270738 0.07829068785403616 -0.4724116692740047 10.07981204986572 0.07647985298594288 -0.996804160460213 -0.02307157940969853 3.446907043457031 -0.4727082072041465 -0.01587557509356231 -0.881075999535392 5.806044578552246
0.8648753253793815 0.08478199798874056 -0.4947753877942456 10.04579544067383 0.07688382485912892 -0.9963775930615155 -0.03633964116459673 3.567116260528564 -0.4960640573806368 -0.006610965283379813 -0.8682607592843765 5.878661155700684
0.853081447635062 0.09012897391001963 -0.513934637636727 10.0083532333374 0.07545788296405966 -0.9959244193097471 -0.049403025424819336 3.681339979171753 -0.5162926995411122 0.0033643847089880954 -0.8564055869248407 5.951185703277588
0.8430796870068469 0.09485076995785824 -0.5293580761590766 9.964279174804688 0.07287504563037914 -0.9953939022191611 -0.06229130877804094 3.794070482254028 -0.5328281796984911 0.013939543152935188 -0.8461086337202097 6.019283294677734
0.8349725591977836 0.09856490990885877 -0.5413924490804818 9.922388076782227 0.06870880155059364 -0.9948026950804526 -0.0751445170997114 3.906355142593384 -0.5459852799995479 0.02554518340756694 -0.8374052290429578 6.090029239654541
0.8294504012240673 0.10104454364391596 -0.5493651173027159 9.876944541931152 0.06320378465425844 -0.9941636993653504 -0.08742894526173345 4.016876697540283 -0.5549930751951884 0.03779601915537956 -0.8309958768979508 6.159341335296631
0.82664857356995 0.10211605497216233 -0.5533755028293987 9.832090377807617 0.05626838314535362 -0.9934681058377739 -0.09927231105053472 4.127048492431641 -0.5598982093853981 0.05092576950845957 -0.8269948978845012 6.230777740478516
0.8264217868072561 0.09688225238126938 -0.554653819480074 9.788183212280273 0.04392645267844805 -0.9931766820845391 -0.10803029629985494 4.238913536071777 -0.5613354585676825 0.06491461574313148 -0.8250385418982142 6.303945064544678
0.8292404376137721 0.08932690079959159 -0.5517073512467089 9.739550590515137 0.02985487305834467 -0.992815203782744 -0.11587345551289403 4.348646640777588 -0.5580940630223453 0.07961580202050615 -0.8259493573384762 6.376477718353271
0.8343861568771755 0.08000731227178896 -0.5453426181720827 9.691978454589844 0.014515783547380229 -0.9922552582784241 -0.12336447805921903 4.460015296936035 -0.5509891407639022 0.09501753733844283 -0.8290854204232483 6.453316211700439
0.8419049173833567 0.06849803748449852 -0.5352608046050965 9.639026641845703 -0.0021414657077815646 -0.9914789801939988 -0.13024916874241496 4.56942892074585 -0.5396216491305231 0.11080365830711515 -0.8345843427092402 6.529858589172363
0.8511531935488346 0.05514525726455477 -0.522012683478904 9.583909034729004 -0.019806930311775352 -0.9903841344634747 -0.13691950815956944 4.67699146270752 -0.5245435412082059 0.12687894547268275 -0.8418763606210209 6.609872341156006
0.8615961823263475 0.04024056356315679 -0.5059967545792985 9.527799606323242 -0.038149873495981895 -0.9888994865485553 -0.14360498827075718 4.785997867584229 -0.5061586764571995 0.14303322183368194 -0.850496849905379 6.694843292236328
0.8727956325873465 0.02376826478941428 -0.48750677259434455 9.472748756408691 -0.0571957443998211 -0.9869514262802108 -0.15051753713773006 4.894432544708252 -0.4847230452113908 0.15925436180010236 -0.8600474508354978 6.784795761108398
0.8846120722621951 0.005355196916806547 -0.4662969048513693 9.412196159362793 -0.07699656521518128 -0.9845323643999466 -0.15737710250895764 4.99531364440918 -0.45992717961982754 0.17512094482109458 -0.8705168833123904 6.879018783569336
0.8964788191205897 -0.014523077879034882 -0.4428485148186373 9.3499755859375 -0.09714522074832999 -0.9815875710792961 -0.1644647268821085 5.093332767486572 -0.4323060639800367 0.19045976087238953 -0.8813833141911191 6.978805541992188
0.9078155158808355 -0.03557781931148413 -0.41785788002507673 9.29041576385498 -0.11748041099309567 -0.9780745407424115 -0.171955069086124 5.189562320709229 -0.40257836772348476 0.20519359523279412 -0.8920909406089351 7.086430549621582
0.9186004494660817 -0.0579006332137719 -0.3909229219605278 9.231122970581055 -0.1379019658182805 -0.9739920036700168 -0.17978493988741026 5.275771141052246 -0.3703461381790911 0.21905956600959056 -0.9026941034899493 7.189047336578369
0.9283764587004698 -0.08108355646382405 -0.3626880309604281 9.175832748413086 -0.15813777279532337 -0.9693393830945193 -0.18807872074552026 5.353959083557129 -0.3363177006137341 0.2319625341582441 -0.9127342367857009 7.289476871490479
0.936836050823394 -0.10496728241782392 -0.3336466446698422 9.12598991394043 -0.1781438163771435 -0.9641051160504629 -0.19689110160672613 5.426008224487305 -0.301003313211356 0.2438917686744273 -0.9219077017839942 7.386238098144531
0.9438280736494916 -0.12920722301089496 -0.304128362559138 9.080999374389648 -0.1976313379726208 -0.9583489611049968 -0.20617740661897185 5.493051528930664 -0.26482149014428824 0.25470131972721693 -0.9300520502030908 7.479794502258301
0.9493074771993937 -0.1538600115265795 -0.27412116041335377 9.038117408752441 -0.2166470296210178 -0.9520818324276217 -0.21588017259037956 5.553057193756104 -0.2277704508704161 0.2643241971789625 -0.9371517169039303 7.565176963806152
0.9531423450094044 -0.17870816164796943 -0.2440964217484098 8.998106956481934 -0.23510416693752678 -0.9453500599078083 -0.22591877947819122 5.60631799697876 -0.1903830371608402 0.2727208411410967 -0.9430682064244916 7.644065380096436
0.9552947174369131 -0.20313335152979625 -0.21482282079285825 8.963123321533203 -0.252659700113136 -0.9382401860656053 -0.2363650337725918 5.656312465667725 -0.15354178185714945 0.28007533762873604 -0.9476195051159939 7.718030452728271
0.9558799132528594 -0.22706912441683394 -0.18636846347029432 8.930877685546875 -0.2692604257546193 -0.9308977980431209 -0.24683620626016345 5.700980663299561 -0.11744111103930846 0.28612742324887563 -0.9509672355569415 7.785548686981201
0.9550359363843516 -0.25009203697222193 -0.15924928024185703 8.901968002319336 -0.2847315682947399 -0.9233956667575786 -0.25742644897085604 5.741273880004883 -0.08266979031594693 0.29119480705605244 -0.9530851431602035 7.846727848052979
0.9529107637058619 -0.27205213109052145 -0.13397281210237025 8.87761402130127 -0.29914248035613317 -0.9157676814315555 -0.2681106676203948 5.777583599090576 -0.04974789301962215 0.29556250035242815 -0.9540272299706803 7.901937484741211
0.9497383666390239 -0.2928799218785051 -0.11053680968021351 8.855587005615234 -0.31247976191446425 -0.9081624140544283 -0.2785631492008822 5.808656215667725 -0.018799822544872863 0.2991026262995261 -0.9540357360251278 7.949698448181152
0.9457740984947518 -0.31231534222526114 -0.08927755388202277 8.837373733520508 -0.32467795032902713 -0.9006657057920706 -0.2887655017141299 5.835255146026611 0.009776665412156056 0.30209338526487034 -0.9532282011106414 7.990656852722168
0.941227866098921 -0.3304596020676654 -0.06990390175199286 8.821897506713867 -0.33582798637721173 -0.8933765010129905 -0.2984928659174515 5.856582164764404 0.036189330536766776 0.30442548979851636 -0.9518484404127762 8.024730682373047
0.9363634406776429 -0.347045303835702 -0.05275475379443833 8.811243057250977 -0.3458602832559097 -0.8863878876920022 -0.3077290643066607 5.874238967895508 0.0600347518398175 0.3063920195411366 -0.9500103993815203 8.053117752075195
0.9313381877506297 -0.36222390436695046 -0.03745695052370704 8.80280876159668 -0.35503561276768575 -0.880322063652011 -0.3146152855697554 5.886616706848145 0.08098699712945882 0.30631178128277603 -0.9484799412445821 8.073524475097656
0.9264164388418147 -0.3757284664260011 -0.024097745969600175 8.797657012939453 -0.36394690402744456 -0.8773011682451101 -0.31286628332979993 5.895741939544678 0.09641178814070436 0.2986147680757433 -0.9494914361881216 8.086673736572266
0.9216958751703392 -0.3877081684193359 -0.012613081895651544 8.795516967773438 -0.372052725621654 -0.8743406470639827 -0.3116170763119924 5.899635314941406 0.10978835571899606 0.2919089053671705 -0.9501240486988314 8.092805862426758
0.9173935843089133 -0.3979709459460788 -0.002852656941918587 8.792272567749023 -0.37909816893045994 -0.871661900914447 -0.3106285704950298 5.905272006988525 0.12113459366513565 0.28605009469845744 -0.9505270924811066 8.100913047790527
0.9136139645403838 -0.40654908852023885 0.005230910070491243 8.787142753601074 -0.3850329420542121 -0.8692516992007171 -0.31008243576465927 5.911751270294189 0.1306107090933984 0.28128157077922694 -0.950695282732638 8.110346794128418
0.9104782478175031 -0.4133945361552298 0.011589552544040482 8.781611442565918 -0.38982668445065405 -0.8672535024243089 -0.30968777603092296 5.919650554656982 0.1380743145605978 0.2774460668486242 -0.950767670700287 8.122124671936035
0.9081475525181602 -0.418337231562054 0.016185905729098365 8.775425910949707 -0.3932896149098251 -0.8657485794250417 -0.3095200737070267 5.929483890533447 0.14349669563915504 0.2747241487611132 -0.9507551422044085 8.136235237121582
0.9066696411938423 -0.42140139124550335 0.019262118102211415 8.767948150634766 -0.3953907116729073 -0.8648470511877816 -0.309363480673771 5.9409499168396 0.1470249871968068 0.27287441343620517 -0.9507487615724913 8.15239143371582
0.9060795672342753 -0.422592954023541 0.02085696646700852 8.759001731872559 -0.39611360093321735 -0.8645668741212168 -0.3092218222053352 5.95348072052002 0.14870720559632736 0.271917846751414 -0.9507611958961127 8.170248031616211
0.906480710901677 -0.42173071740518875 0.020878763375632325 8.74931812286377 -0.3952962834420276 -0.8649668870539953 -0.3091490459261383 5.967944145202637 0.14843708788611756 0.27198434936044796 -0.9507843838867271 8.190560340881348
0.9078494227417575 -0.41885323830078364 0.019271491701611493 8.739225387573242 -0.3929730296778335 -0.8659842206307988 -0.30926287776629924 5.98383092880249 0.14622456556024674 0.2731909485751959 -0.9507813008485717 8.21322250366211
0.910171781934771 -0.4139150698415537 0.01617536175005846 8.72780990600586 -0.3890769783535606 -0.8676501590932961 -0.30951947651261136 6.000954627990723 0.1421493309338685 0.27542243260751254 -0.9507555160668877 8.237798690795898
0.913447976503682 -0.40678715209982824 0.011705003538644246 8.714746475219727 -0.3835011070513497 -0.8700697325844173 -0.3096862304508707 6.019404411315918 0.13616054902840863 0.27839337874129083 -0.9507667598108858 8.264445304870605
0.9175668133049635 -0.3975393008591319 0.005800637362149211 8.699915885925293 -0.3763098778990768 -0.8730902636184799 -0.3100068827787468 6.038722991943359 0.1283043994450559 0.28226919039641285 -0.9507166166823833 8.292652130126953
0.9225421265856251 -0.38589249620127364 -0.0017337965343127842 8.684714317321777 -0.3682858886336253 -0.8790909635171762 -0.3025964013265585 6.061409473419189 0.11524551578353628 0.27979646037430983 -0.9531172078258758 8.323541641235352
0.9281767558586953 -0.371980334525795 -0.010887635634300862 8.667798042297363 -0.35908541514145226 -0.8875529245183833 -0.28863033591699205 6.08575439453125 0.097701456060381 0.27180955999549095 -0.9573787069800219 8.355888366699219
0.9343712887756369 -0.35563405440282286 -0.02178793383424269 8.650391578674316 -0.34779570466838344 -0.8970790744567329 -0.27255693347642795 6.112661361694336 0.07738502778947559 0.26224712299825403 -0.9618929274888971 8.390935897827148
0.940817692660352 -0.3371714114626433 -0.03431484328305864 8.631417274475098 -0.33446457855359113 -0.9073465070822047 -0.25466794415216787 6.140948295593262 0.054731296990119534 0.2510732072085986 -0.9664195412716818 8.427353858947754
0.9472534128230126 -0.31677725470236917 -0.048612167184618825 8.6123685836792 -0.31908734498268 -0.9180549801072544 -0.23528348809929805 6.171223163604736 0.029903815259247436 0.23838461444375697 -0.970710326219641 8.46670913696289
0.9533748666171705 -0.29488011683360993 -0.06420342980626866 8.590702056884766 -0.3017674013796575 -0.9289629307606867 -0.21439288406354348 6.202248096466064 0.003577592383232936 0.22377128942005028 -0.9746351167816739 8.506962776184082
0.9590468691198092 -0.27123941623297615 -0.08159829601827573 8.56987190246582 -0.2821856237708997 -0.9398669952641839 -0.19240921222774865 6.236873626708984 -0.02450258289487287 0.20755531863739085 -0.977916363058115 8.551494598388672
0.96386292228002 -0.24686845278560224 -0.10012109704285044 8.546595573425293 -0.2610135541562968 -0.9503301174847217 -0.16954230253294786 6.271067142486572 -0.05329344800741393 0.18954850255467218 -0.9804239764401742 8.596600532531738
0.9677454234251075 -0.22150917317399282 -0.1200103397192646 8.523001670837402 -0.23790399515796756 -0.9602456008585849 -0.14604819450993836 6.308074474334717 -0.08288838596351723 0.16988841111597072 -0.9819712028572192 8.644817352294922
0.9704783847308539 -0.1957169774560861 -0.1409488187451283 8.49793815612793 -0.21322768917290494 -0.9693361649504527 -0.12215298559238015 6.346267223358154 -0.11271937428932163 0.14860102306041867 -0.9824520744571824 8.69449520111084
0.9719626229032289 -0.16951957746224636 -0.16294714644969263 8.472343444824219 -0.1869253167192769 -0.9774636678295793 -0.09810047931862709 6.387133598327637 -0.14264496362814263 0.1258089461452079 -0.9817456510834964 8.747053146362305
0.9720969019679089 -0.14344325884317627 -0.1856115424127596 8.445460319519043 -0.1594227292526989 -0.98442063163152 -0.07416477206747124 6.428845405578613 -0.17208139522335 0.10168604383419008 -0.979820362059973 8.802032470703125
0.9708230805471403 -0.11751684748728139 -0.20902711985197486 8.418924331665039 -0.13075835529473656 -0.9901195355622128 -0.050651335803549705 6.473066329956055 -0.20100944952309147 0.0765055282624698 -0.9765972073212703 8.860113143920898
0.9681803232351706 -0.09241412064798675 -0.23256502747640315 8.390092849731445 -0.10153244154470446 -0.9944514943122119 -0.027520697196477532 6.517805099487305 -0.2287313380676377 0.050257892564933355 -0.9721914005074926 8.919999122619629
0.9641992416298751 -0.06789186946476168 -0.2563406259275994 8.361525535583496 -0.07159553845989493 -0.9974205423511601 -0.005132306358290881 6.565437316894531 -0.2553309642660118 0.023301411040909235 -0.9665728854724257 8.983251571655273
0.9590049761196965 -0.044768045859984326 -0.2798308021779203 8.330986976623535 -0.04179818043255498 -0.998988584700785 0.016574671943967917 6.612426280975342 -0.2802897926971077 -0.004198774511797449 -0.9599062466732943 9.047316551208496
0.9527854220249061 -0.023043249567922 -0.3027688032578194 8.29876708984375 -0.012382530642460077 -0.9992354499573848 0.0370835338573814 6.659603118896484 -0.3033918464819222 -0.03158360647255911 -0.9523423036337704 9.113114356994629
0.9456999959123802 -0.002661669374242846 -0.3250298959287695 8.26569652557373 0.01667452733814104 -0.9982525448951476 0.05669053491026052 6.709369659423828 -0.32461281223847915 -0.05903195851828141 -0.9440030455481181 9.181621551513672
0.9379166003782098 0.01629211921783908 -0.3464780189079436 8.232399940490723 0.0450755389831237 -0.996150788168352 0.07517847442554312 6.761449337005615 -0.343919534950201 -0.08612882260290608 -0.9350407367578564 9.252809524536133
0.9297136109726487 0.033302415807067234 -0.3667745229342017 8.19760799407959 0.0720458753344396 -0.9931072235793597 0.09245233540473694 6.813529491424561 -0.3611675420348463 -0.11237878614715852 -0.9257046046145598 9.328246116638184
0.9214586570710954 0.04842369667401977 -0.38544660967396793 8.160343170166016 0.09741354978968728 -0.9893018256913804 0.10859326867294287 6.866495609283447 -0.37606454715395043 -0.1376119300210718 -0.9163178559265175 9.40503215789795
0.9133501494722124 0.061466824480748986 -0.4025087998383886 8.12244987487793 0.12072783174340095 -0.9849689995322753 0.12353485582185217 6.91981315612793 -0.38886539457969804 -0.16142459369204412 -0.9070423393920123 9.484317779541016
0.9054007507339097 0.06519705938728418 -0.419522137696837 8.08415412902832 0.12239990158829828 -0.9862669478142811 0.11088630095858096 6.972621917724609 -0.4065313575379491 -0.1517460085022108 -0.9009469486279418 9.56677532196045
0.8981265888257818 0.06853195329015054 -0.4343639048337254 8.044052124023438 0.12355251755868298 -0.9873176297195952 0.09969289568365124 7.02573299407959 -0.4220229920858298 -0.14320359430934915 -0.8952035102298287 9.652058601379395
0.8916315166322457 0.07165863723419205 -0.4470551176955923 8.00374698638916 0.12456915876871882 -0.9881150272021952 0.09006229899829832 7.081202507019043 -0.4352881381702643 -0.13599166418183 -0.889960956470182 9.740837097167969
0.8862188820669648 0.07421154069022076 -0.45728409145340143 7.961308002471924 0.12516425724341917 -0.9887324544316587 0.08210994009406573 7.137715339660645 -0.44603811695491036 -0.13000300297274514 -0.885522002799132 9.83033561706543
0.8819140681642511 0.07619524230338094 -0.4652116307921693 7.91779088973999 0.1255442076031936 -0.9891739042233673 0.07598446644404916 7.195137977600098 -0.45438555028881233 -0.12541639547455377 -0.8819322533136565 9.924481391906738
0.8788493805512267 0.07775273097718367 -0.470721020489116 7.873156070709229 0.1259262604291735 -0.9894470948938476 0.07167303077482681 7.254718780517578 -0.4601807723482687 -0.12226593651428427 -0.879366077085781 10.02128982543945
0.8771834637936466 0.07857703396380415 -0.47368219364931935 7.826935768127441 0.12607234650827664 -0.9895971177802838 0.06930590109689272 7.315508842468262 -0.463308681434826 -0.12051221603806986 -0.877964618588196 10.12023067474365
0.8770985581152397 0.07839397225041042 -0.4738697125444596 7.78291130065918 0.1257373971532066 -0.9896605691284965 0.06900771601347691 7.370030879974365 -0.4635603804352823 -0.12010971245932511 -0.8778869122293793 10.2107458114624
0.8782884234488213 0.07802916761979073 -0.47172120392912886 7.743674278259277 0.1259270997822293 -0.9895110959664841 0.07078245898274563 7.422512531280518 -0.461250269134036 -0.12156989742436325 -0.8789021272383002 10.29715251922607
0.8809836051953784 0.0768602049796401 -0.46686228833291027 7.707464694976807 0.12586949409939505 -0.9892333622913777 0.07466073522848832 7.470016002655029 -0.45609731180101915 -0.12453860373468054 -0.8811727290081669 10.37550163269043
0.8851329797013403 0.07508388502403461 -0.4592406977334696 7.674492359161377 0.12573070666946842 -0.9887791034428652 0.08067015554168214 7.513445854187012 -0.4480305766858134 -0.1291444726049886 -0.8846413440203642 10.44724750518799
0.8907633984969433 0.0723157168054482 -0.448676949487144 7.644067764282227 0.12494720258379687 -0.9881825918550365 0.0887882972082741 7.550960540771484 -0.43695396149326593 -0.13515029507024912 -0.8892725303739933 10.51041889190674
0.8975465500713948 0.06938540883440239 -0.4354260620309948 7.618090152740479 0.12436793595016923 -0.9872813066015809 0.09903654952879533 7.585644245147705 -0.42301631997173766 -0.14304295395425026 -0.8947602507720214 10.56823921203613
0.9056045619983301 0.06559617797040113 -0.4190197116168743 7.594414710998535 0.12296711462280119 -0.9861401764963004 0.11138510233055744 7.614937305450439 -0.4059057353735666 -0.1523965017168089 -0.9011192153401918 10.61691951751709
0.9143649637512419 0.05453938386026137 -0.40120090811504094 7.575314044952393 0.11514082215497932 -0.9850010638791882 0.1285126267350541 7.640907764434814 -0.388174321842218 -0.16370204569586472 -0.9069301715663249 10.65947532653809
0.9238940590478438 0.03972315207552354 -0.38058092286041406 7.558828830718994 0.10337302040237284 -0.9835261123668618 0.14829162129202655 7.661149024963379 -0.3684206648777864 -0.17634754742187952 -0.9127802343441153 10.69305610656738
0.9338137923703658 0.02283935101907899 -0.35702964194013737 7.546468734741211 0.08905392792772737 -0.9813874318751441 0.17014143081023103 7.677903652191162 -0.34649848354577045 -0.19067530674562133 -0.9184670534635115 10.72059631347656
0.9438201319932409 0.0036375371132359516 -0.33043959624719793 7.53756046295166 0.07157855180110276 -0.9784509320910568 0.19367571972810446 7.690736293792725 -0.3226144283294196 -0.206447431114781 -0.9237420575137789 10.74082660675049
0.9534933615503567 -0.018471099447727138 -0.3008475161349901 7.532467365264893 0.050004333824061026 -0.9745955534425721 0.21831874360388503 7.698024749755859 -0.29723723871381397 -0.2232091523552724 -0.9283467553811067 10.75317668914795
0.9624360665368804 -0.04336410886451081 -0.2680230808930528 7.529988765716553 0.018495712886843523 -0.9743984468230747 0.22406600686758937 7.69913911819458 -0.2708776964495684 -0.22060648424551355 -0.9369941582928941 10.75801467895508
0.9700265500257169 -0.07108467041828191 -0.23236923608070484 7.525002002716064 -0.020555969141731422 -0.9768327918182841 0.21301443369204343 7.702054023742676 -0.2421279504267326 -0.20185308137361196 -0.9490149572910475 10.77083492279053
0.975670154322704 -0.10154746584661105 -0.19430867748004005 7.517000198364258 -0.06217555275075816 -0.9780386693679017 0.19893356142491875 7.708866596221924 -0.21024259940375678 -0.18201228914882533 -0.9605569092952044 10.78978824615479
0.9787727450745533 -0.1346703718461387 -0.15449208538318912 7.506056785583496 -0.10588980565441866 -0.9776926875194215 0.18139558382033652 7.718716621398926 -0.1754743928831022 -0.1611859166238602 -0.9711991751048973 10.81488800048828
0.9788732601494153 -0.17001816769405795 -0.11358240716946566 7.49190092086792 -0.1507924588905071 -0.9754406931413332 0.16055244783468792 7.732100009918213 -0.13808973497769417 -0.14003312757312342 -0.9804702689403079 10.84688377380371
0.9756149087863266 -0.20712980842853437 -0.07261399461678313 7.475613117218018 -0.19601886648442315 -0.9710762454218234 0.13633609045156314 7.7491455078125 -0.09875299355467386 -0.11877780953449833 -0.9879978128650777 10.88526821136475
0.9687638656826615 -0.24589430559232475 -0.032133518712620754 7.456050395965576 -0.24116117395772016 -0.9643519670699813 0.10893379541534234 7.769133567810059 -0.05777422195858786 -0.09778176765392327 -0.9935294989035574 10.92921924591064
0.9584202062867989 -0.2852780272681359 0.006866974528182818 7.434356689453125 -0.2849163429446281 -0.955308430132965 0.07879391372402572 7.79362678527832 -0.015918093611644372 -0.07747419231518873 -0.9968672749272492 10.97957706451416
