1.0 4.0611548954516323e-13 1.5714217036984366e-12 0.0 4.0611548954419913e-13 -1.0 6.135225790949021e-13 0.0 1.5714217036986858e-12 -6.135225790942639e-13 -1.0 0.0
0.9999989457950252 0.00039882435429030796 -0.0013961905216981181 0.1284375190734863 0.0003941478403230373 -0.9999943172347744 -0.003348155557615044 -0.05265304446220398 -0.001397517913453502 0.0033476017224939917 -0.999993420231548 -0.05247015878558159
0.9999936419620232 0.0006436830063761119 -0.003507379038018901 0.2569119036197662 0.0006183462972580367 -0.9999737433262061 -0.0072201319954556835 -0.1048426330089569 -0.003511934422180895 0.00721791731474102 -0.9999677834741738 -0.1036299988627434
0.9999852250387838 0.001369105531552212 -0.005260727533000583 0.3809149563312531 0.0013105793841286892 -0.9999373954785126 -0.011112493209295974 -0.1542570739984512 -0.005275612363592887 0.011105434421589521 -0.9999244157637602 -0.1538687944412231
0.9999664670021273 0.0013810155887168597 -0.008072029932224197 0.5089344382286072 0.0012547638713981684 -0.9998771375356517 -0.015624832835528846 -0.2047400027513504 -0.008092616320451393 0.015614180396514816 -0.9998453415061923 -0.2004944235086441
0.999939455385414 0.0017104531044930466 -0.010870138623724362 0.6350334882736206 0.0014895150707265015 -0.9997928055221599 -0.02030092044667587 -0.2525944113731384 -0.010902610163430256 0.020283500099970764 -0.9997348211977606 -0.2454007267951965
0.9999041208830262 0.002025116779964744 -0.013698464993200469 0.7607828378677368 0.0016832284159918592 -0.9996879368048279 -0.024923798847797402 -0.2988640666007996 -0.013744663809712883 0.024898351530440222 -0.9995954963423075 -0.2863834202289581
0.9998557168440729 0.002115584487541417 -0.016854370249310496 0.8880824446678162 0.0016129895850361265 -0.9995552404151757 -0.029777837785145925 -0.3446186482906342 -0.016909871638286722 0.029746355421059124 -0.99941443384631 -0.3248686194419861
0.9998027039150678 0.0026209569140344426 -0.01968968839200567 1.013303995132446 0.0019393634275154227 -0.9994008656991095 -0.03455645394664703 -0.3862887918949127 -0.019768462601212154 0.03451145063200759 -0.9992087708090133 -0.3594311773777008
0.9997437325886522 0.00293777397404742 -0.022446350121726508 1.139422535896301 0.0020572271562706314 -0.9992311560719962 -0.039151814152727414 -0.4276697933673859 -0.022544111562384193 0.03909560357763534 -0.9989811293586899 -0.3913565576076508
0.9996799574689859 0.0034758714356450055 -0.025057951882973353 1.264508366584778 0.0023788940059336766 -0.9990429489404293 -0.04367524511343764 -0.4657514691352844 -0.02518577968050768 0.0436016569659135 -0.9987314814361823 -0.419242799282074
0.9996116320218053 0.00372552634737234 -0.027617124762328256 1.391835570335388 0.002396598887717468 -0.9988445793932169 -0.04799752629624651 -0.5038681030273438 -0.027764031416103126 0.047912698423513145 -0.9984655887356876 -0.4437628090381622
0.9995490624605338 0.004083999034503737 -0.02974882663491343 1.517708659172058 0.0025354857211830843 -0.9986487639660776 -0.051905852667915885 -0.5398097038269043 -0.02992061240057828 0.05180701864527514 -0.9982087906709011 -0.4657087624073029
0.9995003936267586 0.004640410881125526 -0.0312638725497737 1.641675114631653 0.0029045250300290992 -0.9984632316730715 -0.05534201596721725 -0.5732704401016235 -0.03147263691373978 0.05522356004297555 -0.9979778712686345 -0.4846824109554291
0.9994596450502561 0.005043478322001776 -0.03248047478766168 1.766789317131042 0.0031401556751213663 -0.9982891690769825 -0.058385566075221246 -0.6055275797843933 -0.03271937252381883 0.05825202339836377 -0.9977655758902712 -0.4993858933448792
0.9994370524546153 0.0056075785275832325 -0.033077684983795576 1.890514254570007 0.0035842822031380474 -0.9981366360590608 -0.06091312401929538 -0.6365001797676086 -0.03335762434464564 0.06076027336803858 -0.9975948366337523 -0.513643205165863
0.9994392060939522 0.006155303236671486 -0.03291482286683456 2.013320684432983 0.004082802183359807 -0.9980262016522886 -0.06266603180222029 -0.6648651957511902 -0.03323558407222635 0.06249650436280379 -0.9974916455258199 -0.5219705104827881
0.9994667058365909 0.006883020235247936 -0.03192065094252824 2.134500503540039 0.004837338191342898 -0.9979556784521528 -0.06372647804739967 -0.6921175718307495 -0.03229402550590645 0.06353808210470555 -0.9974567700101491 -0.5301319360733032
0.9995197032680752 0.007603178377630331 -0.03004254412424324 2.254066944122314 0.0056712178162043785 -0.9979416501414431 -0.06387722756550232 -0.7188921570777893 -0.030466376013243413 0.06367616973037668 -0.9975054613089034 -0.5368232727050781
0.9995916370786839 0.008411382365807239 -0.02730948057090389 2.37351131439209 0.006668981184802775 -0.9979736774256982 -0.06327767264513653 -0.7433102130889893 -0.027786395453767238 0.063069705977787 -0.997622237330124 -0.5397195816040039
0.9996792070283396 0.009329261391975279 -0.02354671775578828 2.491158962249756 0.007862115200982086 -0.9980669190723161 -0.06164910541168755 -0.7669392824172974 -0.024076340663752083 0.0614442018043613 -0.9978200939472346 -0.5421375036239624
0.9997698247378819 0.010388539444475268 -0.0187716752527854 2.608226299285889 0.009263179862071588 -0.9982106734155984 -0.05907321709557255 -0.7898272275924683 -0.01935177104113124 0.05888573449816445 -0.9980771409215741 -0.5441113114356995
0.9998487290314674 0.01145799237114145 -0.013085620542492097 2.724448919296265 0.010714883932921809 -0.9984005515180746 -0.055511530250105676 -0.8111715912818909 -0.013700741456696456 0.05536292206185696 -0.998372293558024 -0.5430150628089905
0.9998976383734407 0.012817952354387294 -0.0063571119745374025 2.838220596313477 0.012477198333720439 -0.9986196973708535 -0.05101979561588025 -0.8311547040939331 -0.0070023065455001 0.05093525419967831 -0.9986774091680742 -0.5418238639831543
0.9999009792893083 0.01402908421651541 0.0011029108432165872 2.951306104660034 0.014064830698312453 -0.9988564552599106 -0.04569422636432347 -0.8520615100860596 0.00046060146544942666 0.04570521394383955 -0.9989548644781896 -0.5396620035171509
0.9998310429126387 0.015769407126370857 0.00944518009927078 3.053754568099976 0.016131060956833504 -0.9990884398287752 -0.03952313591949192 -0.8677644729614258 0.00881331382805688 0.039668818981493194 -0.9991740140235741 -0.535812258720398
0.9996838473723116 0.01729545184474692 0.018250278035667245 3.147837162017822 0.017886162385718773 -0.9993046206852921 -0.032716360924409285 -0.8833877444267273 0.01767174292493009 0.03303244499746509 -0.9992980371638308 -0.5311341881752014
0.9994362843198151 0.019120319057691054 0.027595778375206895 3.232324123382568 0.019820858262534085 -0.9994823881066387 -0.025339483861889875 -0.8965532183647156 0.027096995455916775 0.02587217160932842 -0.9992979453463714 -0.5267845392227173
0.9990709207368634 0.021188167352255014 0.03752808151568933 3.306081056594849 0.02184730362493902 -0.9996126354376446 -0.017241647187150724 -0.9076753258705139 0.037148225560787076 0.01804551572162156 -0.9991468203922912 -0.5228096842765808
0.998583467386826 0.023544847295289138 0.04771476529907367 3.371084690093994 0.02399169341424884 -0.999673303550732 -0.008813898971671976 -0.9163593649864197 0.04749165514930868 0.009946171816717597 -0.9988221144715267 -0.5191616415977478
0.9979769577094415 0.025841340698531685 0.058088010741548686 3.426764965057373 0.02588141465598841 -0.9996650181299176 6.247172614219849e-05 -0.9240566492080688 0.05807016666424037 0.0014410545493452817 -0.998311463975734 -0.5146182775497437
0.9972314628794747 0.028384987841027297 0.06872919254965833 3.472526073455811 0.02781306125803093 -0.9995702107369255 0.009264309515320514 -0.9298310279846191 0.06896262079358857 -0.007327091687932662 -0.9975923369095598 -0.5107837319374084
0.9963715736375897 0.031100456448334275 0.07922404215677378 3.509291887283325 0.029704091947949946 -0.9993829794122501 0.018743729155149217 -0.9341367483139038 0.07975809782398738 -0.016322440681439728 -0.9966806026815712 -0.5071237087249756
0.995391067494123 0.033933907508151895 0.08969455208728487 3.536508560180664 0.03150568055911823 -0.999101399157491 0.02835112509320847 -0.9370553493499756 0.09057601694387575 -0.025394568765233005 -0.9955657190923212 -0.5043936967849731
0.9942961857953138 0.03695952092389708 0.1000454333089026 3.554059505462646 0.033296883116418735 -0.998721482137288 0.03803575544444608 -0.9382213950157166 0.10132330673453967 -0.0344876054630381 -0.9942555972091903 -0.5020426511764526
0.9931149122571831 0.03993857748803792 0.11012575121486907 3.561967134475708 0.03484828471497514 -0.9982504359920467 0.04776676767495112 -0.9389083385467529 0.11184081591633387 -0.043600195755532055 -0.9927691850703505 -0.5001115202903748
0.9918500911680157 0.04325369966009405 0.11984370703426082 3.576797962188721 0.03656861868827129 -0.997679516604449 0.05743098706399937 -0.9392181038856506 0.12204971436767549 -0.05258041093057212 -0.9911302475503114 -0.4983076751232147
0.9905437643103729 0.04640695902005489 0.12911020540742427 3.5986487865448 0.03798868318899324 -0.997034967422624 0.06691885897214367 -0.9418451189994812 0.13183289018830865 -0.061381331779933684 -0.9893697090438534 -0.4955872893333435
0.9891960901385062 0.049760662865672954 0.1378947848392437 3.627041101455688 0.03949708564510005 -0.9963104483056167 0.07619364030288163 -0.9445368051528931 0.14117746094981345 -0.06992400895422195 -0.9875118011910207 -0.4926383495330811
0.9878576765334963 0.0531491036404174 0.14598761487216172 3.662664890289307 0.04097703372695889 -0.9955246296012357 0.08515629491859385 -0.948208212852478 0.1498602469662389 -0.07814016022214844 -0.985614540142177 -0.4894881248474121
0.9865485800218685 0.05641467744879186 0.1534251720715466 3.704722166061401 0.04230174467252165 -0.994697188030006 0.09374468797142406 -0.9535485506057739 0.15790016356703274 -0.08599353634749328 -0.9837035376839696 -0.4857136011123657
0.9852878907734324 0.059655211032575206 0.16015313950060506 3.75352668762207 0.04361431754968126 -0.9938409682775633 0.10187208193509774 -0.9601714611053467 0.165243951780139 -0.09338835885577292 -0.9818212927158938 -0.482159286737442
0.984123144040276 0.06290577552829077 0.1659653601492383 3.809452772140503 0.04500542235090136 -0.9929678488151426 0.10949595051162839 -0.9664014577865601 0.17168619432936089 -0.10028815794804627 -0.9800337423028294 -0.4771601259708405
0.9830432264846025 0.06599181389493476 0.1710879755026606 3.872058629989624 0.04630507623827746 -0.9920978367157407 0.11660927192344099 -0.9736275672912598 0.17743126775546078 -0.10670971316053655 -0.9783308143669431 -0.4716132879257202
0.9820758391322887 0.06883769439159236 0.1754662874271305 3.941129922866821 0.04746723414680557 -0.9912451715948395 0.12320662105734806 -0.9821973443031311 0.18241136991718188 -0.11266934641137474 -0.9767454686376437 -0.4653418064117432
0.9812251953708644 0.07152502633996682 0.179112496985766 4.017523765563965 0.048616154842581416 -0.9904291850036084 0.12917623226201527 -0.9913066625595093 0.18663757782861182 -0.11804321285086669 -0.9753113423118354 -0.4586613774299622
0.9805010883296108 0.07396621301030903 0.18206211884233928 4.100491523742676 0.049699540325653956 -0.9896777261984033 0.13441708953171427 -1.00136399269104 0.19012514687927837 -0.12274769895876575 -0.974056174419351 -0.4516920149326324
0.9799234089160447 0.07604422495936185 0.1843024376091871 4.189815521240234 0.05058261954653519 -0.9889834115206173 0.13911581627137837 -1.01230776309967 0.19285100792624552 -0.1270003448317027 -0.9729745120785334 -0.4434915781021118
0.979521584379442 0.07768623984445597 0.18574798484402805 4.287008285522461 0.05127349258559626 -0.98839429807618 0.14299559604606907 -1.023876309394836 0.19470103927011384 -0.13054332487463852 -0.9721367936858538 -0.4340577721595764
0.9792460682881 0.07917845024468541 0.18656878291704496 4.391129016876221 0.05202680042507764 -0.9878890807767483 0.14617926022387762 -1.03434681892395 0.19588351073999746 -0.13343888900512046 -0.9715058996842233 -0.4232566058635712
0.979126278714338 0.07994467117672009 0.18687048959495647 4.488051891326904 0.05227317721880499 -0.9875182021702515 0.14857764073334068 -1.047015309333801 0.19641600055612587 -0.13570795825182969 -0.9710839844177515 -0.4135173559188843
0.9791711950856209 0.08050091150762859 0.18639574555509061 4.581646919250488 0.05257770308271204 -0.9872597603733232 0.1501790620764247 -1.057115435600281 0.1961105704778386 -0.13725075152453411 -0.9709288724478263 -0.4043948650360107
0.9794149548004638 0.08046053935514763 0.18512819320644933 4.670141220092773 0.052547879522882895 -0.9871322707621659 0.1510251647162779 -1.066546678543091 0.19489757995125098 -0.13818821088142438 -0.9710401390789862 -0.3956376314163208
0.9797825766756322 0.07991303988386131 0.18341212745993496 4.752923965454102 0.05225924943451671 -0.9871605583407405 0.15094039520598476 -1.074733853340149 0.19311932397199405 -0.1383037892211139 -0.9713789109280074 -0.3862756788730621
0.9803493385810764 0.0786919845731277 0.18089429484532926 4.830813407897949 0.05156400708457459 -0.9873318603308678 0.15005649185879985 -1.083374977111816 0.19041094379532975 -0.13778014784260742 -0.9719878102854178 -0.377572625875473
0.9810400101631923 0.07700467374577884 0.17785043907820397 4.903535842895508 0.05065981291859119 -0.9876609054112683 0.1481874464225882 -1.091046094894409 0.187067051652762 -0.13636794397328228 -0.9728359070482765 -0.3699605166912079
0.981866984111205 0.07477248293036162 0.17420189812053136 4.970768928527832 0.04946110706796531 -0.9881420475080515 0.1453578096773876 -1.097872376441956 0.18300498463150802 -0.13410581547056466 -0.9739223818441575 -0.36338210105896
0.9828353283182744 0.07182951630448306 0.16992715497228109 5.032921314239502 0.04778830070911919 -0.9887752502067487 0.14156194013193085 -1.104714632034302 0.17818809086143897 -0.13101154592647768 -0.9752358581948829 -0.356919527053833
0.9839455807300053 0.0681152428221435 0.16495880654628073 5.09027624130249 0.04558507182504504 -0.9895621154797978 0.13670706212135814 -1.111310243606567 0.17254882030485844 -0.1269926505843067 -0.9767803086206099 -0.3508570194244385
0.9851233666840742 0.06375972537515275 0.1595827366387731 5.141438484191895 0.04291543032460901 -0.9904776964587809 0.1308136027244885 -1.117063641548157 0.16640378076560802 -0.1220189749087894 -0.9784789990128144 -0.344799131155014
0.986381187330636 0.0588845807096369 0.15357330313194362 5.187395572662354 0.03990387107108129 -0.991495588559122 0.12387162282517762 -1.121333956718445 0.15956138114765772 -0.11605646911073421 -0.9803423185927463 -0.3402453064918518
0.987695160726505 0.053169285733853426 0.14707581899141586 5.227877616882324 0.036178921208213664 -0.9926047457292144 0.11587452013299389 -1.125978469848633 0.1521491213831146 -0.10912765831994008 -0.9823145112701701 -0.3354963660240173
0.9890224620652469 0.04703127751650847 0.14008079263611617 5.263243675231934 0.03211448171082794 -0.9937504081533307 0.10690550200777096 -1.129514813423157 0.14423324718955166 -0.101233320750896 -0.9843518604517919 -0.3321431577205658
0.9903398757989595 0.040281753122068845 0.13268123743737884 5.293221950531006 0.027422258883444756 -0.9948714013550167 0.09735971694512296 -1.133532643318176 0.13592258870486076 -0.09278079074527132 -0.9863654367162565 -0.3288787603378296
0.9915904739254664 0.0332286235671808 0.12507673882900805 5.330957889556885 0.022360373305424088 -0.9959297916086023 0.08731474040554708 -1.138059616088867 0.12746899907785958 -0.08378370224737385 -0.9882974984850523 -0.3248005211353302
0.9927512573280738 0.026006405369285716 0.11733971174882636 5.37657642364502 0.0170105084388949 -0.9968839924799785 0.07702563300505108 -1.143058300018311 0.11897724016037504 -0.0744712858553343 -0.990100219122728 -0.3193168640136719
0.993804780104024 0.018869048333411253 0.1095263349947589 5.430735111236572 0.01159443955491024 -0.9977070704183126 0.06667961164191051 -1.148092865943909 0.1105333796361999 -0.06499662031444299 -0.9917448317656614 -0.3140133917331696
0.9947243044745104 0.011583546598310034 0.10192830586204396 5.492262363433838 0.005836366433529583 -0.9983853633033153 0.05650312529905576 -1.154775857925415 0.10241823526381996 -0.055610141070779585 -0.9931857919319691 -0.306959867477417
0.9954899464754399 0.0044356493639439165 0.09476334460668742 5.561100482940674 6.927958062741876e-06 -0.9989097152983435 0.0466838369736819 -1.161137223243713 0.09486709871356375 -0.04647263385372143 -0.9944046097461376 -0.2972888350486755
0.9961345207851681 -0.002225686246654232 0.08781265752062756 5.639540195465088 -0.005535693510296588 -0.9992824774169721 0.03746847241026102 -1.166815757751465 0.08766625689205415 -0.03780974276730649 -0.9954320924876826 -0.2883326411247253
0.9965961845954875 -0.0088503119835702 0.08196167901837155 5.722660064697266 -0.011267306300822535 -0.9995137597864517 0.02907390249476176 -1.174286603927612 0.08166451284640434 -0.02989842764001049 -0.996211318629845 -0.2752482295036316
0.9969401985680524 -0.014716099600840879 0.07677028651522898 5.815195083618164 -0.01641972750902158 -0.999631688404623 0.021607408124353755 -1.180440425872803 0.07642403435845098 -0.022801840931403753 -0.9968146482784637 -0.2627880275249481
0.9971710922711629 -0.020069216550207575 0.07243644998063248 5.91602087020874 -0.021233805659922424 -0.9996567966400963 0.015343220928395787 -1.187329769134521 0.07210366312422997 -0.016837917873709637 -0.9972550056458708 -0.248814269900322
0.9972853919142551 -0.024807847973749516 0.06932833297679819 6.024110317230225 -0.025591976080913226 -0.9996179032962299 0.010445006937423583 -1.193428158760071 0.06904272470510153 -0.012190901876407399 -0.9975392143052498 -0.2328549027442932
0.9973085541114819 -0.028832963340539218 0.0674114835993779 6.1404709815979 -0.029379100276172097 -0.9995429537547538 0.007124048440683723 -1.199398159980774 0.06717526600638585 -0.009085363186230093 -0.9976998245027138 -0.2156548947095871
0.9972397235315474 -0.03215587319409928 0.06692483567292529 6.265565395355225 -0.03259337123259787 -0.9994538067970261 0.0054552938167274755 -1.206388711929321 0.06671286204636334 -0.00762154171134493 -0.9977431062851426 -0.1973101943731308
0.9970781623434043 -0.03446830922406814 0.06816944944132787 6.397569179534912 -0.034943287390655484 -0.9993725409130295 0.005787152613265295 -1.21251916885376 0.06792720253502123 -0.008152308155926468 -0.9976569726251087 -0.1767447739839554
0.9968157407804333 -0.03568579477330133 0.07130850569009295 6.537334442138672 -0.03636547517646961 -0.9993044556095737 0.008255738249440538 -1.216899394989014 0.07096429487809888 -0.010822617532349645 -0.9974201420676257 -0.1557443588972092
0.9964440102455036 -0.035793303195636735 0.07627695518441051 6.685122489929199 -0.03689641345977753 -0.9992332068920059 0.013101637993897804 -1.221010327339172 0.07574951563980127 -0.01586939477936131 -0.9970005883597425 -0.1320502609014511
0.9959176036612722 -0.03464427464359571 0.08335406979870966 6.841326713562012 -0.036470349772771735 -0.9991247554668619 0.02048503357906016 -1.225767374038696 0.08257142547540727 -0.02344135763352126 -0.9963094210370875 -0.1085721775889397
0.9951963076450513 -0.032104442118433996 0.09248575050201327 7.006396293640137 -0.03508007962056359 -0.998911946313645 0.0307296522222498 -1.228314518928528 0.09139856269915542 -0.033826443918177754 -0.9952397070195597 -0.0841466635465622
0.9941923698377279 -0.027718768303937106 0.1039865454765911 7.180257320404053 -0.03241428899800067 -0.9985169604778655 0.043740067521655504 -1.229353070259094 0.10261990852264773 -0.046856691323198876 -0.9936164274271263 -0.05956251919269562
0.9928429240800192 -0.0218135166749025 0.11741847637621074 7.362138748168945 -0.028944382136680234 -0.9978162226796403 0.05937178201856594 -1.229380130767822 0.11586695321342853 -0.062345458917294316 -0.9913061549821169 -0.03456106036901474
0.9911066238126282 -0.01438632954075518 0.13229018768252873 7.552366733551025 -0.02479098780237305 -0.9966962815764463 0.07734293255022123 -1.2280033826828 0.13074045723691066 -0.07993469718482879 -0.9881889379199978 -0.009885367006063461
0.9889176848197209 -0.005447229071862726 0.14836488919634158 7.750085830688477 -0.02005801061624304 -0.9950664824529082 0.09716157526983304 -1.225122213363647 0.14710366705464126 -0.09906070459185823 -0.9841481026475855 0.01512154750525951
0.986262969670402 0.0048791022858220975 0.16511071745287884 7.956460952758789 -0.014918614354498143 -0.992847566494863 0.11845313271910693 -1.219081163406372 0.16450771897592423 -0.11928916156178265 -0.9791359999158571 0.03799719363451004
0.9831387988845934 0.01650032958643186 0.18211491221560752 8.170413970947266 -0.009494043454450237 -0.9899714106029109 0.1409484633749799 -1.212509036064148 0.18261425263829853 -0.1403009098773852 -0.973122648704126 0.05928418785333633
0.9795741867388631 0.029213704879658478 0.19894967233473795 8.393659591674805 -0.0039038181153901053 -0.9864409722538531 0.16407001085815653 -1.20235538482666 0.2010452010842769 -0.1614954107895264 -0.9661780681711344 0.07600891590118408
0.9755391734219756 0.042931204357237754 0.21559274758582522 8.620903968811035 0.00173710568463872 -0.9822191272895127 0.1877300414171063 -1.189822316169739 0.21981879715576794 -0.18276350204311897 -0.9582678115944028 0.08925946056842804
0.9712774268774742 0.057302165792457616 0.23094722737839174 8.862391471862793 0.007526469897366151 -0.9774834683414269 0.21087774033809023 -1.176345348358154 0.23783084806045857 -0.20308257166657276 -0.9498389109718208 0.0920892283320427
0.9666396525971175 0.07261670212605464 0.24563101717669975 9.106901168823242 0.01365907372851103 -0.9722205563256849 0.233667754648893 -1.157386660575867 0.25577570590617754 -0.22251742500332866 -0.9407788177026974 0.08500508219003677
0.9618924404691243 0.08766451174870984 0.2589939504085237 9.3592529296875 0.019299514482550288 -0.9666155229465971 0.25550334545640396 -1.138727784156799 0.2727461488437377 -0.2407682790122839 -0.931472046876541 0.07973035424947739
0.9573387814535506 0.1023175054447177 0.2702472675247639 9.623892784118652 0.02478534718501836 -0.9608434493087221 0.2759810726941891 -1.118925929069519 0.28790301160277787 -0.25750921148589495 -0.9223886718243905 0.07227981090545654
0.9526687550908075 0.11736318677639263 0.28044273116524293 9.878096580505371 0.030728958279522538 -0.954927796489357 0.29524334813004116 -1.09328556060791 0.3024532595241561 -0.2726513999261161 -0.9133363235531271 0.05605906248092651
0.9485513814530455 0.13143202081224448 0.2880553777465862 10.13999652862549 0.0368062973917696 -0.9493772966044736 0.31197443030525723 -1.069145917892456 0.3144766656142032 -0.2853215249454392 -0.9053706722591479 0.04052859917283058
0.9450486678434118 0.14455613728202793 0.29323461354603414 10.4020414352417 0.04311471070974228 -0.9442080869791276 0.32651525263551073 -1.043845534324646 0.3240742771770196 -0.2959300790006242 -0.8985550908068334 0.02714298851788044
0.9421102181399366 0.15667093499753137 0.2964499198908997 10.65809726715088 0.04975743461837469 -0.939659559578903 0.3384732039500034 -1.020489811897278 0.331590914496341 -0.304128476501267 -0.893058416456896 0.01002764888107777
0.9402208201358392 0.16810617730740313 0.2961842712471107 10.91992473602295 0.05785619330707563 -0.9358852724124999 0.34752182345486643 -0.9915174245834351 0.33561506265229574 -0.3096111594120487 -0.8896648018711445 -0.006703307386487722
0.9393689776414905 0.177431387409695 0.2934348762615854 11.17978382110596 0.06584641717424689 -0.9331346998962292 0.3534457259536311 -0.9651728868484497 0.33652663072942124 -0.312694314965023 -0.888241010198504 -0.006169888656586409
0.9396862137985731 0.1847777757526817 0.2878315361192969 11.44338703155518 0.07451849038067507 -0.9319036723743082 0.3549683647970106 -0.9441121220588684 0.33382153044446916 -0.3121101071788129 -0.8894663944233883 0.001985633047297597
0.9414393751625567 0.1906770224017883 0.27809023000012617 11.71154499053955 0.08461616728449624 -0.9319578539672004 0.3525544818364004 -0.9205890893936157 0.3263924127911329 -0.308377741668945 -0.8935161785415777 0.01445595733821392
0.9443037659265732 0.1941439024536632 0.26570386296957443 11.97385501861572 0.09477886020697962 -0.9336685020881885 0.34536950627735546 -0.9041269421577454 0.3151307114750285 -0.3009506161290602 -0.9000674204395922 0.04421518370509148
0.9482579822262105 0.19577354826372548 0.24995903053201862 12.2353572845459 0.10546273985586344 -0.9367882623482806 0.33362458247045246 -0.8904192447662354 0.2994735541685949 -0.2900008091828711 -0.908963762218775 0.08465847373008728
0.9530490983802152 0.19546328977016214 0.23128233488289615 12.49689292907715 0.116072042385996 -0.9412394110103587 0.3171681764257199 -0.8814694881439209 0.27968678383685214 -0.2754314315997698 -0.9197351952784557 0.1356592774391174
0.958210451101662 0.19443701326323828 0.2098260690972906 12.75607299804688 0.12698377896859317 -0.946374415420526 0.29707000137394124 -0.8728537559509277 0.25633542727919045 -0.2580110728451964 -0.9315162022267063 0.1938140094280243
0.9635892858278642 0.19230335474053484 0.18578242110943435 13.01512908935547 0.13738037480630966 -0.9521475535458938 0.273023202117783 -0.8675035238265991 0.22939555544043363 -0.23755937369867336 -0.9438978880748011 0.2611275613307953
0.9688297212494033 0.1893387892694633 0.1597491599407564 13.27196884155273 0.1468184117053895 -0.9582550689952944 0.24533971698265722 -0.8644418716430664 0.1995327672541789 -0.2142382916819432 -0.9561844116953029 0.3363388776779175
0.9736625143567327 0.186467512370458 0.13119136773011636 13.52818775177002 0.15560328260720396 -0.9640488452764752 0.21540065543762377 -0.8641161322593689 0.16664011095287995 -0.18931373629895004 -0.96767317967904 0.4176331162452698
0.9777892977790178 0.18384126159177958 0.10065028407887498 13.7838020324707 0.1635909626476367 -0.9696285223038866 0.181820036505334 -0.8652504086494446 0.13101941111466997 -0.1613162089534846 -0.9781671608881791 0.5044611096382141
0.9807857898918388 0.1817541068447278 0.07088497013695341 14.03031921386719 0.1698777786470507 -0.974324908414961 0.14775829304685958 -0.8724514245986938 0.09592066861831791 -0.13287745289270583 -0.9864800088418222 0.602045476436615
0.9830264956897071 0.17971161461940574 0.036914012825755974 14.27851867675781 0.17457336001675458 -0.9781359119813072 0.11302335893503095 -0.8938269019126892 0.05641853192413354 -0.10466075321428965 -0.9929063782613862 0.7258313894271851
0.9840044844182795 0.1780907432264228 0.004343019891358499 14.47451782226562 0.17727017506296197 -0.9812997641960634 0.07500705181446164 -0.948790967464447 0.017619866000149184 -0.07303738745198145 -0.9971735457563674 0.8979058861732483
0.9836518961564247 0.1777856393020212 -0.02865682546692596 14.57063388824463 0.1787572512986023 -0.983237168400273 0.0359237495868897 -1.013172507286072 -0.021789729141010204 -0.0404590797496041 -0.9989435772703963 1.139030575752258
0.9821404046125104 0.17792944673369637 -0.06116647458056802 14.62320327758789 0.17808445833535502 -0.9840107786759968 -0.002951804339986111 -1.058035135269165 -0.060713683193970164 -0.007993712185152794 -0.9981232134553946 1.401840567588806
0.9794010636562619 0.18000779333310177 -0.0914918075476136 14.66672611236572 0.17674255694223098 -0.9833310660197673 -0.04268586611455919 -1.089860200881958 -0.0976505252136643 0.02563608667045634 -0.9948905296492273 1.671884655952454
0.9756231196444112 0.18282503482210308 -0.12138589315733557 14.71284103393555 0.17380602585546504 -0.9814243271228515 -0.0812265689770769 -1.109607100486755 -0.13398131881585842 0.05814891893883513 -0.9892763564518301 1.938598871231079
0.9709776700886511 0.18654941801907524 -0.14967190392975954 14.75698184967041 0.16970197561224917 -0.978347313769904 -0.11848110867354615 -1.117905259132385 -0.16853368702581223 0.08964289305883315 -0.9816112000489442 2.206840038299561
0.9656249269533409 0.19096629067070656 -0.17635298770881636 14.80191135406494 0.1646335211807248 -0.9743213099552334 -0.15360269747225708 -1.114422678947449 -0.20115741137226478 0.11928898018924088 -0.9722683966145461 2.468199014663696
0.9596692451487099 0.1980915542528215 -0.19948602970986873 14.83577823638916 0.16091460740275448 -0.9688957280439776 -0.18800946067298824 -1.079889178276062 -0.2305242482692928 0.14832668105176494 -0.9616952566421679 2.726212978363037
0.9537712269872626 0.20284940745578497 -0.22174887703447055 14.9068717956543 0.15391399522407742 -0.9634363657567065 -0.2193190625816013 -1.061068892478943 -0.25812967408915716 0.17504995581932206 -0.9501192474222796 3.016661643981934
0.9481614286084563 0.20919438597773968 -0.23922293822827118 14.94128894805908 0.148698849186595 -0.9573329858585655 -0.24779468605623023 -1.010874390602112 -0.2808532669380099 0.19937718791907938 -0.938813175976843 3.292325735092163
0.9428516851669559 0.21564038886959658 -0.2540274049507274 14.98307514190674 0.14388893152526705 -0.9511014152692685 -0.2733168001739222 -0.9407050013542175 -0.3005439654399148 0.22114547375192617 -0.9277758372994458 3.563618659973145
0.938103089133282 0.22214663258733236 -0.26573194724891946 15.02448749542236 0.13990852432009954 -0.9448879202082441 -0.2959939578219646 -0.8507220149040222 -0.31684096796526473 0.24049468159326848 -0.9174824843800489 3.829578161239624
0.9339278540948877 0.22881352675759184 -0.2746327244129348 15.06723976135254 0.13705421537355703 -0.9387798383306538 -0.31608314917472263 -0.7435337901115417 -0.3301437647359962 0.25755928466398587 -0.9081124982563114 4.092174530029297
0.9304907096778015 0.23520342607239295 -0.2808316000152218 15.11122131347656 0.13507160161256873 -0.9329158261507995 -0.33380192293512395 -0.6287985444068909 -0.3405036000413456 0.272667214166242 -0.8998388126090715 4.354135513305664
0.9276609862986094 0.24129049196131278 -0.2849982333077857 15.16373443603516 0.13398615395881083 -0.9274572243923651 -0.34909999637601846 -0.5120072960853577 -0.34855818028962854 0.2856606297890522 -0.8926954685343178 4.613273620605469
0.9255590557522964 0.24694308681589788 -0.2869835294729536 15.22255325317383 0.13374952158615838 -0.9223979596180498 -0.3623438554300767 -0.3980030715465546 -0.3541913321785154 0.2969867269193936 -0.8867623042525625 4.875622749328613
0.9237955137450252 0.2532021857506318 -0.28721159780842326 15.29655170440674 0.13522089083409067 -0.9175347442414551 -0.3739589600367965 -0.2824029326438904 -0.35821384600068135 0.30662460149321025 -0.8818527055537847 5.145083904266357
0.9228116664237399 0.2580303626283602 -0.28607509551535026 15.38154220581055 0.13655655625654922 -0.9134357358652531 -0.38338944089222826 -0.1976216435432434 -0.3602373318460925 0.31473081896468347 -0.8781648913149668 5.405372619628906
0.9230697277543517 0.2618263772907026 -0.2817609374245006 15.45917320251465 0.1392092991316246 -0.910300897684608 -0.38983720539460903 -0.1398488879203796 -0.3585568974915816 0.32062318043058485 -0.8767198682770841 5.689576148986816
0.9231020044111478 0.2659478590198108 -0.277766854996957 15.56259727478027 0.14226013736011175 -0.907228055950541 -0.3958526339617867 -0.10299052298069 -0.3572740443558751 0.32589720891560425 -0.8752978158607592 5.943409442901611
0.9234467333121541 0.2696786902188411 -0.27298266387622827 15.67252731323242 0.14578584441990106 -0.9046214811708031 -0.4005077569425075 -0.08940265327692032 -0.35495438904440646 0.33005057164954676 -0.8746850872467871 6.17912483215332
0.9240690659746622 0.2728950713810604 -0.26762780372121353 15.78743839263916 0.15059340082965852 -0.9034843155666779 -0.40129505248827657 -0.09116043150424957 -0.3513089650653286 0.33052136321414505 -0.8759781044773838 6.400850296020508
0.9248755034869445 0.2758450202997232 -0.2617533721380053 15.90139484405518 0.15571697875245993 -0.9027046378956634 -0.4010942024635434 -0.1020497307181358 -0.34692582143446415 0.33020275816156547 -0.877843159638735 6.61052417755127
0.9257732501027988 0.27836929768904667 -0.25584062128248425 16.01733016967773 0.1604719019744265 -0.9020160700716527 -0.40076898334227534 -0.1201533228158951 -0.34233413220245895 0.32996597314965354 -0.8797327994866345 6.810204029083252
0.9267754177286017 0.28058386960293463 -0.24971987748799468 16.12799263000488 0.164970178819985 -0.9013311547171684 -0.4004834448966872 -0.1420872509479523 -0.3374495002131102 0.32996187909341756 -0.8816195285672063 7.001755237579346
0.9277243052243506 0.28249517052761264 -0.24397559739566388 16.23517036437988 0.1691372847738809 -0.9008200722579035 -0.39989470653733905 -0.1639916598796844 -0.33274643859148234 0.32972666869066025 -0.8834931417723876 7.175590038299561
0.9285975760076663 0.2842214550170532 -0.23858899040122336 16.33890724182129 0.17291525662476154 -0.9002859612378362 -0.39948154153159265 -0.1841555535793304 -0.32833954355069495 0.3297019146229726 -0.8851495871517236 7.343671798706055
0.928914818686726 0.28634567980601605 -0.23478375429453666 16.45075988769531 0.17635787461904473 -0.8996320449594721 -0.39944972617576235 -0.191975861787796 -0.3255996923893819 0.3296488060625562 -0.8861808534252311 7.499205112457275
0.9299206509802252 0.2868477268777927 -0.23014335633590888 16.52278518676758 0.17886953413343928 -0.8995705249015596 -0.39847027553786074 -0.2104469239711761 -0.3213304726281033 0.32938010309272714 -0.8878375273929481 7.635288715362549
0.9308120854431445 0.2862930393884371 -0.22721170126275309 16.60543441772461 0.1794865609178282 -0.8995724340267581 -0.39818841066643845 -0.242794081568718 -0.3183919534832413 0.32985713807177836 -0.8887186463781556 7.77216911315918
0.9311608927279493 0.2866065400782249 -0.22537986387092598 16.68426322937012 0.18154408144756556 -0.9005197873908326 -0.3951023399183168 -0.2529009878635406 -0.31619794171602056 0.32698746719401695 -0.890560530201397 7.916919231414795
0.93134729043379 0.2866317024791296 -0.22457624926860217 16.75509262084961 0.18299520460779278 -0.9016362897513246 -0.39187339293962964 -0.2587896585464478 -0.31480943393137006 0.3238738460224614 -0.8921887424589201 8.054645538330078
0.931389477012303 0.28647877429848656 -0.22459642469813662 16.81824493408203 0.18409630878687305 -0.9029548152002842 -0.38830548643776475 -0.2611430883407593 -0.3140417029660189 0.32031627118062167 -0.8937422979892724 8.185181617736816
0.9313443308195929 0.2861694132975965 -0.22517727314965413 16.87319374084473 0.18493722761138395 -0.9044180583258438 -0.3844817259864576 -0.2604956924915314 -0.31368130211031026 0.31644121518383106 -0.8952480092350724 8.309211730957031
0.9313850335695624 0.2853683583684288 -0.2260239352031846 16.91647148132324 0.1853708139903959 -0.9061412201354058 -0.38019172859500316 -0.2614105045795441 -0.3133042938792308 0.3122066450504001 -0.8968653356124376 8.423038482666016
0.9311278552497367 0.2850005321161131 -0.227542553979597 16.96183776855469 0.1860980712161725 -0.9078964642599733 -0.37562150906711883 -0.2526806592941284 -0.31363741018514646 0.30740641970813104 -0.8984057368775996 8.533234596252441
0.9310850194621257 0.2843032873049941 -0.22858767980971123 16.99111366271973 0.18684351789654546 -0.9098301237649463 -0.37053831881454025 -0.2446694374084473 -0.3133212191238512 0.30229255154144397 -0.9002494248425307 8.629150390625
0.93111793547325 0.2833949785776559 -0.2295793465384086 17.01795959472656 0.1875525411155411 -0.9119162061078527 -0.36501079074318277 -0.2394341081380844 -0.3127993519193031 0.2968099040713268 -0.902252983527366 8.719125747680664
0.9312895363465985 0.28245953756525116 -0.23003566925536215 17.03695106506348 0.18858639926570026 -0.9141082782381584 -0.3589445997204408 -0.232634112238884 -0.31166483520496147 0.2908997512802204 -0.9045675017386874 8.799710273742676
0.931198257859884 0.2823661957017895 -0.23051927486354692 17.0651969909668 0.19057790979539088 -0.9162231421253947 -0.35244178828834755 -0.2159883826971054 -0.3107247413012627 0.2842612976800874 -0.9069981531317998 8.879756927490234
0.931548201441815 0.2818363990520872 -0.22975245931191401 17.07820892333984 0.19276897896861545 -0.918532471729395 -0.3451640466880727 -0.2049773633480072 -0.30831488633849247 0.2772477998975667 -0.9099865868868846 8.943497657775879
0.9321204794986753 0.28150767170486096 -0.22782634279307507 17.08684349060059 0.1956930090287866 -0.9208701613739076 -0.33719785306026595 -0.1955060660839081 -0.3047222635719595 0.2697250019232583 -0.9134510197164813 8.9978609085083
0.9329173792446119 0.2814406426634017 -0.2246248609583919 17.09384727478027 0.19942712169983068 -0.9232203358213376 -0.3284707515996792 -0.1872009783983231 -0.299823258994172 0.26163978325772375 -0.9174151934554853 9.0431547164917
0.9339430653589241 0.28163033817359334 -0.220078856976776 17.0998363494873 0.20392704679267315 -0.9255520449985143 -0.3190096731848225 -0.1810072511434555 -0.2935372382754796 0.2530568406886006 -0.9218449572060959 9.078842163085938
0.9351729772749767 0.2822594007714348 -0.21396526178519368 17.10466384887695 0.20942656638607257 -0.9278345309228092 -0.30864801395601255 -0.1738364994525909 -0.28564316177075877 0.24382927203968258 -0.9267983978353668 9.106374740600586
0.9366764953402116 0.28334692608145995 -0.20579519566152757 17.10475158691406 0.2160232255802834 -0.9300326851452367 -0.2972762529557839 -0.1693063378334045 -0.2756285708831157 0.23399513679076517 -0.9323492730040619 9.123058319091797
0.938325865041823 0.2850620645080777 -0.19566346202576357 17.10566139221191 0.2237499967097313 -0.9320718888384373 -0.28491741436694124 -0.1654273271560669 -0.263591558980765 0.22356568031686036 -0.938369797371244 9.132330894470215
0.9400274801367269 0.28764563249168035 -0.1833257393173602 17.10773658752441 0.2328252081875571 -0.9338702842818788 -0.27143823343019235 -0.1588673889636993 -0.24928048262994082 0.21247654516144615 -0.9448348843771802 9.14035701751709
0.9418937120121236 0.2906560427445138 -0.16839032064855308 17.10802459716797 0.24280909052792118 -0.9355151312692767 -0.25662265044853777 -0.1567929238080978 -0.23212061698398723 0.20082456020698267 -0.9517297490299679 9.145763397216797
0.9437581834521725 0.2943880685940027 -0.1505196207693468 17.10372352600098 0.2539134749900822 -0.936890134997591 -0.24034313421160275 -0.1563866883516312 -0.21177449890276243 0.18860683978500975 -0.9589468293919093 9.149209022521973
0.9453021291690239 0.2991754106539386 -0.12999214687263871 17.10208702087402 0.2662143748903043 -0.9378646813772761 -0.22257525924249838 -0.1547340303659439 -0.18850408799353663 0.17579508834193303 -0.9662102751081555 9.153909683227539
0.9464692651771318 0.30465072691877465 -0.10669519512575254 17.09696578979492 0.2791617903910865 -0.9384784463634772 -0.20329018790103198 -0.1561299860477448 -0.16206364447556798 0.16262269306297938 -0.9732878478848077 9.155587196350098
0.946808934001791 0.31133016974005345 -0.0814025055144008 17.09546661376953 0.29288603436712013 -0.9385116690507084 -0.18279392202246844 -0.1527006328105927 -0.13330646408593494 0.14922926142443935 -0.9797754917161493 9.160686492919922
0.9463567487876018 0.31856173901600254 -0.05410473601506936 17.0920295715332 0.30657593634384167 -0.9381128483412481 -0.16110704215510693 -0.1520626991987228 -0.10207888752850332 0.13587752651623783 -0.9854527885742536 9.164435386657715
0.9447952873214068 0.32666767528910895 -0.025496960141753837 17.09252548217773 0.3202832558309692 -0.9371411123882022 -0.13851054655194042 -0.1485732197761536 -0.06914116783490709 0.12269786221859223 -0.9900326931558437 9.171443939208984
0.9421902845136582 0.3350497890829882 0.004371110101237984 17.09127235412598 0.33329738917746854 -0.93575971177931 -0.11518078042011144 -0.1486229449510574 -0.034500987457682236 0.10997909185907985 -0.9933349290235881 9.177624702453613
0.9383527044712765 0.34389336030713896 0.03509357132162344 17.09047317504883 0.34567660949877405 -0.9339003602278511 -0.0913115480742843 -0.147863432765007 0.00137246379683343 0.09781346483462583 -0.9952038195466153 9.183938980102539
