1.0 5.163766956346392e-17 1.6205143179293655e-17 0.0 5.163766956346392e-17 -1.0 -8.655353231958865e-18 0.0 1.6205143179293655e-17 8.655353231958865e-18 -1.0 0.0
0.9999147046016155 0.003934842331523937 0.012453936618200715 0.00320530659519136 0.003696684282143782 -0.9998109600729295 0.01908870460155451 0.06877942383289337 0.012526693369850822 -0.019041038151143556 -0.9997402266685804 -0.117445133626461
0.9996309644639646 0.008557566722874313 0.02578183346132937 -0.09061194956302643 0.007507092020888946 -0.9991485134228654 0.040569590757955756 0.111697293817997 0.026107057556034045 -0.040361072541022225 -0.998844034556499 -0.1940583288669586
0.99910517928536 0.013872416573669416 0.03995493440834087 -0.2027657926082611 0.011288901024216081 -0.997874763348642 0.06417567596493853 0.1343914717435837 0.04076029242821612 -0.0636672029407443 -0.9971384486774484 -0.2337721884250641
0.9983089115105027 0.019619805554782977 0.05472093227191802 -0.3108416199684143 0.014679353150734428 -0.9958994686226449 0.08926793930751153 0.149131178855896 0.056247966983628446 -0.08831371143331054 -0.994503320549048 -0.2613244652748108
0.9972138115189226 0.025966713033454932 0.06993099405943476 -0.4109258353710175 0.01777388995699392 -0.9931685158373786 0.1153273080635075 0.1611863672733307 0.07244793269444733 -0.1137630386532317 -0.9908628906587853 -0.2826549708843231
0.9958494640919652 0.03275667275119261 0.0849166959909342 -0.4997394382953644 0.020449991888445797 -0.9896641438939565 0.14193900141400384 0.1693363189697266 0.08868845866012086 -0.13961333274767623 -0.9862263810198845 -0.3021918535232544
0.9941680827043791 0.04017666421741051 0.1000782642948019 -0.5816683769226074 0.02281125896675513 -0.9853573231865429 0.16896920461138007 0.1769657582044601 0.10540146961143573 -0.16570087898080757 -0.9805272810629684 -0.3189653754234314
0.9922061096763575 0.047900527360814335 0.11503293180417228 -0.6548091173171997 0.024652314827183594 -0.9803741696384003 0.19559844293725223 0.1829688251018524 0.12214458356623471 -0.1912381420751937 -0.9739140997649938 -0.3339662551879883
0.9900358157495721 0.055871427401731066 0.12925736781001151 -0.7159291505813599 0.026072044898012434 -0.974777573633373 0.22165046901883675 0.1874326467514038 0.13838111145642507 -0.21607189900939774 -0.966521392650239 -0.3468335866928101
0.9876384209008208 0.06373379552653119 0.14320737714348256 -0.7711119055747986 0.0267146710277855 -0.9686808917400079 0.24686768992652786 0.1890758872032166 0.15445606466698072 -0.23999027748132928 -0.9584090936557438 -0.3577713966369629
0.9851441465083433 0.07169955941732065 0.15604545421033578 -0.8146523833274841 0.02722886200764314 -0.9623917134775206 0.27029757472750354 0.1915998756885529 0.16955706907739537 -0.2620331334185884 -0.9500468605898973 -0.3670747876167297
0.9826106643531523 0.07953970191872264 0.1677787773174462 -0.848855197429657 0.02754423825504339 -0.9560454442951392 0.291921947413104 0.1931608617305756 0.18362352038452442 -0.2822242800702845 -0.9416113096710359 -0.3762244880199432
0.9800643405076938 0.08700553347635212 0.1786167002542431 -0.8744605779647827 0.02758185350117939 -0.9498920772838458 0.311358768739246 0.1949952840805054 0.1967565242187873 -0.3002250466864402 -0.9333551261548126 -0.3815027475357056
0.9776238159728169 0.09393397851309149 0.1882234898291118 -0.8908805251121521 0.027499384918275145 -0.9441540577388107 0.3283548371570841 0.1959810853004456 0.20855564790209885 -0.3158314786971697 -0.9256106194248718 -0.3853404819965363
0.9753721156271954 0.10007576944394794 0.196555530136221 -0.8983968496322632 0.027390296931500517 -0.9392013884071105 0.3422725867611374 0.1969081461429596 0.21885841928272565 -0.32845942273644374 -0.9188119502513606 -0.3858904242515564
0.9733804338434466 0.1054498159372482 0.20349660274693437 -0.9105236530303955 0.027501883559369424 -0.93519641678918 0.35305992186223106 0.1974045038223267 0.22753939749289576 -0.33806508004151853 -0.9132019624623522 -0.3889846503734589
0.9709193654703783 0.11165800136420398 0.21177364445546465 -0.9127007722854614 0.02721461041661921 -0.930318655061132 0.3657411174931223 0.194823682308197 0.23785489428319478 -0.3493417964924863 -0.9063031272642352 -0.3958901762962341
0.9705695974665168 0.11286965285346537 0.21273245624121803 -0.9490821361541748 0.030476423533637935 -0.9338296700614049 0.35641736057830564 0.1962143778800964 0.23888458318251063 -0.3394445297508061 -0.9097865503182448 -0.3987466394901276
0.9699191985100832 0.11450210701051225 0.21481623740236863 -0.9745917320251465 0.031193802448878344 -0.9336537588498874 0.35681592631811776 0.1949810832738876 0.24142016289104343 -0.33938168199776086 -0.9091404615756757 -0.4057289958000183
0.9698254258452279 0.11478108897340465 0.2150905506948232 -1.00527560710907 0.03135212486912521 -0.9336316827989788 0.35685981160693714 0.1937372982501984 0.24177611058645498 -0.3393481729551925 -0.9090583753872243 -0.4160289168357849
0.9703823849740411 0.11327847434167553 0.21336825954887234 -1.040049314498901 0.03334176753475844 -0.9375913274737105 0.3461370092661919 0.1901063174009323 0.23926210203404702 -0.3287711816703344 -0.9135990130431085 -0.4278586506843567
0.9714464278007976 0.1103951939825264 0.21001128316981071 -1.081399917602539 0.035626788708545465 -0.9429935563359585 0.3308986017425557 0.1861395388841629 0.23456890211489395 -0.31396823701518306 -0.9200007479921913 -0.4404950737953186
0.9716686101955074 0.11008313712634255 0.20914543954185166 -1.111212611198425 0.037753021353793687 -0.9458362028048914 0.32244160222013 0.1817420423030853 0.23331271148266108 -0.3054105112533742 -0.9231953196786482 -0.4576627910137177
0.9749894481954322 0.10118823035534807 0.19788005949342105 -1.1732257604599 0.040825011747078095 -0.9567341992923961 0.288085040083981 0.1766040027141571 0.21846943567331742 -0.27280141851150813 -0.936936759730715 -0.4772730767726898
0.977235282966388 0.0951162415309653 0.18964203732987678 -1.22514796257019 0.04310601629920617 -0.9642419310405119 0.26149449283317017 0.1707173436880112 0.20773317762075433 -0.24736693194581885 -0.9463913185861843 -0.5013660192489624
0.9796711769307771 0.0883966621462654 0.18008446688280733 -1.28062117099762 0.045044723138235654 -0.971691275466299 0.23192032705236684 0.1644264459609985 0.19548748811232297 -0.21909380480533017 -0.9559197386221598 -0.5290811061859131
0.9822263732427168 0.08139422691809473 0.16913406378037696 -1.335991978645325 0.046668626299279176 -0.9786912599186153 0.1999636393903936 0.1614906340837479 0.18180591581628233 -0.18851630588179594 -0.9650949235131658 -0.5640913844108582
0.9847603890850194 0.0741705451758611 0.157307680414647 -1.394493341445923 0.0476317230862876 -0.9849377827557348 0.1662190815040434 0.1599804908037186 0.16726683785183594 -0.15619313150241965 -0.9734605850400495 -0.6035222411155701
0.9871893745265584 0.0667938764109495 0.14489898859502645 -1.454741954803467 0.04773286462075289 -0.9901995729796494 0.13124930211630553 0.1604176461696625 0.15224556629655814 -0.12265147265695253 -0.9807027601664643 -0.6490428447723389
0.9895110201783749 0.05954208252655746 0.13161565770816397 -1.511755585670471 0.047136206767319 -0.9943181313800443 0.09544439019913936 0.166915088891983 0.1365507925906712 -0.08823941306070457 -0.9866953364770515 -0.7053855657577515
0.9916455038899468 0.052363587294045465 0.11788659525388048 -1.566063523292542 0.04558860874127701 -0.9971895742997485 0.05945276832007703 0.1771655231714249 0.12066844396066487 -0.053581784531544614 -0.9912457409737137 -0.7682792544364929
0.9935120796435079 0.04542745916011251 0.10425974082400294 -1.619217276573181 0.04314547871394671 -0.9987795150577271 0.02404054840463344 0.1922699511051178 0.10522459441108017 -0.019386238812814163 -0.9942595025825581 -0.8375760316848755
0.99513372356967 0.03889625679450638 0.0905315051335123 -1.667899250984192 0.039991919164302586 -0.9991467130615614 -0.010319504825004542 0.2133353501558304 0.0900528656729992 0.013889815897024016 -0.9958401249188682 -0.9146140217781067
0.9964710727426487 0.03256977702994367 0.07736026636028458 -1.712862133979797 0.0359752004030849 -0.9984253372814673 -0.043042198251782744 0.2393478751182556 0.07583657523301209 0.04567335655070299 -0.9960736711500409 -0.9975922107696533
0.9975459289428286 0.026458954904482173 0.06482316989281169 -1.756410360336304 0.031211542329992865 -0.9968114080049384 -0.07343607081397883 0.2689367830753326 0.06267343356616752 0.07527908458911566 -0.9951909867701036 -1.083509683609009
0.9983635342707928 0.020804800029272957 0.05326737964339645 -1.798676371574402 0.026116861855347527 -0.9945379344872838 -0.1010554619632022 0.3032826483249664 0.05087399104808327 0.10228126495849313 -0.9934537633293914 -1.17617666721344
0.998972157780354 0.015318355241228494 0.04266117640627591 -1.838555812835693 0.02056368965452693 -0.9918972529488216 -0.12536735723614004 0.3392867743968964 0.04039508197115296 0.12611577056532294 -0.9911927409778881 -1.273174047470093
0.9993818993445346 0.01011239072931258 0.03366836521497208 -1.877310991287231 0.014920160093886676 -0.9892066208443232 -0.14576573705960108 0.3804453611373901 0.03183092969556215 0.14617797656108691 -0.9887460700722016 -1.374678134918213
0.9996339305838695 0.004855376824080318 0.026616351014737482 -1.916454792022705 0.009100014755441336 -0.9867882068624518 -0.16175977413633363 0.423425018787384 0.025479296632644376 0.16194276801723229 -0.9864711578804635 -1.477715849876404
0.9997767034558882 -1.5249334363543962e-06 0.021131569382126146 -1.954929351806641 0.0036584884043322262 -0.9848866558854101 -0.1731614579560053 0.471193939447403 0.02081246476206986 0.1732001012024202 -0.9846667285198576 -1.590101599693298
0.9998182498299637 -0.005375959923738964 0.018291155290090653 -1.996320366859436 -0.00200949001445241 -0.9837914512658685 -0.17930516547516842 0.5172125697135925 0.018958619591881543 0.17923582083694675 -0.9836234499401058 -1.704327464103699
0.999783849006176 -0.010610209252189069 0.017879561684239927 -2.043396472930908 -0.007211387361589683 -0.9835618148927926 -0.18042769237874032 0.5624546408653259 0.01950002971066669 0.1802597563085588 -0.9834257313579212 -1.821765661239624
0.9996818770420516 -0.015814948759916597 0.019647699850144362 -2.090691328048706 -0.012092695835461376 -0.9841559246049371 -0.17689229144434732 0.6009038686752319 0.022133942737595697 0.17659842428720057 -0.9840340873761265 -1.94696843624115
0.9995120235282835 -0.020698463977140896 0.023394196104649465 -2.120186567306519 -0.016448454650298823 -0.9854542783383509 -0.1691428793779295 0.6294319033622742 0.026554908435407167 0.1686755432587272 -0.9853138575826283 -2.082885980606079
0.9992291729140775 -0.02601145787673206 0.029401769616397278 -2.128185510635376 -0.02106561313600645 -0.9872904275935882 -0.15752412997783585 0.6477907299995422 0.033125517968068376 0.15678333980750955 -0.9870773446990618 -2.230859518051147
0.9989992477769496 -0.031697769763363186 0.0315555753095699 -2.173767566680908 -0.026542487525458968 -0.9879995927334282 -0.15215880229070272 0.6749230623245239 0.03599999023680388 0.15116896556704068 -0.9878521876031561 -2.372734069824219
0.998258069854744 -0.03473993238399182 0.04768608882930932 -2.101796865463257 -0.028589223731507067 -0.9918582438327826 -0.12409625468715058 0.6860235333442688 0.051608935818431054 0.122516779417776 -0.991123683757373 -2.533545970916748
0.9987200793943785 -0.022471104923449208 0.04531282884576737 -2.292202234268188 -0.016539276684086845 -0.9917296669823388 -0.12727419201812584 0.8188705444335938 0.04779806838412712 0.12636184974357917 -0.9908319875680878 -2.665256500244141
0.9922982914755495 0.10319634536247992 0.06851726088025739 -2.363134860992432 0.11201660237697593 -0.9836955567416316 -0.14069588636022864 1.448681116104126 0.05288082380810601 0.14728735842087629 -0.9876791242720363 -2.581349611282349
0.9686476775478209 0.2295677877241412 0.09497530005562647 -2.449511289596558 0.2418940384514551 -0.9586611569881333 -0.1498534625686688 2.078664302825928 0.056647603151930306 0.16812916737323455 -0.9841359825428212 -2.417183637619019
0.9676566017921312 0.22655907798734656 0.11095803346143016 -2.43178653717041 0.23953266272477156 -0.9631487845746268 -0.12234591231585829 2.148324966430664 0.07915051797736564 0.14496690296044218 -0.9862655791164833 -2.575914859771729
0.9659099097106842 0.22492533149843486 0.12816646040605495 -2.418562412261963 0.23755789085103313 -0.9668593470922673 -0.09353743333405776 2.221369981765747 0.10288000202714953 0.12079568779817373 -0.9873318120025607 -2.738147735595703
0.9634928128701603 0.2239417610711741 0.14673679564406322 -2.413357496261597 0.23508518974413448 -0.9699060344249539 -0.06338168464962503 2.293181180953979 0.12812709748726336 0.09556344507394755 -0.9871428847208941 -2.907171010971069
0.9602923488124617 0.2242009318183763 0.16604983283345043 -2.417905807495117 0.23256187015567653 -0.9720386831508596 -0.03249269160960166 2.365579128265381 0.1541219691086877 0.06981934280780805 -0.9855818981738385 -3.079877614974976
0.9561284151627167 0.22619298623948914 0.18615903602697736 -2.439080953598022 0.23044654044525392 -0.9730841912858295 -0.0012444542645670895 2.438951253890991 0.18086692819652 0.04408956390876334 -0.9825188367858855 -3.254731416702271
0.9511033529907956 0.22917119731092353 0.2070820471521949 -2.486492872238159 0.2278947710817363 -0.973213242903115 0.030330795433117032 2.506422996520996 0.20848593536080348 0.018345194495571256 -0.9778532960498986 -3.431483030319214
0.9452732673692094 0.233083547202676 0.22832106784210174 -2.567390918731689 0.22492312703450373 -0.9724330066599304 0.06151125493231941 2.562669277191162 0.23636420397801397 -0.0067902563829513665 -0.9716408058002165 -3.606309175491333
0.9383886922613519 0.23843190724207175 0.25015372842501826 -2.678072214126587 0.22208031539204098 -0.9706682460725814 0.09210586073508192 2.607872009277344 0.26477725686206754 -0.030876879299676703 -0.963815139211515 -3.77396559715271
0.9304795225865137 0.24532698749869236 0.2720708129366137 -2.811609268188477 0.2195593841212981 -0.9679518063569283 0.12191381141870603 2.638517618179321 0.29326018292882805 -0.05370260491983603 -0.9545231769492946 -3.931107521057129
0.9219522077549879 0.25315138998540815 0.2931185773098654 -2.949012756347656 0.21701856678219672 -0.9645108872421192 0.15040508656033366 2.656147480010986 0.32079131579191006 -0.07505412806685616 -0.9441714937301481 -4.0938720703125
0.9122569325311408 0.26229663546416765 0.31462320968588964 -3.094537019729614 0.2149520399237135 -0.9603784087736439 0.17739484911924075 2.659531116485596 0.34868740955404165 -0.09420078017501488 -0.9324930581151317 -4.258418083190918
0.9017096577248431 0.27245027289347096 0.3356941196476636 -3.229119777679443 0.21323948142726099 -0.9557054353134866 0.20286952573733702 2.648175001144409 0.37609655239895445 -0.11134617062356672 -0.9198659758688157 -4.436481475830078
0.8903680802747664 0.2839166773597855 0.3558595255782917 -3.33974552154541 0.21253590778691667 -0.9505192744513768 0.22658684162505952 2.625389337539673 0.40258312126692375 -0.12611276387982304 -0.9066545104159434 -4.637811660766602
0.8782016349224606 0.29606239718491917 0.37564470632851515 -3.42232346534729 0.21204702460203823 -0.9449908205448367 0.24905503095384127 2.594212770462036 0.4287166287618663 -0.13906619308485937 -0.8926716340088023 -4.855263233184814
0.8656245130233972 0.3092376824755948 0.3937845326953939 -3.483200788497925 0.21988733257753848 -0.9413657097314886 0.2558909172160386 2.560069799423218 0.4498263703085242 -0.13491722009756124 -0.8828666831952628 -5.09384298324585
0.8524967400712301 0.32293306991423465 0.41105174920403065 -3.530745506286621 0.22886277402763286 -0.9375594935451542 0.2619237040203317 2.53269362449646 0.4699692956271738 -0.12921466023296924 -0.8731737700759089 -5.339952945709229
0.838992204737008 0.33669516406097383 0.4274674805040597 -3.580113887786865 0.23753814192987416 -0.9333964317562984 0.2689734788285141 2.5165114402771 0.48955869057656165 -0.12412682096373892 -0.8630902738406907 -5.594252109527588
0.8258171115466433 0.3503312430368839 0.44192094137864857 -3.636198043823242 0.2462429361419938 -0.9289902232076555 0.2762998038087626 2.516871452331543 0.5073366876906589 -0.11935319575454421 -0.8534426166920941 -5.85893726348877
0.8121985147076932 0.36574914499242267 0.45448997309503875 -3.70744514465332 0.2571357122701677 -0.923743777088632 0.2838638049581904 2.559415817260742 0.5236552283534758 -0.11368815781487444 -0.8443104906316928 -6.123848915100098
0.799231993673195 0.3791503203159334 0.4663402780089829 -3.812046527862549 0.26545747099063016 -0.9188162187373393 0.29207719404376115 2.629136562347412 0.5392221725638042 -0.10964392728073585 -0.834995603477065 -6.371909141540527
0.7864081616957828 0.3933062175291624 0.4763112663701782 -3.934261798858643 0.27511359382609846 -0.9134050648472591 0.3000061632757951 2.731975317001343 0.553059412459772 -0.1048875910881631 -0.8265130849087474 -6.615882396697998
0.774466726542069 0.40720666855080484 0.4841322325222384 -4.062060356140137 0.28459836399812183 -0.9077416774592812 0.30823500484695543 2.849613189697266 0.5649823543163135 -0.100934513874913 -0.8189060771663808 -6.844900131225586
0.7629940618211175 0.42099780717207 0.49051086428541124 -4.192234039306641 0.2943266181902845 -0.9018695291016254 0.3162328166125123 2.975399255752563 0.5755101245420302 -0.09691335735759461 -0.8120319560924287 -7.063652038574219
0.7526815766256724 0.43398684100185264 0.4951018744112414 -4.318586826324463 0.30368134831190136 -0.8960694018043501 0.3237858332871584 3.097220659255981 0.58416443138534 -0.09335442671467999 -0.8062486391411868 -7.27668285369873
0.74346345039182 0.44708916362768447 0.4973664420708215 -4.437419891357422 0.31346342682217376 -0.889903210029203 0.3313803808686031 3.218179941177368 0.5907645706847948 -0.0904630120348552 -0.8017566123688611 -7.495506763458252
0.7354090698249147 0.4590878362839371 0.49840932835911783 -4.543819427490234 0.32266647699303297 -0.8840328615862227 0.33818965723478134 3.318598985671997 0.5958689827841004 -0.08788775916933694 -0.7982580391978737 -7.710166454315186
0.7286848045380769 0.47143530172198955 0.496756692884556 -4.632986545562744 0.3327767921897593 -0.8777019237335015 0.34481725544758396 3.415026426315308 0.5985633318331471 -0.08595399563026296 -0.7964507821704958 -7.934736251831055
0.7241583332550936 0.48217722320565937 0.493051552881526 -4.702888965606689 0.34191437080391285 -0.8719168536136817 0.3505075796929105 3.49352240562439 0.598906730146664 -0.08524157322631587 -0.7962691773382502 -8.163207054138184
0.7193289485814365 0.4942007205531165 0.48819208467313874 -4.761432647705078 0.3531881237007811 -0.8653420303352124 0.35558588247011974 3.584848642349243 0.5981839290798828 -0.08335957257635479 -0.7970113980680833 -8.393288612365723
0.7164657298171414 0.5049663204162492 0.4813375876065207 -4.79685115814209 0.3643868702691337 -0.859249475949495 0.3590439344369765 3.669671535491943 0.5948941643461101 -0.08184957743197124 -0.7996258999689488 -8.630572319030762
0.7114875761775633 0.518461424429883 0.47432391919774936 -4.834359645843506 0.3797269288001016 -0.8516326700197513 0.36128832654691767 3.767723560333252 0.5912638061720157 -0.07693859066272554 -0.8027998285860648 -8.842134475708008
0.7162387789944108 0.5254987035398235 0.4591874606765305 -4.76555871963501 0.4100263645270553 -0.8493345019652564 0.3324293671806936 3.818696022033691 0.5646949546944102 -0.049819838913776726 -0.823794629621536 -9.083135604858398
0.717945645668739 0.535532384834347 0.44470115207736366 -4.704679489135742 0.43443416223301046 -0.8438749691315399 0.3148682187172042 3.891577482223511 0.5438942990602126 -0.03286489414070487 -0.8385099225309862 -9.293054580688477
0.7221491238976124 0.5431871500112081 0.4283087238390223 -4.596531867980957 0.46747649916820067 -0.8396115202025941 0.2766192651796545 3.946953058242798 0.5098689690296457 0.00046390278077693137 -0.8602519510090377 -9.515064239501953
0.7233068906279548 0.5553258607303764 0.4104148271860878 -4.523725509643555 0.484366861617121 -0.831629602984994 0.2716264839926361 4.034928798675537 0.49215433081229765 0.002322034256340949 -0.8705048666260354 -9.675334930419922
0.7267534221597101 0.5648462287080976 0.39086852174790154 -4.415410041809082 0.5087811238299859 -0.8249544327369747 0.24615432545846666 4.100800037384033 0.46148806204868054 0.01997302735830697 -0.8869215561506538 -9.849508285522461
0.7301417455520608 0.5743536492189953 0.3701498575320724 -4.3027663230896 0.5326750532488802 -0.8177289719549291 0.21812064567994882 4.166879177093506 0.4279606512852471 0.0379106060932617 -0.9030019196530809 -10.01319122314453
0.7333351578504834 0.5842396673296761 0.3476831278318175 -4.182004928588867 0.555743809405959 -0.8097135572901017 0.1884483309757944 4.233946323394775 0.39162273244458085 0.05502695938463889 -0.9184789976768775 -10.16881847381592
0.736010574170438 0.5943107413862613 0.3241653549999059 -4.056318283081055 0.5778884529507319 -0.8009871044785634 0.15641161851108396 4.302388191223145 0.3526093740323875 0.07221081035384999 -0.9329802935820929 -10.31220436096191
0.7375720956943225 0.6044764920916048 0.30099098684464515 -3.943901538848877 0.5984933587177328 -0.7916026436965379 0.12317042690280526 4.378165721893311 0.31271888849868407 0.08929403676215016 -0.9456391868862392 -10.45125770568848
0.7390242537221294 0.6141770703697197 0.27682066151665446 -3.826354265213013 0.616883569663016 -0.7820842830643628 0.08831101665996346 4.448415756225586 0.2707356900932432 0.10550213465029926 -0.9568549972142935 -10.58242511749268
0.7396514051719686 0.6238897800299524 0.25234369657534605 -3.715569019317627 0.633343011718089 -0.7720890336789933 0.052489556870859655 4.51871395111084 0.22757949893387427 0.12099614228071998 -0.9662129709428408 -10.71230792999268
0.7395504341806043 0.6333409169909195 0.22791322508441816 -3.622146606445312 0.6475087451678484 -0.7618879260983384 0.016100093065911363 4.584864139556885 0.1838411820959546 0.1356689755643261 -0.9735483289672311 -10.85067653656006
0.738416838888322 0.6428188344334167 0.2037756564063573 -3.552366256713867 0.6596469200096644 -0.7513004176651675 -0.020337731877195633 4.64633321762085 0.14002325866777166 0.1494377078043183 -0.9788063437259945 -10.99850177764893
0.736261584681204 0.6522497686248819 0.18024738070637966 -3.501210927963257 0.6698037474294921 -0.7403558115984381 -0.056887715385901136 4.701310157775879 0.0963421966333122 0.16261461054040027 -0.98197488236037 -11.15212059020996
0.7337851406045193 0.6608821468064044 0.15746159995555686 -3.451508522033691 0.6772664137190026 -0.729856843876387 -0.09283960520704429 4.746651172637939 0.05356838877739849 0.1747677758608753 -0.9831513882634944 -11.30375957489014
0.730249334873415 0.6696810924294859 0.13514119786129306 -3.393754005432129 0.6830820750132883 -0.7190778222606963 -0.12777309704454626 4.791206359863281 0.011609811043909991 0.18561874898636965 -0.982553251641996 -11.44619560241699
0.7258838151186755 0.6782278526747997 0.11445377584372943 -3.334937334060669 0.6872318807525944 -0.7082901754739581 -0.16136099096225587 4.833818912506104 -0.02837303342979635 0.19578561536333444 -0.9802361775566091 -11.58225154876709
0.7213140856465614 0.6860619571426949 0.09499989899678878 -3.273185014724731 0.6894365984872337 -0.6981136987076797 -0.19316946017172598 4.873916149139404 -0.06620548704010797 0.20483225975958524 -0.976555466344623 -11.7128381729126
0.716264040198397 0.6936782271585852 0.07600224920876626 -3.203186273574829 0.6900837178238569 -0.6879180501526289 -0.2248404293462555 4.912607192993164 -0.10368359133957696 0.21349302902045195 -0.9714270118987839 -11.83898448944092
0.7111059388368525 0.7005217201444784 0.059980524812473145 -3.142638921737671 0.6897508550602329 -0.6785407621036222 -0.2526384612593919 4.951452732086182 -0.13627949843845263 0.2210243284565225 -0.9656998211326889 -11.95909976959229
0.706143998032448 0.7066171036228271 0.04530919233926893 -3.081000089645386 0.6882924656615074 -0.6699975190908893 -0.27813091544388996 4.986758708953857 -0.16617501543960483 0.2275864523203001 -0.9594739553338105 -12.07248878479004
0.7012764005336046 0.7121520373092526 0.032417368969613294 -3.022580623626709 0.6862245818821996 -0.6620270391590807 -0.3013569687975729 5.021561622619629 -0.1931508044902519 0.23358012582097362 -0.9529601731164984 -12.18127346038818
0.6967806374957644 0.7169746707476155 0.02107284312437306 -2.967240333557129 0.6834817757127376 -0.6547453256953446 -0.32274017529378063 5.054384708404541 -0.21759918538349154 0.2392820093246577 -0.9462529865390097 -12.28666591644287
0.6924916552003881 0.7213441725976992 0.01085781456683077 -2.912312746047974 0.6804506217685606 -0.648085752365068 -0.34201141635358223 5.087643623352051 -0.239671147225957 0.24422825848116894 -0.939633066120307 -12.38678455352783
0.6889069589982804 0.7248476325552012 0.0017639225782516699 -2.858040571212769 0.6768261822654368 -0.6423917504783565 -0.35949848110575844 5.113431930541992 -0.2594484936239483 0.24885487436751863 -0.9331440031741034 -12.47686290740967
0.6854932387394013 0.7280546886321008 -0.005948949771267031 -2.804482221603394 0.6733558220845032 -0.6370575113642492 -0.3751661819504689 5.146260261535645 -0.27693132092175704 0.25316812116695153 -0.9269384801146874 -12.575364112854
0.6849522185113897 0.7284743109303835 -0.012869991096683936 -2.74966835975647 0.6676782374703751 -0.6346628327323114 -0.38911291414787547 5.174907207489014 -0.29162686701464813 0.2579307408253258 -0.9211001592511641 -12.6726713180542
0.6846171820185096 0.7286605666782805 -0.01879075978034414 -2.693579912185669 0.6622134575710942 -0.6325453922311073 -0.40169598377246896 5.20444917678833 -0.30458603168361476 0.26256447843393105 -0.9155802771837902 -12.77217197418213
0.6837923641155965 0.7292855271762845 -0.023887708730900598 -2.637858152389526 0.6578738406972123 -0.6303357678311128 -0.41216359557712057 5.241147994995117 -0.31564222230795147 0.26611922073381 -0.9107966556002101 -12.87357330322266
0.6833437934886024 0.7295598568359327 -0.02799419929449315 -2.579831123352051 0.6537258159153045 -0.6284865204258019 -0.42148220751170246 5.274890422821045 -0.32509047587783296 0.26971671979430883 -0.9064044756933423 -12.9743709564209
0.6828858968716658 0.7298608091259943 -0.031145644249716192 -2.521734714508057 0.6501884706804585 -0.6266728820639773 -0.42957659559132777 5.309787273406982 -0.33304925228558546 0.2731012599523801 -0.9024931564086429 -13.07709503173828
0.6826077218576975 0.7299980438093583 -0.03390507476403248 -2.460997343063354 0.646980788449619 -0.625250352932537 -0.4364376880321489 5.344572067260742 -0.33979781847056306 0.2759798039571886 -0.8990954289564584 -13.18153667449951
0.682247094698575 0.7302544466861084 -0.035599787506658015 -2.401945352554321 0.6445251392952623 -0.6237124736540163 -0.442233077714468 5.383265972137451 -0.3451467030000086 0.2787672744486945 -0.8961933720490629 -13.28954696655273
0.6822117788280604 0.7302149649509092 -0.0370566295012906 -2.338000059127808 0.642176712056545 -0.6226511755899051 -0.44711808734243186 5.418825149536133 -0.34956567240004954 0.2812323212190442 -0.8937070113752323 -13.39744663238525
0.6820635775326751 0.7303126430290906 -0.037851283137992936 -2.275613784790039 0.6404894472073287 -0.6215520929212726 -0.45105017880634546 5.45756721496582 -0.3529341924769812 0.28340155119026766 -0.8916955851430304 -13.5103588104248
0.6822082200090397 0.7301865423504829 -0.037677021144785716 -2.213501453399658 0.6390954581878822 -0.6205489266241694 -0.4543963302990159 5.49541187286377 -0.3551745203075792 0.2859136985802499 -0.890002481506902 -13.62531280517578
0.6821112096481546 0.7302879432897366 -0.037467553402611736 -2.148508548736572 0.6381589504537463 -0.6195124741462191 -0.4571186370440429 5.53714656829834 -0.3570398459949592 0.28789549191134745 -0.888616190550802 -13.74123001098633
0.6824396797431558 0.7299832039317128 -0.03742466418887688 -2.078214883804321 0.6370772478347934 -0.6191242294925952 -0.45914896139101247 5.573483467102051 -0.3583415462980871 0.28949906810349413 -0.8875706314225951 -13.85331439971924
0.6829896389766629 0.7295004538740383 -0.03680001152309009 -2.00818943977356 0.6360254977291796 -0.6187361026762351 -0.46112601475450554 5.608391761779785 -0.3591611327647756 0.2915385446945141 -0.886571236657567 -13.96848106384277
0.6849153543645985 0.7277285185807305 -0.0360854624455951 -1.940438032150269 0.634860825125769 -0.6203488963914416 -0.4605637626502423 5.653814315795898 -0.35755096150932764 0.29253794623982804 -0.8868928119753476 -14.09105396270752
0.6870308233426881 0.7257763886328561 -0.03517501215518587 -1.875149369239807 0.6336662925865628 -0.6221231230278019 -0.4598150165378845 5.700522899627686 -0.3556060705565479 0.29361786985329064 -0.8873177948661615 -14.21771240234375
0.6892440267533346 0.7237295397189014 -0.034032703729140246 -1.812172293663025 0.6324400153503349 -0.6238933692763338 -0.4591042264635473 5.747661590576172 -0.353500068696622 0.29491120207833943 -0.8877302993140384 -14.34759712219238
0.691410564462882 0.7217112062534188 -0.03292971480827603 -1.756965279579163 0.6313741630902703 -0.6257646240173679 -0.4580232543337327 5.799417972564697 -0.35116676598331464 0.2958911456881357 -0.8883300807538731 -14.4855318069458
0.6938744886290645 0.7194022781313778 -0.03159994065085561 -1.708796381950378 0.6299901252845272 -0.6277200479706159 -0.45725264725286535 5.845779418945312 -0.3487845123765383 0.29736829621725186 -0.8887752586177841 -14.62515163421631
0.696460289763784 0.7169613574459661 -0.030157531586388314 -1.670750141143799 0.6285224402877743 -0.6297510970842423 -0.45647902227363624 5.891889095306396 -0.34626955805679427 0.298964826778053 -0.8892229335283258 -14.7697639465332
0.6986529837802494 0.7148893388887136 -0.028587434271242218 -1.644068479537964 0.6274993372158737 -0.6314633767544789 -0.4555201264614662 5.94312572479248 -0.34369839983420614 0.30031189946635306 -0.8897663586528305 -14.93082809448242
0.7013401400736969 0.7123048748756761 -0.027272204710196646 -1.624309062957764 0.6259285568235221 -0.6336979536850518 -0.45457710594375605 5.98512077331543 -0.3410798288879455 0.3017427194212406 -0.8902897739511806 -15.08704566955566
0.7037055579232747 0.7100197986911677 -0.025891566473399102 -1.611600160598755 0.624592314648777 -0.6355852955166439 -0.4537794316677473 6.027319431304932 -0.3386486796513106 0.30315543470235556 -0.8907378145003444 -15.24232578277588
0.7057828146607943 0.7080099409563481 -0.024342186353624617 -1.611258387565613 0.6235524493486386 -0.6371654052691207 -0.4529929240501996 6.073859691619873 -0.33623349244356915 0.3045359910342697 -0.8911817259818418 -15.41165447235107
0.7079642124822383 0.7058765106730244 -0.022913435457836556 -1.612390279769897 0.6224059134311256 -0.6389221646843013 -0.4520943998780491 6.11443042755127 -0.3337627192638071 0.3058051980513131 -0.8916757415531875 -15.57184028625488
0.7100440902253496 0.7038289232921093 -0.021499690079753775 -1.617216944694519 0.6212772958681256 -0.6405505220335813 -0.451341943941947 6.152069091796875 -0.3314391521453746 0.30711541065204834 -0.8920920428774032 -15.72856140136719
0.7118598341485135 0.702027267730542 -0.020329581619912468 -1.62421441078186 0.6202886947288188 -0.6420252513887797 -0.45060571653141773 6.189863681793213 -0.3293896047504673 0.3081579009890287 -0.8924915665373915 -15.88182353973389
0.7138294588996924 0.7000592379134403 -0.01909363818201354 -1.632874727249146 0.6191372251870368 -0.6435880414879273 -0.449959475110182 6.221307277679443 -0.32728672444000684 0.3093727464819537 -0.8928448374379189 -16.03146934509277
0.7150944362809564 0.6987922197364052 -0.01814885219205392 -1.642613530158997 0.6184839202757986 -0.644585104797117 -0.4494303984311361 6.258337497711182 -0.325756945528873 0.31016040416139135 -0.8931309736707944 -16.17864418029785
0.7169068985670318 0.6969569242282402 -0.01719140940443986 -1.653850555419922 0.6173644372055137 -0.6461060335472958 -0.44878518813314294 6.283347606658936 -0.32389141770185764 0.3111238325556117 -0.8934742919384916 -16.3198299407959
0.717793495550548 0.6960545637201268 -0.016749390129490088 -1.663828611373901 0.6168220870085721 -0.6468769424139023 -0.4484202653221987 6.31715202331543 -0.3229597664163686 0.31154175594553224 -0.8936658903520149 -16.46013450622559
0.7186810930679794 0.695146102725473 -0.01641287093107588 -1.675416350364685 0.6162928043124759 -0.6477336081401635 -0.4479110985880893 6.345121383666992 -0.32199482265912005 0.31179010367763615 -0.8939274385706091 -16.5951099395752
0.7192101848996124 0.6946119747687459 -0.015840279180895117 -1.688020706176758 0.6159665257862114 -0.6479956544043644 -0.4479808823866537 6.372235298156738 -0.32143731744701065 0.3124353315182571 -0.8939027992861119 -16.72525024414062
0.719501016514092 0.6943042623945412 -0.01612074613536446 -1.698970913887024 0.6155847646605084 -0.6483272528300568 -0.44802585947208295 6.399332046508789 -0.3215177829499565 0.31243137559887324 -0.8938752434139459 -16.86207962036133
0.7194930232560931 0.6943037366120901 -0.016495781651578084 -1.71065080165863 0.6154727900003965 -0.6484461910660496 -0.4480075692006332 6.428849220275879 -0.3217499561071222 0.3121856156494428 -0.8938775683093537 -17.0075740814209
0.7191525662340048 0.694640228314928 -0.017162158536446454 -1.722900748252869 0.6155224303108235 -0.6483146114429656 -0.4481297829578099 6.458585739135742 -0.322415452891611 0.3117099898882634 -0.8938037580702805 -17.16020393371582
0.7183877365154403 0.69541026904348 -0.017989378341049855 -1.735269546508789 0.6157914388858092 -0.6477425530152665 -0.4485872142718845 6.490696430206299 -0.32360464122006555 0.3111818483172496 -0.893557996695622 -17.32038307189941
0.7175502120074116 0.6962402616106705 -0.0192663271129562 -1.746279001235962 0.6160825871995085 -0.6473567684466778 -0.4487443148339982 6.522441387176514 -0.32490604641600396 0.310126929592674 -0.8934524881289111 -17.48812484741211
0.7166500069267364 0.6971160675146556 -0.02102274922104519 -1.754929900169373 0.6164066580127273 -0.6472048839657113 -0.44851830523236297 6.553693294525146 -0.32627534312216966 0.30847208396195686 -0.8935263700007282 -17.66225814819336
0.7152054407299586 0.6985750824495993 -0.021772269766865027 -1.765482664108276 0.6173339941198313 -0.646022515959936 -0.4489472670335019 6.586931228637695 -0.32768875057639946 0.3076487657269729 -0.8932929640898044 -17.84383583068848
0.7136570121829399 0.7001404072597041 -0.022295270447662913 -1.773710012435913 0.6183680104453474 -0.6446210511187017 -0.4495383232967826 6.616920471191406 -0.3291119454228021 0.30702949463664825 -0.8929827640011775 -18.03055000305176
0.7120880331967425 0.7016983692700245 -0.023452751262561494 -1.779257893562317 0.6195880944062209 -0.6437713816339765 -0.44907571907101484 6.64840030670166 -0.33021390983431187 0.3052504000863383 -0.8931858524400549 -18.2236442565918
0.7106115626554258 0.7031718987098609 -0.02409331619315433 -1.780686378479004 0.6208494018860257 -0.6427934144400945 -0.4487344944733015 6.675399780273438 -0.33102451147638345 0.3039175993870945 -0.8933402854369702 -18.42248725891113
0.70875612675376 0.7050003687637358 -0.025283054245975906 -1.78046703338623 0.6226829095934261 -0.6420403334535788 -0.44726972211304766 6.712033748626709 -0.33155805960536355 0.30126183007778146 -0.8940417008444922 -18.63110733032227
0.7070783661296516 0.7066610693389966 -0.0258904853582978 -1.777346849441528 0.6246691256076048 -0.6413591706318231 -0.44547379020441874 6.745898246765137 -0.33140408516500364 0.29881189288099924 -0.8949205467575438 -18.84618949890137
0.7052741011865004 0.7084526986681328 -0.026138399825045122 -1.770905375480652 0.6270852842200167 -0.6406212388302533 -0.4431348267449675 6.783090591430664 -0.3306848779582686 0.29614051075364767 -0.8960738303177332 -19.06830978393555
0.7035507878118574 0.7101654540917252 -0.026102045590501333 -1.761511564254761 0.6297778275619089 -0.6400869251531311 -0.4400779660008125 6.823410511016846 -0.3292357466629606 0.29317871011160357 -0.897580117346958 -19.29532241821289
0.701797935495472 0.7119133018263396 -0.025673106882736413 -1.749294877052307 0.6328859871588602 -0.6396263980925283 -0.43627216060749674 6.87221622467041 -0.3270091512362433 0.2899267520355746 -0.899448438467628 -19.52935218811035
0.7003177277608426 0.7133939196493291 -0.02498390664521752 -1.737274646759033 0.6362050515821605 -0.6396511724055753 -0.43138093372507047 6.932011127471924 -0.32372552034900026 0.28620882768974754 -0.9018238710675324 -19.76657485961914
0.699103869939912 0.71462386068126 -0.023801612971596248 -1.730384707450867 0.6397856765034085 -0.6400608055659599 -0.4254367794623901 7.004371643066406 -0.3192617533875841 0.2821965678800248 -0.9046750963194575 -20.00502777099609
0.6977991157149469 0.715953475983676 -0.0220684012635759 -1.731151819229126 0.6438129958605029 -0.6403970111238587 -0.4188036467185461 7.096906661987305 -0.3139764648322585 0.27803289080704197 -0.9078086203385144 -20.2490177154541
0.6964675718486084 0.717315183240244 -0.01979518265434224 -1.741163492202759 0.6483223204525101 -0.6408252802052643 -0.41112179345410194 7.205467700958252 -0.3075891580767701 0.27349933846877905 -0.9113654709778969 -20.49955368041992
0.6954920030900041 0.7183316654737021 -0.017043826320123467 -1.7615886926651 0.6532117734378441 -0.6419686565334349 -0.40148552037507285 7.315722465515137 -0.29934136479952095 0.26809674076055773 -0.9157067679740748 -20.74383926391602
0.6947524743591877 0.7191239811550686 -0.013405189273969026 -1.78820276260376 0.6583809838343267 -0.6433508352205299 -0.39068424967790916 7.432169437408447 -0.289574652718656 0.262603127454209 -0.9204271388622451 -20.9968376159668
0.6943097306385247 0.719618457400722 -0.009125442940730172 -1.819547057151794 0.6637330404431839 -0.6451883198142624 -0.37840518363164066 7.550718307495117 -0.27819498371592877 0.2566735431310643 -0.925595075230978 -21.25139236450195
0.6940638336851392 0.7199012608698895 -0.0041915830220617956 -1.857213854789734 0.6692711272148116 -0.6473740872583729 -0.36466827312367633 7.672565460205078 -0.2652386718540548 0.2502977541735685 -0.9311280691767192 -21.51206207275391
0.6940296824583939 0.7199453675306892 0.0012114610197117154 -1.897915005683899 0.6748211729150094 -0.6499416024640906 -0.34956014929053525 7.792053699493408 -0.25087683123858273 0.2434226389584815 -0.9369131413264394 -21.76946258544922
0.6940780214234685 0.7198669717196845 0.006873369189415293 -1.941352009773254 0.6803293443841835 -0.6527751786500238 -0.33322147185950735 7.909521102905273 -0.2353883670589315 0.2359578546384082 -0.9428235293456404 -22.02407836914062
0.6943903561055008 0.7194699355741851 0.013603130248371814 -1.993353962898254 0.6856712354886096 -0.6557972921430993 -0.3158874300147165 8.022077560424805 -0.2183506129398308 0.22867646014108395 -0.9486991548463316 -22.27777290344238
0.6942043294320848 0.7194851101150812 0.020531081813662116 -2.051972150802612 0.6912839686213719 -0.658505121242984 -0.2974852601791378 8.133936882019043 -0.20051639265864532 0.220708363274826 -0.9545056284044173 -22.5255298614502
0.694253887145571 0.7191920197261399 0.027827665110459893 -2.123566389083862 0.6964752344058152 -0.6615707906953212 -0.2779322521013563 8.236588478088379 -0.18147668732547764 0.21233682596526354 -0.960197523583751 -22.77481079101562
0.6943772526583963 0.7187319743886924 0.035560933366676636 -2.207387685775757 0.7012153143217352 -0.6646976258085061 -0.2578258117512769 8.32422924041748 -0.16167038674799816 0.20396424989656103 -0.9655367785915178 -23.01578903198242
0.6947864870792138 0.7179574579837072 0.042530293882116724 -2.297354221343994 0.7052045716956444 -0.6684431877183399 -0.2363688153130771 8.39767074584961 -0.14127366857163726 0.19421841652767627 -0.9707321758599505 -23.25521469116211
