1.0 -1.5535346582296397e-16 -2.151558977232488e-17 0.0 -1.5535346582296397e-16 -1.0 1.2251431609526998e-17 0.0 -2.151558977232488e-17 -1.2251431609526995e-17 -1.0 0.0
0.9998535655588886 -0.004292743858933812 -0.016565620704901352 -0.003240131307393312 -0.003979287875983084 -0.9998132924854787 0.018908871921582256 0.01599342375993729 -0.016643698722853772 -0.018840183637861226 -0.9996839674483703 -0.1524290293455124
0.9993707448846264 -0.009410262944882727 -0.03419884822701785 0.00141326105222106 -0.008082712674151869 -0.9992161840375081 0.03875161046133519 0.03514168411493301 -0.03453670546785752 -0.03845080634821752 -0.9986634825939104 -0.3108081817626953
0.9985131310273074 -0.015702979507720254 -0.0522009923337013 0.006975878030061722 -0.012583659076186667 -0.9981456147237406 0.059556555743428996 0.05476224422454834 -0.05303940695650102 -0.058811123457607736 -0.9968591039195842 -0.4753786027431488
0.9973413482586475 -0.02230740509158261 -0.06937301155134674 -0.0004102394450455904 -0.016648136483124822 -0.996566011861751 0.08111118020102838 0.08043479919433594 -0.0709441654067655 -0.07974060245599153 -0.9942878666234911 -0.6420344114303589
0.9957193619835761 -0.029656799456605213 -0.08754099849219811 0.006142550148069859 -0.020548621946799264 -0.994451480127578 0.10316980085352874 0.1082689464092255 -0.09011496161630349 -0.10092932139898673 -0.9908039996764407 -0.8100069761276245
0.9936303936777926 -0.03815495150122041 -0.10603226129652489 0.01393391098827124 -0.024678985316508355 -0.9917720802713694 0.12561484179008495 0.1316585093736649 -0.10995266455826606 -0.12219795608004261 -0.9863965080465349 -0.9941510558128357
0.9912873909948212 -0.04660484038474433 -0.12319617407774079 0.01029586885124445 -0.028045893999463816 -0.9885453107230375 0.1482956387668357 0.1603017300367355 -0.12869629475805178 -0.14354845000976324 -0.9812395763600972 -1.153237700462341
0.9884948400598078 -0.055381813992162486 -0.1407508644878332 0.01562381815165281 -0.03088019279619724 -0.9848493062222367 0.17064072704500732 0.1879599839448929 -0.14806878424571657 -0.16433106435642814 -0.9752286585306437 -1.306398749351501
0.9855361449779281 -0.0634423575573357 -0.15714189196268197 0.00791896041482687 -0.03235089696480167 -0.9806602414496184 0.19302567265923196 0.2235164195299149 -0.16634880945656577 -0.1851500961586122 -0.9685285310639227 -1.471166968345642
0.982056859155838 -0.07361321833874888 -0.17362436312563434 0.01009535603225231 -0.03518078905523496 -0.9760193063492159 0.21482231195815463 0.2356929332017899 -0.18527449221741643 -0.20485948286424852 -0.9610962255748231 -1.612181782722473
0.9784652233279008 -0.08289439275394112 -0.18903525170675622 0.003040316514670849 -0.03668564435732985 -0.9710748392962427 0.23594028902216774 0.2544662356376648 -0.20312550365714505 -0.22392448757501243 -0.9532039937118912 -1.744737148284912
0.9745793556944583 -0.09197733130680075 -0.20429207028138271 0.00388536648824811 -0.03747126752830543 -0.9659177619221134 0.25612259039998303 0.2691375017166138 -0.22088681165700355 -0.24195670631138605 -0.9448100172558233 -1.870982885360718
0.9705697603415044 -0.1001857995806194 -0.21899120044656287 0.007355026435106993 -0.03708084212912085 -0.9606834990598243 0.2751585466257008 0.285859227180481 -0.23794821171345235 -0.2589401865229974 -0.9361253272643602 -1.985701560974121
0.9661258308110372 -0.10737921599299377 -0.23467122323031653 0.0377395823597908 -0.035102835209983696 -0.9555537877815858 0.2927195750483461 0.3032453060150146 -0.2556729747155608 -0.27456631736065806 -0.9269545120290976 -2.093754529953003
0.9626271810666178 -0.11427296573474557 -0.24554144166295586 0.006994539871811867 -0.03394306389191277 -0.9503817949346207 0.3092285760897238 0.3131601810455322 -0.2686945825381796 -0.2893374036640169 -0.9187421227719992 -2.187444448471069
0.9590400846081102 -0.11968110537286368 -0.25674607909683494 -0.005693459417670965 -0.03126484213025259 -0.9455479851958997 0.3239776494428973 0.3247740566730499 -0.28153974099838747 -0.302680426702329 -0.9105602305887606 -2.274828672409058
0.95495526205563 -0.12334761299890618 -0.26989963660541555 0.02508434280753136 -0.02646854849018184 -0.9412988745539531 0.33653505716980536 0.337487518787384 -0.2955670201715445 -0.3142320720915249 -0.9021631456981497 -2.351717472076416
0.9520901658435242 -0.12522961114679698 -0.2790015422826057 0.007206279318779707 -0.021505462148091868 -0.937471792567052 0.34739624816470754 0.3520676791667938 -0.30506037304416905 -0.32475249442173665 -0.8952507951211283 -2.420017719268799
0.9495242082130181 -0.12650128425512508 -0.2870560974779065 -0.01368174981325865 -0.016801551175938935 -0.9342790710158125 0.3561464942125819 0.3507978916168213 -0.3132434929819351 -0.3333467302129037 -0.889246012957518 -2.476046562194824
0.9472412182115206 -0.1255297557924829 -0.2949175392068673 -0.02284917607903481 -0.010634782251319502 -0.9319199627916792 0.36250804729939784 0.3506848216056824 -0.3203450888145806 -0.3402461805238011 -0.8840879824493395 -2.522797822952271
0.9455041898822051 -0.12167173382174165 -0.30202287347816353 -0.02864304557442665 -0.004473928746347798 -0.9323273528672332 0.36158773632017815 0.3544676899909973 -0.32557919294200627 -0.34053149088504187 -0.8820637691453169 -2.561379909515381
0.9438151887158626 -0.11626557858188434 -0.3093464155057571 -0.01435533072799444 0.0030435403997131627 -0.9329718563888421 0.359936455569859 0.3570047914981842 -0.33045971980118266 -0.34065500205248334 -0.8801991497187136 -2.589286804199219
0.9433271645984596 -0.10802758577341351 -0.31378958115686123 -0.03103812970221043 0.012008446438720607 -0.9338055734924566 0.35757928928917626 0.3653502762317657 -0.3316468871326233 -0.3410823824626418 -0.8795869204512132 -2.608538150787354
0.942816158016809 -0.0991998190674197 -0.31820918918129104 -0.03423864021897316 0.021410088620879654 -0.9346896485883828 0.3548194878060836 0.3623776137828827 -0.33262486420541315 -0.3413424332231734 -0.8791166265027718 -2.616933584213257
0.9423722652815695 -0.08852092534766198 -0.3226430836135757 -0.02068218588829041 0.03242004638796399 -0.9356630708441903 0.35140227439591515 0.3623831570148468 -0.33299167289931647 -0.34161186108508207 -0.8788730751056725 -2.622429609298706
0.9423147931440757 -0.07652925025069868 -0.32586209426366763 -0.01216769404709339 0.04415564428692923 -0.9365855165770308 0.3476461551861922 0.3632901608943939 -0.33180281749774765 -0.3419807655325103 -0.879179188963407 -2.624034404754639
0.9427476443354237 -0.06362002525079898 -0.32738260718476986 -0.01555414963513613 0.05602599382199139 -0.9374748723304551 0.34351412163876943 0.3626039028167725 -0.32876734496641813 -0.3421890648984634 -0.8802378523715324 -2.627127170562744
0.9432276674684483 -0.04971243036384529 -0.3284056052952661 -0.01145318895578384 0.06870193379896976 -0.9381534687126596 0.33933481023126244 0.3667857646942139 -0.3249640158760847 -0.3426320816994882 -0.8814769679214329 -2.628984451293945
0.9438741226276472 -0.03562357628300493 -0.32837874694732977 -0.01028866041451693 0.08055628896544882 -0.9393208543721976 0.3334471725020326 0.3649686872959137 -0.32033158592621586 -0.3411851306172268 -0.8837309441813734 -2.627567291259766
0.9447646868211129 -0.021165325553697982 -0.32706530774450815 -0.0147413294762373 0.09137021321926578 -0.9413415893055067 0.3248499597969008 0.3618361055850983 -0.3147557317541172 -0.33679079743661067 -0.8874124115032095 -2.632728815078735
0.9457051957786448 -0.006754611580157208 -0.3249554706412503 -0.01826360635459423 0.10185430221725882 -0.9432661390044877 0.3160295747669853 0.3605118691921234 -0.30865414916555156 -0.3319689235906991 -0.8913637024093598 -2.640774488449097
0.94646355651965 0.0077987001538332434 -0.3227164644948969 -0.009610914625227451 0.1124285372836717 -0.9450804727599889 0.30689203966869183 0.3625154793262482 -0.30259966983529485 -0.32674467139291874 -0.8953610218967007 -2.654172420501709
0.9475509153079182 0.021920195886053387 -0.3188522665929207 -0.01438500825315714 0.1222528795437917 -0.9466333675159693 0.2982272639257298 0.3653475344181061 -0.29529899482114236 -0.3215661246426507 -0.8996631209180077 -2.671984195709229
0.9486252092759523 0.035374566192052044 -0.31441827617503415 -0.01672329753637314 0.13149953217447713 -0.9479198936869851 0.2900961016462455 0.3693549931049347 -0.2877813151753421 -0.31653833135843007 -0.9038724464307845 -2.694108486175537
0.9496905819897221 0.04772094267518774 -0.30953272865759207 -0.01602181047201157 0.13974849524701355 -0.9490472857312473 0.2824528412361038 0.3701224625110626 -0.2802822801324024 -0.3114995362377666 -0.9079701990525009 -2.720929145812988
0.9508296123920295 0.059303096541521064 -0.3039838662478815 -0.01580596342682838 0.1473151792935687 -0.9499571053392877 0.275462766930678 0.3737332820892334 -0.2724358385897982 -0.30669959366779137 -0.9119835925584874 -2.75243067741394
0.9520471854333502 0.0694298576463892 -0.29796921246269414 -0.01590505428612232 0.15377687839695003 -0.9505441490434322 0.2698490177669483 0.3790588974952698 -0.2644973126119161 -0.3027297732078879 -0.9156395885033449 -2.78789210319519
0.9534404238180808 0.07784011381163622 -0.29136278916737124 -0.01878388784825802 0.15876082058917573 -0.9509595890185715 0.2654634850586451 0.3820983171463013 -0.2564105303521095 -0.2993606131999022 -0.9190412739312249 -2.828483819961548
0.9546920679671127 0.0847653109486611 -0.2852681149733621 -0.008405011147260666 0.16285194928094424 -0.9511208652997749 0.2623896762580512 0.388767808675766 -0.24908291385816747 -0.2969578112311325 -0.9218317418991062 -2.873353481292725
0.9561812815762265 0.08959713250695914 -0.27872874019335686 -0.001329574501141906 0.16520277320486784 -0.9510978510868764 0.26099984939334253 0.3941633403301239 -0.24171346774366223 -0.29560993133597 -0.9242236569179978 -2.924630165100098
0.957712139870683 0.09340276230323263 -0.2721458820898146 0.008981917053461075 0.1669415842186216 -0.9507438939113891 0.26118299264842276 0.4131923019886017 -0.23434582267003254 -0.2955705874817977 -0.9261317742161591 -2.980451583862305
0.9599187471723071 0.093273516567526 -0.26430295105101675 -0.001603052485734224 0.16499362926336456 -0.9503452447888606 0.2638579504386861 0.4092217981815338 -0.22656809380328052 -0.2968904963354808 -0.9276437527715152 -3.03829550743103
0.9619030934828109 0.0926176393236948 -0.2572244382524819 0.005652440711855888 0.16294406508445172 -0.9497149405925108 0.2673775668770989 0.4188205301761627 -0.21952601304162764 -0.29910450431491253 -0.9286252339327085 -3.101884126663208
0.9640997157089387 0.09090818462271874 -0.24949436895157576 0.008354505524039268 0.15985907998100793 -0.9489359463498187 0.2719662557612606 0.4298381209373474 -0.2120302165201202 -0.30208653014289694 -0.9294013748583844 -3.170820236206055
0.9664424386190069 0.0879509926707995 -0.24135789965188256 0.007601421792060137 0.15555273764440852 -0.9480842639991933 0.27737983735022603 0.440560519695282 -0.20443179461002894 -0.30561552847545065 -0.9299498858041728 -3.243641138076782
0.9688209262061339 0.08465459826655004 -0.23285105096910827 0.008891642093658447 0.15083605015597978 -0.9471091206401866 0.28325394891071765 0.4544924199581146 -0.19655660487104468 -0.3095446859380754 -0.9303481007069702 -3.321336030960083
0.9711803758166356 0.08021088237241238 -0.22444351623002382 0.01723122969269753 0.14505945546878402 -0.9461021592282336 0.28956598329702665 0.4624700248241425 -0.18912015230471288 -0.3137784547299465 -0.9304711974798193 -3.403627872467041
0.9738961820095978 0.07617920882904822 -0.2138292655585488 4.778470611199737e-05 0.13886227402496285 -0.9451201940416546 0.2957449706542464 0.4752904772758484 -0.1795647390768696 -0.3177177158372589 -0.931027366688762 -3.489291667938232
0.9761636871619993 0.07193962990908248 -0.20476607510726702 0.01455325074493885 0.1328773059426813 -0.9440731768757181 0.301777166580251 0.4873258173465729 -0.17160442136409465 -0.321792676038989 -0.9311290975025756 -3.582521200180054
0.9784310160660139 0.0680545226477926 -0.19504186408873633 0.02941413968801498 0.1268442672494868 -0.94314296657029 0.30723260971930416 0.498425155878067 -0.16304379370576724 -0.32534585682958156 -0.9314326571351559 -3.671356678009033
0.9809334813815916 0.06470387048345376 -0.18325641666542222 0.0195587370544672 0.12043894061270939 -0.9424407959888575 0.31192917087053085 0.5039237141609192 -0.15252529852020832 -0.32805297621016793 -0.9322645966199575 -3.752341985702515
0.983160646727667 0.0626689471590279 -0.17166171905237004 0.02159589901566505 0.11517412626741169 -0.9418058317468441 0.3158111713131343 0.5175232887268066 -0.14188045448395692 -0.33026410393746175 -0.9331642718652551 -3.827243804931641
0.9855256753399033 0.061095132619787516 -0.15813452506014747 0.003852882422506809 0.1094787802805337 -0.941573765037732 0.31851725488732446 0.5204711556434631 -0.12943546621430485 -0.331219307654069 -0.9346337412714381 -3.901167631149292
0.9870247297499777 0.06229540607201288 -0.1479914363884149 0.05314195156097412 0.10728861272437006 -0.9415929940121426 0.31920492979734727 0.5418341755867004 -0.119462698955211 -0.3309409554732873 -0.936059158145875 -3.980149030685425
0.9894351050675403 0.06342214142994383 -0.13036795939349993 -0.01020055543631315 0.10240329322083848 -0.9422767750344561 0.31879153810631783 0.5344970226287842 -0.10262425832868184 -0.3287736473732424 -0.9388163560544642 -4.042690753936768
0.9910352761421051 0.06718838622758178 -0.11547641403366632 -0.01562661305069923 0.10082304625795088 -0.9432281043845825 0.31647346878108745 0.5429587364196777 -0.08765725745885805 -0.3252790553589335 -0.9415464626663896 -4.10552453994751
0.9922175042441528 0.07321296522838573 -0.10071884627006052 -0.005398842971771955 0.10135921897363363 -0.9447256255164953 0.31180089996906923 0.5495314002037048 -0.07232380659616781 -0.3195830943822494 -0.944794111319766 -4.159882545471191
0.9932683343714681 0.08081166057419056 -0.08299091185286925 -0.03023897483944893 0.10250561886258436 -0.9468803100765486 0.30481187065292836 0.5436149835586548 -0.05395010691859182 -0.31126701383953415 -0.9487898777173434 -4.20218563079834
0.9936548666764076 0.09191458725071994 -0.06482063391251548 -0.04465099424123764 0.10709008347176177 -0.9493251567770615 0.29548851201395027 0.5526836514472961 -0.03437615383229564 -0.30055524510601567 -0.9531447029108231 -4.237548828125
0.9932150610270927 0.10607470057093449 -0.047665505847884246 -0.02073110453784466 0.11527073885520489 -0.9521978036632994 0.2828992744115184 0.5678561329841614 -0.015378534153919089 -0.28647425817614924 -0.9579645087839639 -4.273412704467773
0.9922779299827725 0.12105972779147282 -0.027000962504303026 -0.03986388444900513 0.1238548246778494 -0.9553729965602106 0.2681835562587371 0.5546496510505676 0.006670237861085976 -0.2694568235369416 -0.9629893707493652 -4.290501117706299
0.9901476274424629 0.13984532110832196 -0.007138769794030652 -0.02242443524301052 0.1371631374713483 -0.9583740940460247 0.25041040230085787 0.5615311861038208 0.02817711108467031 -0.248922441787742 -0.9681134584258967 -4.306763648986816
0.9870943142305717 0.1593177487917308 0.016207088992538757 -0.04362288489937782 0.15134032627522112 -0.9611506809181036 0.2308364663860005 0.5490103363990784 0.05235380078453458 -0.22540457735059524 -0.9728575723366768 -4.309849739074707
0.98277452507108 0.18063623202715726 0.03904848973192498 -0.03770597651600838 0.16871896683466445 -0.9631839895666172 0.20930960912671545 0.5441668629646301 0.07541977924627355 -0.1991159308582968 -0.9770694463429288 -4.319977760314941
0.9770755575511774 0.20336610695810506 0.06297286222461396 -0.03193653747439384 0.1886925914948133 -0.9642267086654259 0.18617722796091674 0.5450372695922852 0.09858225373274415 -0.17002670624623717 -0.980496026719144 -4.331836700439453
0.9700340998362488 0.22673539143523577 0.08732071590171969 -0.01940792612731457 0.21073860510073525 -0.9640133194500299 0.1620727004869455 0.5492859482765198 0.12092595037904313 -0.13881420025935814 -0.9829076926808947 -4.346588611602783
0.9616208308616965 0.2500825358269258 0.11288978220917649 -0.01529611181467772 0.23418738251857574 -0.9624550218146903 0.137246496686737 0.5497751235961914 0.14297428972356954 -0.10554172756809797 -0.9840829722233702 -4.361993312835693
0.9518786261192651 0.2730229092567956 0.13923208020515945 -0.01408569328486919 0.2587838133267495 -0.9594072087954886 0.11211041731844501 0.5482168793678284 0.16418897373869693 -0.07068450135783191 -0.9838931253802052 -4.381792545318604
0.9408703412302716 0.2954968586322071 0.16566414075390595 -0.01002480555325747 0.2845349655799112 -0.9547143375941954 0.08695048564853061 0.5479491353034973 0.1838555257686625 -0.03467189251503264 -0.9823415930895704 -4.402932167053223
0.9286939471865832 0.3166986934286566 0.19294944944100156 -0.01869227737188339 0.31050498293992684 -0.9485240862828905 0.06235954867286381 0.5404878854751587 0.2027663878173095 0.0019988301051707263 -0.9792251000917671 -4.426253795623779
0.9154971178840068 0.3371926741234239 0.21946782831105555 -0.01940873824059963 0.3372946956431233 -0.9406245478309807 0.038180470253461996 0.5426023602485657 0.21931100163258865 0.03907122387713423 -0.9748723629417613 -4.456652641296387
0.9015657583453711 0.3563142436161554 0.2453962982104326 -0.01984760351479053 0.36396271897422083 -0.9312917226400974 0.015062089461050358 0.5426397323608398 0.23390237830348978 0.07573563981566006 -0.969305829078565 -4.490156650543213
0.8870691581200235 0.37448076145459547 0.26994901002340993 -0.00905537512153387 0.39074792109391604 -0.9204701879690539 -0.007120057654061637 0.5524647831916809 0.24581369138641457 0.11179799801696262 -0.9628482937443382 -4.52824068069458
0.8724873075678452 0.39031732756978926 0.2939698656865875 -0.008212799206376076 0.41601381784039976 -0.9089308648655519 -0.02787806056049362 0.5497630834579468 0.25631699416711945 0.14661878015294522 -0.9554080446634281 -4.56854772567749
0.8577898100723598 0.4048367821305749 0.31670778577449843 -0.00857061892747879 0.44050569160518677 -0.8965129391752078 -0.047109293720726544 0.5539841055870056 0.2648610530060247 0.17992145432268786 -0.9473525705221622 -4.608728885650635
0.8436596383565759 0.41726718410726443 0.3378261559963144 -0.01145280059427023 0.46307458601195745 -0.8839606769091436 -0.06461771791221994 0.5493350625038147 0.2716621843354464 0.21095406785725496 -0.9389877735394486 -4.653237342834473
0.8301962491255894 0.4285911984043489 0.35648811002349867 -0.004428575746715069 0.4843504043848993 -0.8711522049686897 -0.08061340800620202 0.5538893938064575 0.27600520594725486 0.23959010920426976 -0.9308156132454479 -4.701134204864502
0.8179895037137227 0.437728168017074 0.3732120345575606 -0.004958745092153549 0.5029896241575268 -0.8590717834494991 -0.09485309099216027 0.5497789978981018 0.2790960583814245 0.26531061381956306 -0.9228844285123893 -4.753576278686523
0.8067474006310039 0.44602057765219333 0.38758776539762235 -0.0101473368704319 0.5198508386464523 -0.8475671306888118 -0.1067008178718191 0.5549651980400085 0.28091588978500087 0.2875684323543506 -0.915636750889545 -4.803798198699951
0.7969867091498183 0.45322790374288296 0.3992451035484029 -0.01884136535227299 0.5345384094505378 -0.8370256472905421 -0.11686211789942123 0.565198540687561 0.2812132185026731 0.3065493974006164 -0.9093660388934078 -4.856813907623291
0.7893768190003182 0.45926527186641986 0.40738145230533335 -0.01641700603067875 0.5410112488844852 -0.8340470660493323 -0.10803851255432247 0.5811594724655151 0.2901569682178748 0.3056810456537407 -0.9068450981962944 -4.909440040588379
0.7845874543602076 0.46259166099489857 0.41283347930921266 -0.01432676427066326 0.5444945725345498 -0.8325499894844146 -0.10191258749496536 0.5657684803009033 0.29656059573211535 0.30474492643435747 -0.9050869255886591 -4.962968349456787
0.7808168815319759 0.4670635846866065 0.41494168912556595 -0.001450667739845812 0.5486698309822682 -0.8302902812822347 -0.09787474331081199 0.5877337455749512 0.2988083233187624 0.3040882382927119 -0.904568366265074 -5.023056983947754
0.7791759348074725 0.4691604827985413 0.41566008227533857 -0.003200403414666653 0.5505867777209849 -0.8292221570016365 -0.09614995858749065 0.5793173313140869 0.2995647890118671 0.3037746791913259 -0.904423507802889 -5.100149631500244
0.7788225754601323 0.4708060655649522 0.4144599432766649 -0.01207618229091167 0.5518168438925539 -0.8284364871105732 -0.09587052529507663 0.574435293674469 0.29821731463834744 0.30337210723984354 -0.9050037556821242 -5.181550025939941
0.7794702035923265 0.47323860455541183 0.4104527072272559 -0.003303175792098045 0.553349510013475 -0.8272806255897088 -0.09701075348510085 0.5956895351409912 0.29365033880379565 0.30274079619758293 -0.9067069476065955 -5.259707927703857
0.7809248320432003 0.4752897217449559 0.4052851923052478 0.003000288270413876 0.5546470276018383 -0.8260570717562867 -0.09998194323914028 0.6246895790100098 0.2872683092002056 0.30286860947452354 -0.9087065114349206 -5.351482391357422
0.7843277133844186 0.47494408034996743 0.3990716208372788 0.00448841555044055 0.5533397243462861 -0.8264433455981399 -0.1039545380295126 0.6147192716598511 0.2804374929954005 0.3023566057771467 -0.9110078459955093 -5.437812805175781
0.7879293948734646 0.47524691333281294 0.3915451954270031 0.01125910226255655 0.5524951712826331 -0.8263885658188374 -0.10877051067848849 0.625839352607727 0.27187562304059204 0.3020303124713133 -0.9137074673793418 -5.537832736968994
0.7920016344985374 0.47469608869512303 0.38392321410563013 0.01119425799697638 0.5510612639958516 -0.8265232404036655 -0.11485127947010218 0.6328287124633789 0.26280200584268765 0.3025276127069677 -0.9161943840009517 -5.654035091400146
0.796180031163999 0.47397589488829 0.37609069257366357 0.002259995089843869 0.5492089001775717 -0.8269542077557324 -0.1204837011418177 0.6417765021324158 0.2539034106534124 0.3024790725652494 -0.9187162068444372 -5.761293888092041
0.8005360761469257 0.47312222452656083 0.3678278829103664 0.002652789698913693 0.5471866558457673 -0.8273688358728656 -0.12667901598412085 0.6593005061149597 0.24439466944188748 0.3026816315626336 -0.9212247692409127 -5.881532669067383
0.8046589349406768 0.4720456987779731 0.36013449804948006 -0.006354687735438347 0.5432689593047613 -0.8300773486458655 -0.12581904911805675 0.675313413143158 0.23954714833630875 0.29689131602366786 -0.9243769307991612 -6.00180196762085
0.8089252907436492 0.47059885565480625 0.3523869904688442 -0.001722395652905107 0.5377817922779579 -0.8344881844960635 -0.1200841947583896 0.6935604810714722 0.23755129528085045 0.28664644946841805 -0.928118093303616 -6.138644695281982
0.8124256263762403 0.4688861687641527 0.34656941923494694 -0.02191050350666046 0.5323738858412962 -0.8389391547980535 -0.11295636423401147 0.7065275311470032 0.23778697878860475 0.27627315339786945 -0.9311984200105717 -6.263688087463379
0.8155409244224827 0.46733548590653523 0.3413071112716892 -0.02961139194667339 0.5273617041864561 -0.8430287958444262 -0.10579263837646577 0.7273245453834534 0.23829106896751173 0.2662705259498307 -0.9339793217522117 -6.401716232299805
0.8184591332065734 0.46598574743361737 0.3361278483843271 -0.01258997805416584 0.522689994854965 -0.8467766676211874 -0.09881520354112039 0.748759925365448 0.2385787428696463 0.25656686918051097 -0.9366181853293525 -6.555164813995361
0.8199635319833074 0.46479669488419184 0.3341015394190685 -0.02137397229671478 0.5189544867152436 -0.8499181469705384 -0.09124354315942042 0.7734880447387695 0.24154926399303714 0.2481998708196651 -0.9381102159072376 -6.711188316345215
0.8210399517954368 0.46232523993467656 0.3348862046652422 -0.05083547532558441 0.5144210621289987 -0.8535233641729068 -0.08287845105355506 0.7679194211959839 0.24751640025222488 0.24031903655413445 -0.938606622753043 -6.857223987579346
0.8201746989095331 0.4630681066501105 0.33597826101124323 -0.03663918748497963 0.5135801812126667 -0.8546929295735872 -0.0757323814658164 0.8167273998260498 0.25208899367925924 0.23466555934009875 -0.9388201183002938 -7.027790546417236
0.8185956901050518 0.46325306496534474 0.33955514123872144 -0.02567618153989315 0.5127489649843038 -0.8557957291098893 -0.06857236283517018 0.8451364040374756 0.2588234824140948 0.23023958790244362 -0.9380832250464527 -7.208227634429932
0.8157807225377575 0.46409126707062615 0.34513925966855125 -0.006747656501829624 0.5132252890187082 -0.8560085037066826 -0.06204227827465922 0.8793982863426208 0.26664886170287366 0.22774709089388526 -0.9364986103256826 -7.397875785827637
0.81178492564317 0.46453234038566515 0.353857230015623 -0.01569667458534241 0.5137998940412073 -0.856159933801619 -0.05477076442821931 0.8942492604255676 0.2775155912408474 0.22627388821652383 -0.9336943954686774 -7.583812713623047
0.8069615078843827 0.4653048160507339 0.36373692822279674 -0.01076571736484766 0.5151247662174573 -0.8557646960599196 -0.04809636375947142 0.9093655943870544 0.28889375213454044 0.22618181433852308 -0.9302592041147245 -7.781009197235107
0.8005551149937203 0.4670964348238198 0.3754096807918899 -0.01205157767981291 0.5179523035742746 -0.8544047522946442 -0.04144792489897013 0.9394177794456482 0.3013916373748517 0.22762565723398853 -0.9259317691327483 -7.980856895446777
0.7936646351179396 0.4695827749614809 0.3867666795660958 0.01585534028708935 0.5215955002598341 -0.8524603780555521 -0.03534738963599099 0.9773732423782349 0.31310474456929127 0.22978973280993314 -0.9214999173213955 -8.195687294006348
0.7854392457927524 0.47253282649182754 0.3997473190105941 0.03331061080098152 0.5262369671235666 -0.8498293668470673 -0.02940581025756195 1.025118589401245 0.3258218003772976 0.23345829420253605 -0.9161535784282782 -8.414034843444824
0.776956941144261 0.4756358910567126 0.4124420089496708 0.06764165312051773 0.5311062919220065 -0.846972223951334 -0.02375202172000418 1.072898626327515 0.33802961155586614 0.2375048441476892 -0.9106741627595305 -8.64477825164795
0.7676747391452944 0.476333185089786 0.4286982524578606 0.03285214677453041 0.5340419371552989 -0.8452849220525377 -0.017105844324396477 1.067119359970093 0.3542240876022121 0.24207456977727837 -0.9032857789368355 -8.86025619506836
0.7580767763390004 0.479854542585581 0.44165509069346437 0.07522150129079819 0.5397538021357037 -0.8417385836782421 -0.011915948447309865 1.122403264045715 0.366040208522945 0.24741821822034482 -0.8971057858676139 -9.10934066772461
0.7480529363516936 0.4821110944296549 0.4560544891166516 0.08009650558233261 0.5443935009448363 -0.8388069010378946 -0.00622084401259132 1.147622108459473 0.3795425148051721 0.25292662058202736 -0.8899301118943675 -9.348763465881348
0.7383494376406745 0.4837891872657656 0.4698809745248577 0.09411466121673584 0.548590983348237 -0.8360900130378885 -0.0011929322353576577 1.167411088943481 0.3922856624001371 0.2586532667163393 -0.8827289769188797 -9.61046314239502
0.7278390043014897 0.48750880789915607 0.4822712370006733 0.128784105181694 0.5547446758759118 -0.8320118130210998 0.003832437954107093 1.230891227722168 0.40312371352321297 0.264748003229649 -0.8760135651810241 -9.843546867370605
0.7187018505880527 0.4879325218323601 0.49536804913076704 0.1374215185642242 0.5580988124814583 -0.8297399560096608 0.007571057249307289 1.225637197494507 0.4147208283509458 0.2710229871051525 -0.868650202896716 -10.11608123779297
0.7081468896442481 0.49324204748502315 0.5052130889832125 0.1665518879890442 0.5653902474102974 -0.8247259433167088 0.012688047670454339 1.33745276927948 0.4229206199991907 0.27665755188164887 -0.8629013548293648 -10.43861198425293
0.6999949866393622 0.49348205107612814 0.5162194145375175 0.1734412610530853 0.5679437181722046 -0.8229015315961663 0.016522780801537545 1.323130011558533 0.4329514426220234 0.28161770995869884 -0.8562969775545908 -10.68551445007324
0.6893065156482562 0.4982646355984571 0.5259171801688903 0.1506138294935226 0.5744293931696622 -0.8182493408843748 0.02233580992531256 1.429046273231506 0.44146053022619575 0.28670606734811666 -0.8502424543612151 -10.93192291259766
0.6836293122400247 0.49977306887251066 0.5318626167310353 0.2263233214616776 0.5785197756253584 -0.8153562497206309 0.022562252810695682 1.471000075340271 0.4449335148722969 0.29226882432319296 -0.8465300358948421 -11.26131629943848
0.6805151165121122 0.5018121669067435 0.533932322811483 0.3307057321071625 0.5813725650300261 -0.8133010496614241 0.0233953681320489 1.505795478820801 0.4459877989686658 0.2944927023951267 -0.845203485207616 -11.60071086883545
0.674938876570045 0.5035656591154458 0.5393321238847105 0.3000815212726593 0.5842483886317962 -0.8111515487666112 0.026210404702671775 1.543256521224976 0.4506787473084522 0.29741350321253884 -0.8416851399610961 -11.91284942626953
0.8141564184853791 0.29973001516386233 0.49730397570191537 3.995493173599243 0.39232274458656524 -0.9153554828157353 -0.09059362096327139 -1.293113589286804 0.4280562933997409 0.26886103862226496 -0.8628334437142733 -8.15372371673584
0.9058114199851256 0.08036674655845356 0.41598901123964727 7.330475330352783 0.16983848272350843 -0.9683814418237916 -0.18273552724484304 -4.082139015197754 0.38815017868179147 0.23617486991397607 -0.8908203352025644 -4.228675365447998
0.9435521450269845 -0.1391580798580845 0.30057341603206883 10.39090061187744 -0.06698956738732695 -0.9688840081652784 -0.23827752009546138 -6.772391319274902 0.3243790182429112 0.20469198208966372 -0.9235147237548352 -0.09691932797431946
0.9198266878262362 -0.3516455951322832 0.17396620300126794 12.94375324249268 -0.30455685878080585 -0.9195365859364055 -0.24838998952048702 -9.486266136169434 0.24731353406593884 0.1754931410297329 -0.9529103700345243 4.189005851745605
0.8809478589197212 -0.4729203729373462 0.016649045785288426 15.68973636627197 -0.45706322758398715 -0.8594687003556011 -0.22892522600089815 -11.09056949615479 0.12257273699835375 0.194061521095387 -0.9733016234317485 8.303146362304688
0.49319142042990516 -0.7861573941760724 -0.3724496937797371 22.74167251586914 -0.8695872522494286 -0.4336766109595144 -0.23609872475716295 -10.97077655792236 0.0240880372720797 0.4403193712397371 -0.897518032003492 16.28394317626953
-0.19132558792938598 -0.7761970135657029 -0.6007601148005406 25.00194931030273 -0.9793154374674545 0.19202170370599708 0.06378823750327456 -6.537796020507812 0.06584674131194868 0.600537976682183 -0.7968803832577804 24.41951370239258
-0.3018092295014777 -0.5902221881769769 -0.7486981752156908 28.8624210357666 -0.9139635396854651 0.4025696959638977 0.05107140116689324 -4.416915416717529 0.27125972261531783 0.6996966546119224 -0.6609408100666387 27.2034740447998
-0.5127133382730006 -0.3489577661630847 -0.7844447145538206 30.90597915649414 -0.6546753037704833 0.7500106883616743 0.09425610842949336 -0.6271170973777771 0.5554505192994067 0.5618829457971801 -0.6129945153362321 28.96999359130859
-0.6586254638020684 0.6575429972772111 -0.3658547596563581 19.98958206176758 0.37660801016980416 0.7089796345533262 0.5962501861337844 22.83754920959473 0.6514437083182634 0.2549217223391005 -0.7145880004395649 22.78347587585449
0.4886627225534846 -0.21000420534875303 -0.8468216915753014 48.31333923339844 -0.37470466986905077 0.8260128853989088 -0.42106902466614055 13.8344669342041 0.7879118947984868 0.5230687783559711 0.3249521490069734 -10.48691272735596
0.8189706926005209 0.1720150670308565 0.5474466379253718 2.783126354217529 0.16167279403140328 -0.9845336325991481 0.06749395492342461 -4.843567371368408 0.5505896042711874 0.033231656526507454 -0.8341143474806088 -15.20359134674072
0.7312104979550486 0.49769066831396824 -0.46651388656022347 22.81598854064941 -0.38503417672538265 0.8656492300206667 0.3200001458093935 39.06999588012695 0.5630984731232506 -0.0543636757203006 0.8245997212759906 0.7133386135101318
0.8211361198303855 -0.40500605966475817 0.40212630397018884 12.01199531555176 -0.01181644104886953 -0.7164925876940482 -0.6974946189759638 -18.39737510681152 0.5706100633802711 0.5679863232634327 -0.5931236735747865 9.762602806091309
0.11934615428495557 0.9925567186614466 0.02424161086671872 -8.428156852722168 -0.23017409413383155 0.003908968107465216 0.9731416168050797 42.59352493286133 0.9658034902851933 -0.12172050036192195 0.2289273639051953 23.35113716125488
0.7871463465872421 -0.4197391804671288 -0.45190668222005803 30.84871292114258 -0.3282327829726855 0.33524203694965565 -0.8831058922031105 10.38026714324951 0.5221722601176392 0.8434641646463878 0.12611238527998675 5.468050003051758
0.7056365678317918 -0.5653453224937514 -0.4271553587080529 25.60331916809082 -0.5477295006406665 -0.8176439763127833 0.17734351447782615 -21.80267333984375 -0.44952133238200753 0.1088255224377856 -0.8866158003327304 -9.193787574768066
-0.061887950732048835 0.7394714666677659 -0.6703371029104765 16.79350662231445 -0.9978239302519057 -0.030535650804382752 0.05843781521063912 25.7010555267334 0.022743917226975274 0.6724949992484526 0.7397521140321239 32.62649536132812
0.8750768811017375 -0.4563813313637774 -0.16111031172423912 37.72799682617188 0.2735327728609957 0.7409809431007157 -0.613291989294291 -25.61308860778809 0.3992746853135451 0.4926086908938978 0.7732505436943253 -69.23747253417969
0.6148950803505702 -0.5008065580212354 -0.6091771758721665 15.58899784088135 -0.6721611312021881 -0.7368246733864894 -0.07272423523068361 -38.36592483520508 -0.4124359997159078 0.4541829941023947 -0.789692569299296 45.50368118286133
-0.5223592720928639 0.5868132370338037 -0.6187010713587963 81.43570709228516 -0.8285210887608387 -0.5209070813749196 0.20544736078133838 -47.3868408203125 -0.20172653850489744 0.6199242190908271 0.7582877859015404 63.17609405517578
0.8967575278063228 -0.3379497511067121 -0.2856849699399746 -23.47631072998047 -0.1851936038570886 0.29972645725941605 -0.9358778659147484 116.2092132568359 0.40190703578454134 0.8921625505173547 0.20619582450004326 127.6006622314453
0.8330685260723529 -0.5488909572998825 0.06866984681835343 0.7488704323768616 -0.5505023275276776 -0.8348149192405239 0.005589096532310725 -32.67495727539062 0.054258808079861366 -0.04245901091472084 -0.9976237838673938 80.0619888305664
-0.43947824290442616 0.5995798743769892 -0.6688518881304832 -247.1110076904297 -0.8732084248362008 -0.4597757908286426 0.16159600540538682 288.4623718261719 -0.2106321931916386 0.6550650321990714 0.7256196543515825 -75.8440170288086
0.994344799102452 0.041590951358793954 0.09771700600701402 -46.13027572631836 -0.0800210660766313 0.8983602061927346 0.4319092137397705 -36.9964599609375 -0.06982155456493205 -0.43728609936106794 0.8966079510152241 3.350270986557007
0.28102582622881794 -0.2176227074163985 -0.9347004023799108 34.91963195800781 -0.7812795487897619 -0.6174929896873839 -0.09112998589818183 697.2680053710938 -0.5573389916695912 0.7558721882062425 -0.34355564827409013 -429.2773742675781
0.07808565769053344 0.8955643333753884 -0.4380264316784233 181.2941589355469 -0.9926225332300818 0.1107182153805194 0.04941642749984643 123.5671844482422 0.09275309475662524 0.4309361919923279 0.8976028419318978 -338.1993713378906
0.3468728081714156 0.05474541611408762 -0.9363130856533894 156.5230712890625 -0.8733651894585641 -0.3450844498302269 -0.3437294987739278 506.7462768554688 -0.3419247004726074 0.9369736719352709 -0.07188767145243075 -912.7964477539062
0.8084636871284114 -0.5881662274336983 -0.021141322123869793 215.0611724853516 -0.4868716045810256 -0.6885477377989453 0.5374551641064139 659.5247802734375 -0.33066978580969797 -0.42421987421426405 -0.8430272777758752 360.6534729003906
0.7619008982099449 -0.11694944965779042 0.6370477592234502 663.624755859375 -0.5593909807815898 -0.6145948086213813 0.5561968642808575 1181.069702148438 0.3264793284835812 -0.7801256613138601 -0.5336808040697383 -1983.487426757812
0.30654111317235355 0.6409458619765934 -0.7037193673263061 -808.8250122070312 -0.951022967900036 0.17528249808815544 -0.2546200314008765 -444.6149291992188 -0.03984796684477088 0.7473047891450034 0.6632855280038007 2204.38525390625
-0.4097449610255648 0.7759919955841305 0.47952631805096735 -94.13127899169922 -0.6800077239888241 -0.6102325974680263 0.406455006492681 4701.5625 0.6080284222219369 -0.15953870933659003 0.7777202826167757 -5024.6357421875
0.26848130910375145 0.852115860308312 -0.44923974364804475 -1941.601684570312 -0.9580035875152898 0.284962883016631 -0.03202001890512057 -3662.9033203125 0.10073188655917384 0.4389700626624497 0.8928372590323248 10847.6826171875
0.8773525031295044 -0.32130765344197343 -0.35639020341755434 -9733.03515625 -0.4036503110249008 -0.09259561612807649 -0.9102156218629534 15794.8291015625 0.25945907511955313 0.942436970684764 -0.2109349298353202 -13142.1484375
0.5371131249076451 -0.6499041503358389 0.5377118990948553 21904.50390625 0.22320938062856857 -0.5052371317014832 -0.8336144271481084 -1744.197143554688 0.8134414935638306 0.5677675898871909 -0.12630479176316034 33894.09375
-0.10914603638135695 0.8657571488270148 0.4884175488218645 -28888.208984375 -0.7986163971403684 -0.36893460522439914 0.4754987984069517 37542.328125 0.591860619538737 -0.3381594539900306 0.7316756048389118 -69152.1875
-0.8939539293835164 0.3228118424297937 0.31086795673863327 114850.25 -0.22326808245963442 -0.9222414987734631 0.31562950003900797 -65586.8046875 0.3885842707760681 0.21275133919004668 0.8965149927236425 48977.73046875
-0.03699847793322352 -0.11597407308850965 0.992562908334724 -169285.71875 -0.08328501444230671 -0.9894296106024691 -0.1187124763131108 126753.21875 0.9958387012965351 -0.0870577970908244 0.026948487262243755 -242056.359375
0.08338962317020082 -0.9936525896202268 -0.07550299258008669 374861.15625 0.7859151890761 0.018993672324711053 0.6180425195656842 -206018.765625 -0.6126854709612508 -0.11087728149913406 0.782510538025113 -195915.234375
0.4377227609640365 -0.3409367375436151 -0.8319620938042414 238635.203125 -0.7458024632807928 -0.6544902183699307 -0.12418228465599473 521978.5 -0.5021727494581152 0.674836791417893 -0.5407567240917864 -818911.9375
-0.4508183420621941 -0.785555445155826 0.42386963213507856 277574.1875 0.8614113889183728 -0.5073373305701765 -0.02406765571566072 77194.4609375 0.2339513656767465 0.35427598789073983 0.9054033813179769 90401.609375
-0.0570111747077606 -0.8706909866615353 -0.4885150271023434 290769.1875 0.2327394577603546 -0.48742018263505704 0.8415782259311513 666952.4375 -0.9708666596190526 -0.06571735924677619 0.23043254530072968 58550.48828125
-0.6543849314829249 -0.7370614807131061 0.16888083105281973 642379.875 0.7494009768668318 -0.602354282069195 0.2748954251055167 -522452.0 -0.10088873732546069 0.30644688368770856 0.9465261592576119 -24414.92578125
0.3169923438032829 -0.531326405164411 0.7856259320727427 450115.375 0.1557048699385636 -0.7879517665970536 -0.5957247745343461 1683732.75 0.9355596439818877 0.3111659761150738 -0.1670445684864882 567189.4375
0.6636148298377367 -0.37952861209715627 0.644649819839452 -494367.78125 -0.38751492215021177 -0.9115170132327877 -0.13772770127353867 -2416793.0 0.63988088167279 -0.15841327970465136 -0.7519692082012859 735619.9375
-0.4092913656087213 -0.7815716860157056 -0.470772001776566 1327893.625 0.31637274006879856 -0.6055276570175312 0.7302359522292909 6102603.0 -0.8557972115983483 0.14993984195478594 0.49510521751953435 565209.875
0.7640262121729338 -0.6441739091908418 -0.036109857801830625 -6682019.5 -0.14740797536808 -0.22877427767199732 0.9622542380647328 -7700252.5 -0.6281200808050662 -0.729864579626553 -0.2697459165510985 -257866.90625
0.09672528457549888 -0.7948477805357548 -0.5990502692605801 6394064.0 -0.056589771193064076 -0.605290587583679 0.7939904926250196 22620438.0 -0.993701070302385 -0.04289883867879596 -0.10352715836873545 1748233.125
-0.6841531344212267 0.42790528577322867 0.5906196365419475 -34135820.0 -0.3191705040106982 -0.9037999464737164 0.28508918976991016 -21894878.0 0.6557931671122897 0.006536295696983191 0.7549123119988134 2412900.5
