0.9999999999532097 -9.617304698493451e-06 1.0430791432418354e-06 1.3709433935956424e-05 -9.617225863991438e-06 -0.9999999970996774 -7.55523291117341e-05 -8.282099338361247e-05 1.0438057499863176e-06 7.555231907667126e-05 -0.9999999971453788 -1.806320399503636e-06
0.9995906973128466 0.017048696602043886 -0.022973458376757842 0.20984502777716665 0.01682454896333629 -0.9998092951073216 -0.009915037527962217 0.02318624512224206 -0.02313811569245576 0.009524461201141865 -0.9996869071069354 0.11595485027710271
0.9984783386274092 0.032166152387032694 -0.044792253040714915 0.4115935911953169 0.0313153453867615 -0.9993179775396672 -0.01956856942490485 0.050592352183901956 -0.04539114930420995 0.018136107814072898 -0.9988046481460726 0.23680310361529952
0.9973113038502136 0.0318202817138557 -0.06601236917607209 0.6090488563419428 0.030047072004449973 -0.9991650602672896 -0.027683132138967496 0.07965461866741767 -0.06683813788958046 0.02562522219835365 -0.9974347153126056 0.35968804938131993
0.9957637409961603 0.03207063224155704 -0.08617451285013877 0.7995331673331976 0.029170432912258036 -0.9989717515447109 -0.034706274063980566 0.11209216038139584 -0.08719895619239593 0.03204550145214581 -0.995675362693904 0.4842569792681915
0.9938264140109941 0.032328825498708275 -0.10613154976689318 0.987659210765087 0.028125014892343994 -0.9987685416864739 -0.04087032755900081 0.1446674851490931 -0.10732214287533529 0.037633059659675054 -0.9935118069098615 0.6080076189425698
0.9915862545056274 0.03295090058570649 -0.12518361724319846 1.1708465664444616 0.027338808231136526 -0.9985539720395448 -0.04628773583303622 0.17870135567739398 -0.1265278208142457 0.042475911698734506 -0.9910532314085653 0.7309907578238871
0.9890451809985574 0.033612427772436594 -0.14373529365738136 1.3516748373444971 0.02651243392787566 -0.9983451467376352 -0.05102997974357726 0.2123777499522864 -0.14521267434611534 0.04666018307564396 -0.9882996036246279 0.8524960554094958
0.9862908502171636 0.0347673521818727 -0.1613120888221555 1.5284984549368557 0.026140496665751314 -0.998127688332448 -0.05529730751304213 0.24756012375756442 -0.1629326032811518 0.050322450321757306 -0.985353042204489 0.9720591169462741
0.9832967162747565 0.0357552727867516 -0.17846324056013768 1.704059135300091 0.02559436220950402 -0.9979347064648975 -0.05891731711396396 0.28115221392464756 -0.18020126632842876 0.05336555162990127 -0.9821810533261507 1.0890611209591632
0.9800609994463306 0.03675130435982876 -0.19526847925897006 1.878188360193791 0.025042287718257963 -0.9977558186985344 -0.06209839030968164 0.3139552863966722 -0.19711245823157797 0.0559702410310051 -0.9787819016148774 1.2045714815503654
0.9767700344515211 0.03826985572490477 -0.21084524642583072 2.0482849296148973 0.02500559220218562 -0.9975574479372398 -0.06522161009634271 0.3478955784039692 -0.21282626754278314 0.058434204090894684 -0.9753411831949226 1.3158907870863097
0.9733015651571456 0.039583617593730636 -0.22609113313185047 2.2175463070542176 0.0247742296097475 -0.9973798186735298 -0.06796863136771474 0.3801686582997076 -0.2281891776791668 0.06055274164684936 -0.9717319922021482 1.4248715441872106
0.9697127771595659 0.04102792228730293 -0.24077757247357776 2.3859106496443454 0.024741157477393784 -0.9972203722622557 -0.0702808954966203 0.41140967198092715 -0.24299177957322085 0.062195166515695524 -0.9680324149128086 1.5300917932909146
0.9659795599333783 0.04252163897149691 -0.25509880440741917 2.5523999587471793 0.024655796637588285 -0.9970395834314034 -0.07282966952485284 0.4421809217446232 -0.25744044259417154 0.06406230787374947 -0.964168262922404 1.6329393631417382
0.9622505505034902 0.044094996540467335 -0.26856937527541436 2.7175748563441635 0.024761044786342362 -0.9968793261159137 -0.07495665296536869 0.4710623931580921 -0.2710364711931199 0.06547702225039057 -0.9603395185247783 1.7294718654439314
0.958413879760813 0.04552368478741881 -0.2817275797737983 2.8816235047179486 0.024723328858503306 -0.9967282050869368 -0.07695220720894111 0.49863748013672177 -0.28430897293610075 0.06678681986402141 -0.9564036431342524 1.823505476012773
0.9545181777176561 0.04719088181885196 -0.29439441074810485 3.044169649173858 0.024914206019874412 -0.9965657671237806 -0.07896805769037092 0.5254111613413773 -0.2971099640620691 0.06804184352403779 -0.9524158633626838 1.9124618054807037
0.9505547513657372 0.049054726536193506 -0.30665827636064463 3.2047994621516946 0.025212026441696046 -0.9963760062824315 -0.08123550841458253 0.552360928232418 -0.30953193434397924 0.06948732193092323 -0.9483467159811033 1.9986300411562619
0.9466812708873166 0.05090335702067116 -0.31812484906904337 3.363003827361408 0.02556524403122106 -0.9961945049289093 -0.08332422605143085 0.5772197750167699 -0.3211557093510866 0.07074854481522512 -0.9443800367213026 2.078742653579083
0.942500483562896 0.05234964739627298 -0.3300793130464155 3.5214160770899685 0.025498628797960103 -0.9960408659195003 -0.08516110231647044 0.5997217577730775 -0.33323063846701056 0.07184781023676641 -0.9401038420041962 2.1583713471153443
0.9382810972443024 0.05407813017235992 -0.341619874116085 3.6835022705513456 0.02564067885003136 -0.9958590537052968 -0.0872198414427642 0.6225654871636174 -0.3449219305033214 0.07307736304939219 -0.935782325579838 2.235074334574508
0.9340314000064094 0.056192759986652185 -0.35274313250175365 3.8467274740783455 0.026090745049359446 -0.9956430293677696 -0.08952223798666264 0.646760465767689 -0.3562367426653749 0.07441325014037378 -0.9314279636014318 2.311449195369096
0.9297840870418617 0.05530379305993538 -0.3639272481649541 4.012464992749101 0.02357625659745026 -0.9955666491355601 -0.09105606654058858 0.6712902802724173 -0.3673495768455211 0.07608243951252323 -0.9269658843718251 2.383663838235931
0.9251834518204278 0.05429204986754185 -0.37561676453377174 4.184857977316759 0.021128158248399486 -0.9955480624027948 -0.0918567165485037 0.6919966119263813 -0.3789316315731232 0.07704822364741391 -0.9222116838481875 2.4583840285165404
0.9206585298592104 0.05434821189299496 -0.38656712646254854 4.359994031585444 0.019557992310158912 -0.9954392818277121 -0.09337087945995186 0.7138448054271683 -0.3898786430856064 0.07840221972854604 -0.9175226076818835 2.5286902719449134
0.9162547158505863 0.05509483629556246 -0.39678943369894115 4.537227882594797 0.018720361387828507 -0.9953040018561552 -0.09497100588406757 0.7364163385346465 -0.40015852327680135 0.07958959041663469 -0.9129833806517191 2.5976096283786916
0.9118898575179754 0.056162659805250384 -0.40657427783794564 4.718647923174963 0.01820919602124837 -0.9951541612104372 -0.0966261900615531 0.7576945193012878 -0.4100308682722644 0.08070905196538578 -0.9084936631560742 2.664736175258791
0.9076794644460735 0.05766126135270509 -0.4156839770331597 4.903990927264924 0.018239141810414375 -0.9950001376511735 -0.09819399055016464 0.7785711639210855 -0.4192676037197592 0.08154694974897142 -0.9041928839897657 2.7286597815175053
0.9037453348528693 0.05953291972515118 -0.42391060519957985 5.0916082072819915 0.018634503829391472 -0.9948147457467512 -0.09998188291815249 0.799263298925452 -0.42766473434070734 0.08245879646117485 -0.9001685519320629 2.790138004741777
0.9001180166083229 0.061143968373274266 -0.43133394407195363 5.2851285945124715 0.01913420396123662 -0.994694914533016 -0.1010737811745774 0.8164358606985387 -0.43522573271334614 0.08272509978068686 -0.8965127547616971 2.8495803413817815
0.8969006639391206 0.06310295907076972 -0.4377067689470629 5.481516293988396 0.020105156241585306 -0.9945621212314426 -0.10218595649165631 0.8340814202854312 -0.4417748088314522 0.08285048924494044 -0.8932921217126053 2.9054490412051526
0.8941514771667726 0.06515915858705584 -0.4429982166247464 5.681430331567592 0.021394886912678063 -0.9944423604307647 -0.10308564689074237 0.8510521147401965 -0.44725316622073513 0.0826962866948451 -0.8905761783656757 2.9578577862274105
0.8919963726549806 0.06732615320594908 -0.44700073855067185 5.880110513323785 0.022929211983639005 -0.9943123979007636 -0.10400532014585959 0.868424586418044 -0.4514606543301048 0.08252299361585519 -0.8884667878522591 3.005673148138135
0.8904976805015202 0.06922036073004821 -0.4496914749934836 6.078223524897329 0.024622876666488578 -0.9942427995889512 -0.10428312140606336 0.88427062485403 -0.454321026330589 0.08179118000082194 -0.8870753112943645 3.049813716848237
0.8898711564516142 0.07110809917415659 -0.4506361760304033 6.273447470376268 0.0266161084881508 -0.9941876790795723 -0.10431894140241145 0.901771045479781 -0.45543485558794605 0.08083623567566144 -0.8865915605944912 3.090858442309225
0.8899166411710776 0.07227456666521274 -0.4503606985296824 6.465637884056448 0.028562478202065287 -0.9942586989070833 -0.10312043680352971 0.9153924885712372 -0.45522802704330967 0.07890517512147056 -0.886871702521456 3.130360710303252
0.8908839786195025 0.07336744364584313 -0.44826661135083357 6.657871131455325 0.03059958866043027 -0.9943212306869232 -0.10192622517808882 0.9362990876429369 -0.45319907525600456 0.07708766709478264 -0.8880698676168367 3.1779513874509844
0.8926727471968283 0.07410204961222171 -0.44457198815865095 6.84524459807472 0.03276042187604401 -0.9944503898689241 -0.09997588133169487 0.9588960674437998 -0.4495132046676399 0.0746813787554391 -0.8901463758824251 3.227694198587612
0.8953453199963715 0.07431856201212482 -0.4391281240151278 7.03026675098152 0.0348813272016404 -0.9946518734544403 -0.09721596394741146 0.9836006473452815 -0.4440045618833748 0.0717244865720366 -0.8931492300017565 3.2827121997645317
0.899042859378806 0.0738851622524785 -0.4315818807583394 7.21025709839243 0.03691805343336152 -0.9949416254271293 -0.09342493951356678 1.0097384603540884 -0.4363014947609875 0.06805986182286206 -0.8972228602069727 3.3389962036480156
0.9036348783965374 0.07276560978044769 -0.4220772116314206 7.38960534266267 0.038627859640282786 -0.9952923305874798 -0.08888793581444931 1.0369392942902644 -0.4265581965041652 0.06401829978234866 -0.9021916438806622 3.400189025879577
0.9090032399928545 0.07110599394194494 -0.4106787641308241 7.56734212631158 0.04016121818844332 -0.995697807495955 -0.08350420768660916 1.066528604924186 -0.414849594716101 0.05941223588854566 -0.9079482364048133 3.464907086810351
0.9152167511226176 0.0683611883487502 -0.397120946806017 7.742210026004456 0.04104007889058316 -0.9961934574905914 -0.07690453288068363 1.0953902538832163 -0.40086657429775235 0.054086441743639774 -0.9145384882170332 3.5311883565474336
0.9225228879895191 0.06513768653720696 -0.38040583976597714 7.912009449522939 0.04182384886284722 -0.9967226596257948 -0.06924381167137157 1.1215242552864353 -0.3836695020480197 0.04796896476955935 -0.9222237752395901 3.5888648996287476
0.9297292521863946 0.06171751835256019 -0.363035074830696 8.08508798726919 0.04229243407089671 -0.9972277361907279 -0.06122248110191919 1.1493474527194407 -0.3658071454322435 0.04156669460418273 -0.9297619815040815 3.655427096132445
0.9372505798470969 0.057728867506290464 -0.3438440466733752 8.25806188830749 0.042299712192335685 -0.9977397404802395 -0.05221249481561139 1.175392958028766 -0.34608103808895196 0.0343916868278635 -0.9375740647823019 3.7169776821382268
0.944721409711267 0.053686731756764 -0.32344890302246215 8.426418542645335 0.04209517435816401 -0.9981993347917971 -0.04273270781227947 1.2027070932284591 -0.32516065925771626 0.0267548659965089 -0.9452802350713764 3.78108967563531
0.952292855588233 0.04980706940753912 -0.3010939604718798 8.588992725365037 0.04170841597020558 -0.9985757313478528 -0.03327035918587712 1.2314976740954644 -0.30232222087181354 0.019124973206087317 -0.9530139086954613 3.833219900142603
0.9589898357965463 0.04580539572987919 -0.2797147843088425 8.758514174086471 0.04084430985500837 -0.9988881281672235 -0.02354250961661465 1.2587953666406708 -0.28048215128842185 0.0111522701101387 -0.9597944517864276 3.8961374149965184
0.9653807608059352 0.04162987538278486 -0.25750134007683945 8.924092428330002 0.03944861980494819 -0.999128586539011 -0.01363355991819095 1.2830234213458505 -0.2578445133432917 0.0030035039823605733 -0.9661817561424918 3.9539279905724496
0.9712243956784473 0.03770827382113767 -0.2351621979070293 9.081604578446893 0.038035791285160964 -0.9992714293446269 -0.00314469026427947 1.3055486626551935 -0.2351094464719493 -0.005890380376230759 -0.9719510541167581 4.011083466154958
0.9764230477087705 0.03407855019178511 -0.2131588241662589 9.23347275161412 0.03641068914226154 -0.9993122294659731 0.007023514500038195 1.3284558672651685 -0.2127728686165172 -0.014619181118401674 -0.9769923162052636 4.065241805392269
0.9808117644024266 0.03119277430357146 -0.19244556020091938 9.387733850081734 0.035037104379962 -0.9992480612912094 0.01660461750319568 1.3545862679794032 -0.19178290884869506 -0.02302873937075664 -0.9811671585599098 4.118373028414644
0.9844318420872967 0.028710403114338083 -0.17340605824948552 9.53635135454453 0.03365728614340128 -0.9991041190400364 0.02565436428162337 1.400480051762298 -0.17251415992338998 -0.031091350408839286 -0.9845162225965004 4.177098628937547
0.9875057025647832 0.026225774174601424 -0.1553856369519943 9.663190108304066 0.03200715390406396 -0.9988808624630011 0.03482189977776193 1.4624774790203925 -0.1542985077730687 -0.03936027660108275 -0.9872399602553023 4.252273549770937
0.9896329268207031 0.024706727877590724 -0.14147878904582045 9.799261122050492 0.03097472211749697 -0.9986258071463461 0.04227367846607258 1.5269919424527538 -0.14023992563472404 -0.046217690324071 -0.9890382643553663 4.334594069441054
0.9913705078122723 0.023437265691020705 -0.12897755935419908 9.928278299844239 0.030067248547315024 -0.9983115461382692 0.04969926973117686 1.5852429312010197 -0.1275949717066916 -0.05314839060542467 -0.990401318542752 4.405660652793417
0.9925273194158412 0.02323030529991737 -0.11979095595610631 10.053641309606924 0.030070259383822774 -0.9979995861137735 0.0556112004665153 1.6538923377801757 -0.11825945929943527 -0.0587977808459636 -0.9912403952895562 4.4867194900305565
0.9932679843776056 0.023435146190095547 -0.11344384132026498 10.170696288467326 0.0305030856207631 -0.9976731609530936 0.06097397544424284 1.7151094071115893 -0.11175094173232279 -0.06402388489393301 -0.9916716539182853 4.559048480748641
0.9935972333716028 0.0244569045717259 -0.11030139461977136 10.283070809310058 0.031854516482674684 -0.9973234778307516 0.06581162775095158 1.7791920101489789 -0.10839662179215752 -0.06890384885000479 -0.991716911218975 4.630803030506888
0.9933732713136029 0.026365846971979988 -0.1118677163133398 10.385259889721825 0.03422070552397217 -0.997037393786392 0.06888670920490594 1.8483187341074063 -0.10972003988858789 -0.07225840785050433 -0.9913325553726949 4.706057532846945
0.9924445203659666 0.029114168766856838 -0.1191899289897496 10.485839103893177 0.03767918150198468 -0.9968176102661699 0.07024906507977931 1.9277158175857971 -0.11676537704691005 -0.07420927866687259 -0.9903831731622037 4.791931451851695
0.991017934045304 0.03286584750343176 -0.1296275066043416 10.542698789813684 0.04228512571347359 -0.9966084700291864 0.0705940904713691 2.0267053015289926 -0.12686773641857566 -0.07544132510743219 -0.9890466035137382 4.879723611637858
0.9886942220934188 0.03712441124519595 -0.14527736674646646 10.56204496673928 0.04753901921118316 -0.9964913084194552 0.06888478712256801 2.1398535736560897 -0.14221032610724338 -0.07501233454692849 -0.9869900571000153 4.969031019756267
0.9855681170691797 0.039822960182719476 -0.16452847309507582 10.551643658072177 0.05137425898160628 -0.9964590096232273 0.0665592041327708 2.2538202893449926 -0.16129529481916824 -0.07405115787739275 -0.9841241049208251 5.050321723390514
0.9813435753102864 0.04142903701434688 -0.18774563134541597 10.532624920205368 0.0540982099834452 -0.9965547535619701 0.06286498890184013 2.367910980091592 -0.18449436542564665 -0.07184885555877206 -0.9802038415967789 5.127849657470907
0.9761039565089351 0.043233829267795114 -0.21295986028931832 10.507462482103707 0.0568980930272397 -0.996667216519951 0.058455679999778735 2.4841054210431044 -0.20972284829618923 -0.06917583047001385 -0.9753107358074744 5.199726379697042
0.9694945113151864 0.046081961970767735 -0.24074227985680602 10.474976535231804 0.06047019807051761 -0.9967767477920789 0.0527206810119027 2.601551895853877 -0.2375368343542541 -0.06567014422072748 -0.9691561713588727 5.274196316806636
0.9614950566341064 0.04953032471669664 -0.27032203573078417 10.441195988737066 0.06421131903643049 -0.9968878485202212 0.04573318248631368 2.7184574156072414 -0.26721557322839273 -0.06132996336362283 -0.9616831458531642 5.344200909652887
0.9521045415994274 0.05373688590651737 -0.30101376871966257 10.412244535794326 0.06814224869731259 -0.9969685345669326 0.03755496007103239 2.8384356568177402 -0.2980831692803506 -0.05626800313262566 -0.9528800218365632 5.416215331624041
0.9414945537810031 0.058414845177074966 -0.331927267731424 10.373744353784819 0.07197588319202768 -0.9969934255994619 0.02869811056808127 2.952176846899525 -0.3292529080197131 -0.05090987305413943 -0.9428683404305045 5.48259488744677
0.9298009531656274 0.06373824785432264 -0.36250189413677864 10.337943828432692 0.07567094780212885 -0.9969556163088654 0.018799116174386288 3.0700648882129693 -0.3602000765560979 -0.04491029804701273 -0.931793415934192 5.551821984655109
0.9174385034441237 0.06895115625716146 -0.3918575384613744 10.29942972251364 0.07854797633874132 -0.996874172713744 0.008491124152746993 3.1871502908960565 -0.3900471866470716 -0.0385697008944759 -0.9199867229268124 5.620122746840089
0.9041967967197156 0.07502657911033556 -0.420474928180987 10.259676471309904 0.08114299541286712 -0.9966968330597153 -0.0033522028819085847 3.3015438311767134 -0.4193375336137144 -0.031087544060839113 -0.9072979651178726 5.689032239667541
0.8909090812722715 0.0808819389130224 -0.4469218285833298 10.218082933792859 0.0828198082442729 -0.9964480489965104 -0.015236962080082295 3.414610364769873 -0.4465667791819931 -0.023439232255304622 -0.89444324253823 5.7562299753029516
0.8776157066910023 0.08692646361514694 -0.47141750210680283 10.178421258577593 0.08376790194409761 -0.9960994463665803 -0.027727811887644598 3.5315031043810823 -0.47198899348728135 -0.015155291866443692 -0.8814741670379832 5.827286705680168
0.8649532540298662 0.09300012164566442 -0.4931600609508412 10.132254984376498 0.08385545473479529 -0.9956470201775541 -0.0406850577334982 3.644198309975943 -0.4947970604746622 -0.006163488091089898 -0.8689866974587038 5.89769807066204
0.8535294679530911 0.09797582069380553 -0.5117501205618702 10.086487699408433 0.08216284356815104 -0.9951822421543506 -0.053493663526020294 3.7541642522887577 -0.5145257179894014 0.0036115730665184018 -0.8574673416914935 5.966789843473075
0.8430611553719317 0.10310307224158415 -0.527842443156375 10.049575418626342 0.07975791496877117 -0.994568101790663 -0.06688023549862784 3.8703314655009002 -0.5318708144867309 0.014284515912845484 -0.8467050190605684 6.039919439161711
0.8349052891326606 0.107116574944587 -0.5398696116197402 10.009228355942206 0.07586974122450578 -0.993913585206866 -0.07987219483500113 3.9858201500612953 -0.5451393771732463 0.025725950193812692 -0.8379506160519189 6.11140795844185
0.8293141785340861 0.10995770823111484 -0.5478570029514044 9.966008154552437 0.07053893309630938 -0.9932050344089269 -0.09256359188361546 4.100859448814026 -0.5543124138966838 0.03811905068759127 -0.8314353166510962 6.1826127449104975
0.8264892315182865 0.11133920102192499 -0.5518325221478995 9.920703633066177 0.06370443314682728 -0.9924479328103141 -0.10482769604439546 4.215819525094999 -0.5593364777857368 0.051484783930148964 -0.8273403299984307 6.256520641949625
0.8264604864640583 0.10612623860732938 -0.5529016963192032 9.872830859705672 0.051418764555622845 -0.9921965910608792 -0.11358712664181692 4.329034458666362 -0.5606417527844011 0.06544574979500903 -0.8254681573922786 6.330906362576032
0.829005615020425 0.09903258162612252 -0.5504018877520974 9.825811044610003 0.03765081614150714 -0.991846230193796 -0.12175168045753597 4.440588915082558 -0.5579714206914951 0.08020974645777719 -0.8259747515903217 6.406915963744707
0.834234646732734 0.09000444491132803 -0.5440144796665936 9.775094839024952 0.022622119240205373 -0.991344519758711 -0.1293223989317127 4.554176001560893 -0.5509453638173143 0.09557846536001108 -0.8290500365162725 6.485400718669102
0.8414402450745732 0.0790335481037735 -0.534539065216913 9.726584373976458 0.006358776591900282 -0.9906254535961986 -0.13645796659623946 4.670613803904057 -0.5403127612125193 0.11142221035976006 -0.8340546811267525 6.567724126925722
0.8505122610634526 0.0663491730243058 -0.5217534676643026 9.674812805235437 -0.010812957289268177 -0.9895957486585172 -0.14346893110234502 4.784890894858159 -0.5258440583817546 0.1276637829455938 -0.8409458869562454 6.651668830201807
0.8610933370635349 0.05140574661115988 -0.5058415899074881 9.61724767584113 -0.02907585113617387 -0.9882693123700953 -0.14992785301019435 4.89465393318225 -0.5076148734478662 0.14380965003395496 -0.8494974542702401 6.738392401554503
0.8724655222879328 0.03471100416093054 -0.48744133863367034 9.560482889383993 -0.048183087634441825 -0.98650326299951 -0.1564918597158697 5.0015619306824854 -0.4862944606767142 0.16002018085685193 -0.8590176012362517 6.829555525956354
0.8844108406712429 0.016518242226869467 -0.4664167799049688 9.499820897042548 -0.06764290119072656 -0.9842843612240112 -0.16312183841638728 5.104826474390704 -0.4617812283123766 0.17581650640248436 -0.8693944175428884 6.926667841899486
0.8962744987992638 -0.0037524719021396202 -0.4434838686544895 9.440506124349179 -0.08785655759730696 -0.9816493296775296 -0.1692507572532784 5.195914202496598 -0.4347105336764684 0.1906581036784976 -0.8801569402171635 7.032665575291228
0.908138854932272 -0.024773610286159882 -0.41793550745981334 9.374199348357367 -0.10786219863776156 -0.978394511995158 -0.17638005840452917 5.295052098285575 -0.40453623603742883 0.20525702699578038 -0.891190207868962 7.140372038257093
0.919058999821237 -0.04695901609632242 -0.3913124143888785 9.315956483099269 -0.12808918673361797 -0.974566118235021 -0.1838859467992152 5.379996705353179 -0.3727247175725114 0.2191249232643078 -0.9016987040663323 7.245698115430871
0.9289119201429216 -0.07014070690094484 -0.36359720275577734 9.261504993620107 -0.14839445015899744 -0.9701162681609016 -0.1919726892335838 5.456552029417773 -0.3392664613226585 0.23228152635326182 -0.9115610570535578 7.348455736977728
0.9376623460993981 -0.09412556890369239 -0.3345589663810089 9.211738622692726 -0.16843314853008767 -0.9650975337053335 -0.2005418283354487 5.528950901817955 -0.30400591965225643 0.24439134132460466 -0.9207894835965204 7.447390432958913
0.9449196020430797 -0.11847991248448148 -0.3051056472968297 9.165228219093112 -0.18798788204790057 -0.9595487696398333 -0.20958701029841198 5.5940908436284795 -0.2679318978357979 0.2553990388007591 -0.9289692293621763 7.5393927637973945
0.9506164756743537 -0.14315620841861396 -0.27538085657444994 9.12298419400829 -0.20706382064973852 -0.9534719602639553 -0.21912506741206925 5.653754592181708 -0.23119881131702286 0.26532531161126965 -0.9360286259853269 7.6260781051896265
0.9547280469616807 -0.16782673305573645 -0.24561869639050884 9.08329075477845 -0.22540927843740136 -0.9469318289268763 -0.22915228246633434 5.709218750343638 -0.1941262824531095 0.27414284422001456 -0.9418920784378092 7.707152623098036
0.9572047007797124 -0.19226329994661046 -0.2163191722868348 9.046529606485834 -0.2429131328505993 -0.9400505929140748 -0.23937020000535597 5.759256946405857 -0.157328861605011 0.2816730485075502 -0.9465241270303335 7.781388028437037
0.9580451928919884 -0.2161590392109259 -0.18821444722433545 9.014499604519056 -0.25954254060002313 -0.9328853029697719 -0.24972521122602362 5.804145714136086 -0.12160212989679953 0.2880976939692613 -0.9498487462402398 7.849807544212722
0.9574301308988846 -0.23923594194623235 -0.16153547142359787 8.986303723786753 -0.27517565571330116 -0.925471352731037 -0.260348101158698 5.844020490465966 -0.08721182803782876 0.293715745841594 -0.951906065583688 7.911612479740194
0.9555547623970322 -0.2615098895360841 -0.13611639774537276 8.960491970982446 -0.28979533803923474 -0.9180076864100131 -0.27070380444844294 5.879504166617427 -0.05416417737838474 0.2981182070370078 -0.9529909635048817 7.966261438332078
0.9525114182850236 -0.2828572357268589 -0.11275540888850244 8.939830890480557 -0.30361335937452877 -0.9105001931197134 -0.2807282072366049 5.908027977518205 -0.02325781687877087 0.30163087130783733 -0.9531410658596706 8.015977656940205
0.948791997827152 -0.30233536873570366 -0.09158094600192648 8.919526984492949 -0.31585735986358177 -0.9030751344712102 -0.2910144836942204 5.9361994422567586 0.005279496109432152 0.3050387291988543 -0.9523253123852051 8.056510293140139
0.94443604417491 -0.3206226852833037 -0.07239925514099937 8.904755029493312 -0.32718065811696856 -0.8958758494126131 -0.30059820257842 5.956527293552195 0.03151785870574422 0.30758341327346167 -0.9509989844693063 8.090360064242487
0.939751143885213 -0.3373641731561163 -0.05525578917293935 8.893222706190288 -0.3373521966768703 -0.8890075869789172 -0.3096110555054739 5.9724171062880025 0.055328861941346 0.3095980054273823 -0.949256441680362 8.117575594711322
0.9349846904119412 -0.35240294440126496 -0.040196933621919104 8.886239179010564 -0.3464644059947648 -0.8831596973585385 -0.31621411154511936 5.984369095661106 0.07593447223745477 0.30958215991702975 -0.9478358730218672 8.137143493327457
0.9301381032336732 -0.3662337619131791 -0.02675706538067652 8.879685447091084 -0.3555923563465369 -0.8801332381709194 -0.31451479961154366 5.992955265683413 0.09163615564165947 0.3020568070772331 -0.9488753871175734 8.15051061619496
0.9255916687823583 -0.37821615562523037 -0.015251305018295996 8.877382903110218 -0.36365118121921647 -0.8773195527453123 -0.3131584595195126 5.996813669867873 0.10506132056355559 0.2954030162250161 -0.9495784206302317 8.156247790989609
0.921430127891853 -0.3885029751619741 -0.005653114495418471 8.87449246184076 -0.37070858643818205 -0.8746826902399468 -0.31225844317746515 6.002213129605643 0.11636865279880436 0.28981999531589236 -0.9499803718819076 8.16412494055738
0.9177181883975261 -0.39722493953304233 0.002382036383802154 8.870197020233539 -0.3767741496905905 -0.8723385458712769 -0.3115552944697277 6.008547912997189 0.1258354751621952 0.2850224706933771 -0.9502250388147786 8.174063201499935
0.9147061241158059 -0.4040269469815283 0.008656362852016673 8.864811287086923 -0.38152316839378286 -0.8704241985972512 -0.3111298546830615 6.016703387929228 0.13323955300063747 0.2812897804917894 -0.9503279859643574 8.18611021370529
0.9124283058973961 -0.4090209006121317 0.013284933558286902 8.858408938361883 -0.38501608609268834 -0.8689764124845549 -0.3108739422906658 6.026613902592905 0.13869823375614782 0.2785352713893041 -0.9503583021918689 8.200527519602286
0.9109501035852491 -0.41218741127325703 0.01647564159221257 8.850294300376527 -0.38716210516341715 -0.8680645250564069 -0.3107563107388591 6.037774576683855 0.14239175925402173 0.27670474937457457 -0.950346814889227 8.216734772770966
0.9103844077640358 -0.4133710975196175 0.018015710797877865 8.841256007979503 -0.3878609408860287 -0.8677465596931636 -0.31077290531139257 6.0501683658698155 0.14409760801321597 0.27593521681022537 -0.9503134406545893 8.234990449903702
0.9107565827826544 -0.41255228249704906 0.017973901205284942 8.831731911545827 -0.38709357863655885 -0.8680927498589576 -0.310762834040134 6.064394630321174 0.14380892982149793 0.2760717150466318 -0.9503175258064048 8.255655704219716
0.9120656904563996 -0.40971034862368033 0.01654105567832838 8.820930827319001 -0.3847825039291199 -0.8691195371117869 -0.3107630204522898 6.079901617858007 0.14169898010334464 0.2770715799955958 -0.9503434845341007 8.278474850759824
0.9143109576924345 -0.40478566783198855 0.013565978083230776 8.80932894076592 -0.3808950922738479 -0.8707687206793698 -0.310935304795243 6.096443569285033 0.13767498438438458 0.2791243418339304 -0.9503342572329668 8.303069909011029
0.9174559556139846 -0.397730945640201 0.009201325370958559 8.796200286787819 -0.3753808507615413 -0.8730978191313933 -0.3111099726938155 6.1140917371858565 0.1317717207521106 0.28197569595296096 -0.950329374744289 8.329819146731682
0.9214843753011215 -0.3884013976580783 0.003301571315728266 8.781957475040837 -0.3681315257038717 -0.8760418420217415 -0.31149618105218174 6.133378217040952 0.12387786670281793 0.2858234513198756 -0.950241668638433 8.359062786321417
0.9263270039602436 -0.3766959843783204 -0.004291513402888948 8.76687068919478 -0.36005434470577036 -0.8819380558253016 -0.30421396178608523 6.155332593806403 0.11081132880954603 0.2833467858302536 -0.9525940627398048 8.390301411782282
0.9317925680759082 -0.36274300886599864 -0.013420864254819267 8.75014296105338 -0.35077906940359904 -0.8903189439368381 -0.2903208957955641 6.179622449057173 0.09336302558748462 0.27522661133334425 -0.9568352302602131 8.42382568274104
0.9377824886850316 -0.3463683865256532 -0.024350456491076745 8.73219625840639 -0.3394242118451654 -0.8996815920636346 -0.2745254766230844 6.205795336338221 0.0731792889347555 0.2657103191775943 -0.9612714590340984 8.459722432740456
0.9439951178169549 -0.32789112149688576 -0.03688671822306712 8.712813023066213 -0.3260443369002037 -0.9097771380530623 -0.25690591556304426 6.233533207806604 0.050678475835999076 0.2545446356132732 -0.9657322199074888 8.496829279504896
0.9502043165564993 -0.3074004128771996 -0.05115410990647412 8.692739878591834 -0.310547166286593 -0.9204079993936591 -0.23750699392550362 6.264372382430297 0.02592709603414116 0.24156593471574023 -0.9700379811513296 8.536820146825075
0.9561029234091465 -0.2853078789328904 -0.06683273200535203 8.671445527868693 -0.29303082162543653 -0.9311914980953004 -0.21683019036230086 6.296036827953617 -0.0003707101369825813 0.22689602925975846 -0.9739189157625747 8.578400288919648
0.9614838109140426 -0.2617772642331071 -0.08379466141013803 8.649060067486042 -0.27344330363283187 -0.941918902565375 -0.1949808726219128 6.328623617686984 -0.02788621610352613 0.21038404150664494 -0.9772210159583951 8.622101338822215
0.9660438972138664 -0.23721794595009013 -0.10240524779065294 8.626011735196453 -0.25209977399133704 -0.952217535293905 -0.17241655788327856 6.362773326661876 -0.05661177094352098 0.19237830334531306 -0.9796865293514131 8.667994591461408
0.9696622436353616 -0.21157406980173343 -0.12243997000803511 8.602204613116252 -0.22873670020826758 -0.9619907420984369 -0.14917551439405846 6.399742046201603 -0.08622444691542203 0.17265637869603906 -0.9812008559156987 8.716643564015628
0.9720983807921757 -0.1856998231164522 -0.14331892322979767 8.577002712849552 -0.2039729614806922 -0.9708995005558609 -0.12549578002935377 6.437448606458744 -0.11584372683070215 0.15122742977019163 -0.981687575269788 8.767937759343077
0.9732794719121239 -0.15953100132046927 -0.16515728616123979 8.551546943801934 -0.1776837973326691 -0.9788271222429153 -0.10161659769494338 6.4773057296684176 -0.1454494335496024 0.1282471223043286 -0.9810184187367527 8.82143039700551
0.9731034644063493 -0.1334551498607003 -0.18777478674204306 8.52482992406696 -0.15020079116332255 -0.9855806871779905 -0.07791297321802432 6.517713650476524 -0.1746693158350192 0.10402130568983758 -0.9791170502387895 8.876248756738354
0.9715665322128064 -0.10768043360895337 -0.2108634574832006 8.496736531034642 -0.1216783718278066 -0.9910701987164636 -0.054536547795429546 6.559870400262921 -0.20310796959576896 0.07864340680500123 -0.9759930159856613 8.934226844258458
0.9686224664247348 -0.08244856670357509 -0.23446268655329833 8.468506459257773 -0.09237571572925793 -0.9952208229535796 -0.03165818540453158 6.604474778847175 -0.23073197585244098 0.052323488111234495 -0.9716094935266445 8.995479760079185
0.9644001037326825 -0.05802123720893618 -0.25800382933812377 8.43877952202919 -0.06255436502734225 -0.9979973940274139 -0.00938897920527215 6.6504498238364285 -0.25694238913892226 0.025193998238377563 -0.9660982719766905 9.058844738155814
0.9590480629627788 -0.034963045179731846 -0.28107721074306635 8.406986630415147 -0.03280911840874091 -0.999385122962266 0.012366800351664237 6.6971305478052425 -0.281336763819774 -0.0026384604330431122 -0.9596054730200115 9.123562352474224
0.9525407353028895 -0.013120292452500504 -0.304128271481939 8.37546162332644 -0.003226724128712788 -0.9994497895782491 0.033010700740688195 6.744886024674847 -0.30439404698520023 -0.03046269912458428 -0.9520589730274155 9.191372998828776
0.9452357653558746 0.007393591602089267 -0.3263045857712024 8.342703195685917 0.025952879677333264 -0.9982804457287123 0.05256043866005914 6.7947665557468 -0.3253548769091195 -0.05815055011696358 -0.943802266151415 9.263050917056537
0.9372483469239581 0.02621109313711229 -0.3476758760467367 8.308324288928047 0.054151208086440895 -0.9960132224800213 0.0708894019423415 6.845312374970205 -0.34443168096312976 -0.08526804349533004 -0.9349311086424452 9.336292702511122
0.9287851985458987 0.04352893283641844 -0.3680533751620521 8.273843689907965 0.08141709196043588 -0.9927838928893432 0.08804203062280705 6.89769884777359 -0.36156508694668194 -0.11173797038430552 -0.925626984198081 9.411418947267578
0.9202840693802341 0.058678245541647765 -0.38682566505482857 8.238195070140566 0.10684586675415647 -0.988800379080923 0.10420062901430141 6.950584126458603 -0.37637905414954925 -0.13722490236679757 -0.9162467646698205 9.490270160644059
0.9119108942314381 0.07219744279802959 -0.40398768574728156 8.200269353202701 0.1306607915593645 -0.9842547716009277 0.11903907816295509 7.006027516376412 -0.3890324903283778 -0.161338383016042 -0.9069860239467143 9.57194398572676
0.9040144633290759 0.07572020924490175 -0.4207425578709049 8.161198740236756 0.13208496371156783 -0.9855069997303456 0.10644019843934413 7.05750091300357 -0.4065850617683307 -0.15179724435707467 -0.900914082558621 9.654949908883479
0.8966406555952665 0.07927253633869301 -0.43560463693138257 8.11888350968012 0.13330303483784017 -0.9865253540968436 0.09485792864657805 7.111204542064903 -0.42221539009931014 -0.14312089542246553 -0.8951260099319868 9.741054237367008
0.889981270302203 0.08229271852072993 -0.4485100299767495 8.079881085399123 0.1342932559986592 -0.9872603780945 0.08533620121603458 7.16410916722514 -0.4357736337877217 -0.13617949303464483 -0.8896946025307064 9.833529223005161
0.8847308448193758 0.08443683694284121 -0.45839039343367816 8.033479215340419 0.13434386788355526 -0.9879137843121064 0.07731804400150852 7.220992223126569 -0.44632169719528547 -0.12998759684378125 -0.8853813682699105 9.924788624569182
0.880421446745572 0.0864325948100078 -0.4662483058037242 7.9894758685585145 0.13479213701293136 -0.9883039644549607 0.07131867667094659 7.277472810975976 -0.45463079076314356 -0.12563709801255718 -0.8817744403718346 10.020623208174454
0.8773489847859022 0.08792736044783311 -0.47172824611191533 7.944379001710661 0.13512449383167163 -0.9885572627651316 0.06705154286849493 7.335756879223941 -0.4604347185670098 -0.12256964354597719 -0.8791908509641868 10.118670411978085
0.8756336931914427 0.0887937286685708 -0.4747434139585799 7.898007319049201 0.13540779266494238 -0.9886663134097339 0.06483556442581853 7.396173906663803 -0.46360582937828043 -0.12105616249468146 -0.8777328981464342 10.21887683317142
0.875476557427234 0.0888406970633753 -0.4750243445768362 7.854072293429433 0.13543052698401578 -0.9886723788030033 0.06469543842376071 7.451690755038995 -0.46389586089573054 -0.12097213702875725 -0.8775912330387677 10.311685951500866
0.876790731151666 0.0882375097287902 -0.47270726210138636 7.814263925648632 0.13536588953973405 -0.988557986954025 0.06655210273554583 7.502267057734911 -0.4614261476288959 -0.12234070584342639 -0.8787028291624471 10.397726202200449
0.8796258832261664 0.08678640594284812 -0.4676819702555472 7.777421515044345 0.13502182890811332 -0.9883277323108265 0.07055068577730408 7.5487415626523715 -0.4561002206499088 -0.12520548426032663 -0.88107671370559 10.476251911028685
0.8838459890806812 0.08485007755881858 -0.4600181865146803 7.744303696901694 0.1348093667876308 -0.9878910015405663 0.0767971594624128 7.590708428068316 -0.4479315820661798 -0.12989162179848132 -0.8845820845881122 10.548355473217537
0.8894423094415448 0.08241132649716854 -0.4495561716184849 7.714162749200103 0.1343793582282255 -0.9872878637025703 0.08488146009456761 7.628307010473744 -0.43684615857011005 -0.1359082317249125 -0.8892099787406492 10.611879223441644
0.8962321319391718 0.07934559729402932 -0.43643125675164596 7.688237421499135 0.13361870476420232 -0.98646438536889 0.0950476624431948 7.661287870571592 -0.42298227789932796 -0.14350014839306716 -0.894703135120395 10.66986631694987
0.9042428802236986 0.07571173949356351 -0.4202529548588669 7.664598149612832 0.1323979976266946 -0.9853657736750319 0.10735484290076286 7.690319082558493 -0.4059748561046506 -0.1527155020705641 -0.9010340679675457 10.719778121444143
0.9131297469467401 0.06439547968211573 -0.4025509749553376 7.644953944865101 0.12426763117763703 -0.9844187805956401 0.12440747667279446 7.71490230482604 -0.3882674607567333 -0.16362422377845937 -0.9069043457335595 10.762405281540543
0.9227494258785872 0.049795373620731366 -0.3821700116528111 7.62960348308763 0.11278832229322922 -0.9830948282168325 0.1442336752897733 7.73471791077109 -0.36852719220569957 -0.17619585551110126 -0.9127665249699372 10.798024340478321
0.9328381273744821 0.032898439967911565 -0.3587906363941892 7.617079011010101 0.09853223671897049 -0.9811545075567856 0.16621441161391107 7.75136396970365 -0.3465608553250443 -0.1904035843903145 -0.918499890368907 10.825338287494759
0.9430680547001102 0.013556578203911748 -0.332323431902644 7.60879015177609 0.08099153822521199 -0.9784525514264004 0.1899236039650719 7.764233041860963 -0.3225879956539984 -0.20602626967105114 -0.9238453124118602 10.846071745963542
0.953013931354343 -0.008457985355296339 -0.30280837030747565 7.603770932703089 0.0595610308886175 -0.9748659257580258 0.21468327926373942 7.77150469281599 -0.297013350279116 -0.22263173466439407 -0.9285570421230448 10.85941932253392
0.9622806327358749 -0.0334274881944528 -0.269997383125197 7.601557984283806 0.028049643355319356 -0.9749440731301705 0.2206745834390367 7.773102894555597 -0.27060894547129083 -0.2199242080839731 -0.937232170451673 10.864444980166649
0.970179703567818 -0.0611439928464573 -0.23454798000377827 7.596233496064498 -0.01088835848933847 -0.9776770607702004 0.20983090452349754 7.775905346097217 -0.24214207902483212 -0.20101984226074268 -0.9491881987166707 10.876183505071813
0.976160541901814 -0.09166916999590295 -0.19674186058441964 7.587949967780668 -0.05252817228791788 -0.979265960581347 0.19565012027285483 7.7817215257041035 -0.21059769122677433 -0.18065143707968112 -0.9607360047021234 10.89453488902688
0.9796455761973331 -0.12486982304055803 -0.15716892927934276 7.576760699043105 -0.09625195860024298 -0.9792939753089531 0.1780979235959948 7.791229766159349 -0.17615364175234197 -0.1593450257065071 -0.9713799757458357 10.919339206333358
0.9801426648174814 -0.16056762857791057 -0.11635460135874502 7.562642810255046 -0.14141618002688888 -0.977346069526716 0.15746785198027652 7.804254019700169 -0.13900295187904776 -0.13788653681032775 -0.9806454417042711 10.950873108777651
0.9773132058701287 -0.19789894928829233 -0.07546458442502271 7.545796000719192 -0.18680393153153485 -0.9733223006325648 0.13322158329524972 7.820536232478375 -0.09981577428549615 -0.1161021315993872 -0.9882090397491138 10.988409999549015
0.9709975363092109 -0.23642569289609047 -0.03559039505325207 7.526334412754315 -0.23158438704131443 -0.9670430072181244 0.10581348623509967 7.840775961227494 -0.0594344694612623 -0.09450245461960477 -0.9937488766840081 11.031972007885766
