0.9999999999381338 2.646012618737571e-06 -1.0804204877346813e-05 -4.525836800048938e-05 2.6461473791132157e-06 -0.9999999999187116 1.2472961088579225e-05 2.9108549342582457e-05 -1.0804171872856122e-05 -1.2472989677325992e-05 -0.9999999998638472 6.651465324341506e-06
0.9999988602801929 0.0003837767524009823 -0.0014601896176550104 0.12887567772229544 0.00037882188337860345 -0.9999941751607254 -0.0033920699581723008 -0.05282686664178996 -0.0014614829098776414 0.0033915129403819327 -0.9999931808305892 -0.05230464029079051
0.9999941916662586 0.000898977612320318 -0.003287624218051465 0.2564648322393116 0.0008750700400736453 -0.999973217840671 -0.007266213167764235 -0.10387421210399976 -0.00329406833134001 0.007263294061716882 -0.9999681963308643 -0.10344994607819459
0.999983287180476 0.0012317591105093532 -0.005648728106718345 0.3840408698968949 0.0011665135109901622 -0.9999327398865997 -0.011539278534931276 -0.15475612305871247 -0.005662561784089425 0.011532496363395286 -0.9999174650548263 -0.15303527528948016
0.9999656110837396 0.0016055117376078884 -0.008136275682662763 0.5104582375738957 0.0014757964124242472 -0.9998721184782919 -0.015923841078152673 -0.20395517665578156 -0.008160801117106204 0.015911285988052318 -0.9998401033682007 -0.19975092942691328
0.9999366845966717 0.0018754579884071108 -0.011095470028342658 0.6377293179460489 0.0016448197813686489 -0.999783146772554 -0.020759431530184714 -0.2520498655145563 -0.011131997381555056 0.020739867089818318 -0.9997229298897738 -0.2445456493592889
0.9998998054836196 0.002124842184388248 -0.013995143425910295 0.764418477554665 0.0017671295685545573 -0.9996726803610806 -0.025522723067513416 -0.2984637945852152 -0.01404479429925181 0.02549543459885486 -0.9995762735117854 -0.2858319876826665
0.9998560084015127 0.002571435728666263 -0.01677349640616415 0.8899632472881887 0.002063886554742116 -0.9995415508221273 -0.030206432301514905 -0.34260621800551566 -0.01684348050978235 0.03016746423533451 -0.9994029323880966 -0.3245756056818289
0.9997996248201948 0.002739741777995836 -0.01982937276838792 1.0169086454330376 0.0020418607493353333 -0.9993806872443549 -0.03512937186573617 -0.38607949379062595 -0.01991333759263133 0.03508184399359242 -0.9991860303306543 -0.35909895167493383
0.9997406638381114 0.003168693148907409 -0.022551373622475536 1.1427102993695724 0.0022703349496882366 -0.9992070467425624 -0.03975076501431204 -0.42656296013606837 -0.022659449414066578 0.039689257031782506 -0.998955110216929 -0.39065735700576015
0.9996810141916151 0.0037146715191200583 -0.02498141469830954 1.2674278455889951 0.0026064696370167247 -0.9990171689665411 -0.044248191218499364 -0.4652470558060953 -0.02512122968437627 0.04416896337455309 -0.9987081788458342 -0.42002264832697767
0.9996151790995376 0.004059808206647542 -0.02744105812691941 1.3940787095731642 0.0027268189520194774 -0.9988223495784798 -0.04844046284799568 -0.5026015354645237 -0.027605401141853378 0.04834699514809973 -0.9984490522244724 -0.4439782225295952
0.9995562168417954 0.004545892302739483 -0.029439840965773872 1.51904179318863 0.002999237723481195 -0.9986233122955269 -0.05236873793580474 -0.5377422716759259 -0.0296373741413812 0.052257200490294545 -0.9981937742998207 -0.4657530745101954
0.9995125933691547 0.0051313381152725615 -0.030793588060083917 1.642631025297407 0.0034065382382974818 -0.9984358790667973 -0.05580493606611339 -0.5712936172589005 -0.031031777159847108 0.05567283683501979 -0.9979667148983693 -0.4850133880612329
0.9994759800019434 0.005674538471931299 -0.031867930781358425 1.7669818374646478 0.0037918551545954703 -0.9982607941722058 -0.058830337863757236 -0.6028295537837524 -0.032146340905948353 0.05867867101262462 -0.9977592025807384 -0.5001169341888433
0.999461514500706 0.006372417850594705 -0.03218809287131791 1.8893653135 0.004390536088244604 -0.9981114821883956 -0.0612714641292497 -0.6336319023325253 -0.03251775245635816 0.061097147350932295 -0.9976019919591008 -0.5153600518506058
0.9994654009707795 0.00706499980670463 -0.031921748699753866 2.0118379208493096 0.005042545341956191 -0.9980008745281383 -0.06299862837828417 -0.6613806768320079 -0.03230301841613706 0.06280398250749787 -0.9975029698113207 -0.5245467365371681
0.9994963575275044 0.007835813855406227 -0.030751118849153564 2.1320504816480184 0.0058567719670877295 -0.9979373859098624 -0.06392708366190389 -0.6888256685321926 -0.03118861188602146 0.06371478497659666 -0.9974806748323546 -0.5338115765706611
0.9995488887777692 0.008756614509694213 -0.02872874249693198 2.2508153913937563 0.006899308263986063 -0.9979181191279524 -0.06412352970328473 -0.7147024348077038 -0.02923043770806223 0.06389639440890353 -0.9975283616483978 -0.5408855940526605
0.9996205548607723 0.009586377120187378 -0.02582339392008624 2.3696959097813304 0.007931227782692608 -0.9979533919307663 -0.06345173882359527 -0.7392011819780544 -0.026378815851009003 0.06322285115042069 -0.9976507551075732 -0.5447986685238977
0.9997033206299916 0.010589930538268448 -0.021934541083943913 2.4869037840218513 0.009216037266224282 -0.9980449611256664 -0.06181682803876904 -0.7627827230742962 -0.02254629411846078 0.061596338713123415 -0.9978464589698469 -0.5483907906617826
0.999787709046675 0.011660672952253268 -0.016987217120576464 2.6028622777647437 0.010637503260580007 -0.9981939130698368 -0.059124913824106826 -0.7854581758167994 -0.017645973013188217 0.05893166056227754 -0.9981060459789782 -0.5508311871898756
0.9998552049438181 0.012977259051300795 -0.01100726552197158 2.717487489374124 0.01234789101524355 -0.9983858377481658 -0.05543688818259216 -0.8057409673618299 -0.011708916868413587 0.05529294468021206 -0.9984015181951398 -0.5501348515358672
0.9998884650689154 0.014364977576043353 -0.0040871556574711854 2.830250207241529 0.014138500537330397 -0.998604099578709 -0.05089160153848606 -0.8255842476323147 -0.004812507110076325 0.05082813909475637 -0.9986958195824592 -0.5492192401398535
0.9998665595593181 0.015926722597735636 0.0036335357859248983 2.9421535862768002 0.016075733910459314 -0.9988334897529845 -0.04553274126510344 -0.8452363685235595 0.0029041098899539467 0.04558507711049223 -0.9989562387264908 -0.548621554824228
0.9997755721220399 0.01749068170917204 0.01195330253094863 3.0452050312001866 0.017948973721813137 -0.9990633311025888 -0.039373783010183384 -0.8619616314133417 0.011253431937929418 0.03957949594863202 -0.9991530532256162 -0.5450871997115495
0.9995925797828583 0.019275360708048583 0.02105076988199568 3.138099322532118 0.019952910077275163 -0.9992736779709678 -0.03246533372418835 -0.876808515853143 0.02040969922606139 0.03287213080938574 -0.9992511532110196 -0.5421093087797212
0.9993081260446877 0.02122950973559262 0.03053812596478676 3.2219205975568883 0.021999386891779212 -0.9994428722451838 -0.025099244902650458 -0.889333332707302 0.02998826766321486 0.02575369943685354 -0.9992184199502507 -0.5384960767227103
0.998909768904847 0.023282668135936817 0.04046221633743732 3.2965374281897293 0.023987684146267202 -0.9995672469720853 -0.017026737501517807 -0.9011328616764911 0.040048278312115604 0.01797876928820502 -0.9990359849670667 -0.5355218785652643
0.9983832983685127 0.02557468336674559 0.05076145298846934 3.360884389942418 0.026039681536734725 -0.9996245996581287 -0.00852025491355928 -0.9102744637486513 0.05052449430004533 0.00982829227370151 -0.998674461547259 -0.5326501683754071
0.9977272901698642 0.02798287559608722 0.061296110183871766 3.4155006278097533 0.028014782410038866 -0.9996074514831126 0.0003389778086234855 -0.9168583899835497 0.06128153406057667 0.001378989778957306 -0.9981195679728816 -0.5279592462423014
0.9969854445248824 0.030192253532079518 0.07147343025332797 3.4637731505437173 0.029585585776816702 -0.9995168027599907 0.009531742479126314 -0.9249060059580957 0.07172667927462784 -0.007388425211125291 -0.9973969594164273 -0.5229976495328408
0.9960371992946512 0.03333713188371647 0.08245321860931547 3.497040003250411 0.03186361276788041 -0.9993092700223983 0.01912310196281525 -0.9263909027492236 0.08303377507163238 -0.01642006349163593 -0.9964114480034262 -0.5209772931336292
0.9950023567787787 0.036236534348876207 0.0930442023076056 3.523505917442583 0.03368640524472222 -0.9990164283324985 0.028834042787416993 -0.9292923541234808 0.09399753244827375 -0.025555615824334136 -0.9952443792322943 -0.5186824513749688
0.9938718238683095 0.03923685411700472 0.10334053899453695 3.5414068444795714 0.03541896808523649 -0.9986297290525612 0.03852480956715661 -0.9305547381738587 0.10471052678913197 -0.034628507496130584 -0.9938996790663197 -0.5166187830225545
0.9926453139360972 0.04233656856794502 0.11341470664159752 3.549186948892854 0.03706618700463305 -0.9981505249121233 0.04818326886576862 -0.930464162659952 0.11524486323322834 -0.0436250453242752 -0.9923786963245483 -0.5146890815418045
0.9913586495649228 0.0455218458561709 0.12302759642722408 3.5644543995417575 0.038626394295682445 -0.9975769140057128 0.05786451681776831 -0.9312687360526407 0.12536358959653068 -0.0526123768013415 -0.990714847072954 -0.5128601221590454
0.9900010193562159 0.04873645003098243 0.13237348719449482 3.585725968833931 0.04008206051184183 -0.9969289986672536 0.06727555307414596 -0.9336458482115426 0.13524573966960507 -0.06129706399726443 -0.9889141822456269 -0.5104901641858683
0.9886174308946974 0.05201643524319968 0.14117317661566717 3.614118413368138 0.041484753651770304 -0.9962025900543775 0.07654681432562924 -0.9368101159180722 0.14461877660117398 -0.06981898046763818 -0.9870211342321092 -0.5080879088177044
0.9872545353581387 0.05530134665359578 0.14923217975049807 3.6496086036799027 0.04281846473618927 -0.9954088120905135 0.08560301332423217 -0.9416009542075013 0.153280988685557 -0.07812207031852 -0.9850897830333673 -0.5058971601194518
0.9859057370945925 0.0585625414755008 0.15671728143347388 3.692123378021745 0.04409068041211163 -0.9945689437123384 0.09427952112585535 -0.9474794970841681 0.1613873894229826 -0.08604094919777337 -0.9831332898424205 -0.5023327302971711
0.9846426660363017 0.06175804834301807 0.1632934894164048 3.741911045952864 0.04529891817810554 -0.9936838783519062 0.1026662452581551 -0.9547485523623094 0.16860257481075835 -0.09369254702683558 -0.9812211159564428 -0.49877778889827595
0.9834427703098519 0.0648435753853613 0.16922064961619504 3.797085257430973 0.04646621298832241 -0.9928017660946201 0.11038815285132422 -0.9619260369036585 0.17516052230970292 -0.10069738810240528 -0.9793767546013871 -0.49309940733311663
0.982315620988621 0.06789988857961914 0.17448674990558893 3.8587892121747753 0.047694662901812804 -0.9919279871216442 0.1174907974927653 -0.9690584264581502 0.1810559026721379 -0.10709095898197406 -0.9776248189422663 -0.48772412427278133
0.9813023933633405 0.07083525736221923 0.17896362505774252 3.9267519094558243 0.04889760042019146 -0.9910578029854424 0.12415093964531856 -0.9771003548912954 0.18615756082557425 -0.11307872238443625 -0.9759910681411876 -0.4815528370280532
0.9804672192231257 0.07338576010144025 0.1824789364370727 4.002882680939022 0.04990391745446822 -0.9902440980321369 0.1301008275731458 -0.9869619051463706 0.1902462379432744 -0.11845318284813479 -0.9745641140641171 -0.4750315035609388
0.979771339254732 0.07576461733391626 0.18522377151768135 4.086674030836479 0.05090644648277808 -0.9894741349837604 0.13546021520961463 -0.9973002333177159 0.19353722247021385 -0.12329095245955517 -0.9733153058285535 -0.46784656110535844
0.9791865449225495 0.07784107174059257 0.1874419317893307 4.1768527681573255 0.051768054270554614 -0.9887711651929972 0.14018434805613578 -1.0089861324868528 0.19624927719530863 -0.12756312332786002 -0.9722211017907193 -0.46101455352068155
0.9787341898782564 0.07962631349516817 0.18904770763625472 4.273817262054348 0.05252548882830475 -0.9881434708810737 0.144269033331665 -1.020081093910453 0.19829386926151116 -0.13127121220692153 -0.9713122104962053 -0.45150718244162685
0.9784539365304161 0.08105583929275649 0.18988903339761148 4.376088654436158 0.05319106309171838 -0.98763102650572 0.14749802131022113 -1.0311558935791165 0.19949587688798287 -0.1342196200255553 -0.9706629119858707 -0.4413983948412558
0.9783277201622899 0.08193886651139842 0.1901601801557931 4.47385485250781 0.053540249326313384 -0.9872434987388669 0.14994570984165392 -1.042586179789404 0.20002078308049054 -0.13651482100002368 -0.9702347087087736 -0.4318473099936493
0.9783859277159257 0.08239743128830503 0.1896619091028487 4.567927587100514 0.053759061592459786 -0.9869981476870346 0.1514748155934222 -1.0530667965142675 0.19967708868106604 -0.13800478172676553 -0.9700947069623678 -0.4231624214408831
0.9785835922523662 0.08231081532456408 0.18867719166624325 4.656154852462533 0.05361317594495332 -0.9868558493915094 0.15245051619085556 -1.062967221107941 0.19874551652691502 -0.13906999030117298 -0.9701338863569717 -0.4136501835725007
0.9789312073124004 0.08186078026325869 0.18706283437544863 4.738889146366237 0.053395724665476714 -0.9868698138969008 0.15243643595461348 -1.0713093491163193 0.19708523013492069 -0.13923642868799407 -0.970448674062095 -0.40418730535057235
0.9794530924241799 0.08068599389699294 0.18482805558022128 4.814808621115218 0.05272035769506931 -0.987048311397514 0.15151301875357268 -1.0795756035113957 0.19465919866580897 -0.13865569355843613 -0.9710213154295916 -0.3955160101298733
0.9801297411491721 0.07898792015018678 0.18195218873430702 4.884179717569485 0.05177196617561499 -0.9873678844215847 0.14974753530911708 -1.0869744754394055 0.1914819940181534 -0.13735199045951976 -0.9718379889074311 -0.38693969597749067
0.9809116477431836 0.0766539704029015 0.1787078849497794 4.949339617261219 0.05041297742969685 -0.9878494298840577 0.14701032475447162 -1.0943937690741132 0.18780540734607554 -0.13519494331968718 -0.9728573668695537 -0.3796014688015437
0.9818503388127825 0.07373860125721192 0.1747356027198071 5.009005255225968 0.048717946428220874 -0.9884671575478584 0.14338493695320356 -1.1010311014728218 0.1832934092351423 -0.13226978919574592 -0.9741192067694137 -0.3728039760361881
0.9829629518688788 0.07008354984263353 0.16991801344965024 5.066677971765804 0.046604269904480536 -0.9892751639131993 0.13842937582458203 -1.1076379682498392 0.17779729266749467 -0.1281520429254569 -0.9756870280034174 -0.36708985778102715
0.9841698826303406 0.06579848462002455 0.164560631820282 5.11725915868963 0.0440263485921924 -0.9901890810149857 0.13261698408702022 -1.1129969493004486 0.1716721373811743 -0.12327263792264126 -0.9774111386650824 -0.3611522838533431
0.9854610688617417 0.06089536488402896 0.15861348080637774 5.163701740723264 0.041036177074820636 -0.9912318811068742 0.1256001196194166 -1.1172522144997112 0.16487120406231695 -0.1172651372444887 -0.9793193420218317 -0.35640534577344024
0.9868337442612262 0.05515751422215655 0.15204213170105593 5.204706042252164 0.03733604412698485 -0.992350393364371 0.11767207229638482 -1.1223121498981308 0.15736956820273887 -0.11044611996086767 -0.9813442176877963 -0.35238755956798085
0.9882141378718498 0.04884218592501188 0.14507673343532176 5.2400026070289005 0.033132270966993796 -0.9935119817520727 0.10879427712724228 -1.1267764883037747 0.1494492232524697 -0.10270532113350343 -0.9834208390511651 -0.3482728976721415
0.9895973115525232 0.042080836609883945 0.1375731229500559 5.271519693240043 0.028507856587544844 -0.9946608031293114 0.0991826034692461 -1.1308679532180357 0.14101227989364232 -0.09422892288658499 -0.9855132911385982 -0.3451743382198256
0.9908994488759465 0.03503138737949312 0.12996570361296733 5.308752177053394 0.023515471862177527 -0.9957444365509959 0.08910690018645828 -1.1354159813121065 0.13253416465366552 -0.08523977343944664 -0.9875063930038869 -0.3414632287579956
0.9920896713676054 0.02777429317297 0.12242006618385298 5.3537988469918805 0.018174309032622463 -0.9967209050030256 0.07884879213492427 -1.1410902158415173 0.12420860862639019 -0.07600017216225019 -0.989341293676962 -0.33675717960283
0.9931803087546723 0.020472845857137833 0.11477690048299757 5.407061122372601 0.012641721883517334 -0.9975678313141217 0.0685463988482273 -1.1471685566576124 0.11590108355746229 -0.06662795591754508 -0.9910235387317782 -0.3308227768113006
0.994144668731021 0.013136707653176379 0.10725579026665161 5.469499450997188 0.0069027218974057 -0.998275928579727 0.05828827368083008 -1.154408150912584 0.10783658963494747 -0.05720661963723473 -0.9925213713596223 -0.3232799222157336
0.9949501537538052 0.006026187762123234 0.10018920404083081 5.5374523297292555 0.0011678058290494646 -0.9988234627977228 0.0484801649575572 -1.1606836456509544 0.10036347829178316 -0.04811834604204466 -0.9937865953006979 -0.31407235758996094
0.9956248065310436 -0.0006990298630014874 0.09343851442137054 5.614789744662731 -0.004379436008059724 -0.9992222075950761 0.03918928921368662 -1.166771455045358 0.09333844417105606 -0.03942703648606242 -0.9948534784749226 -0.30460702327637107
0.9961702728821316 -0.007172003885280335 0.08713982893148955 5.698646242264725 -0.009862266932939266 -0.9994866674090737 0.030481754582822037 -1.1724316261088323 0.08687648195503311 -0.031224414034109003 -0.9957296384317098 -0.29485995961392814
0.9965275606263487 -0.013200020560147938 0.08221058550643476 5.790339639407079 -0.015157840949939206 -0.9996150839405272 0.0232362608073945 -1.1808471998847452 0.0818722222114161 -0.02440170927997839 -0.9963440649767429 -0.28179474654508674
0.9967864051020959 -0.018712583213331548 0.07788903538447946 5.890617296010945 -0.02009040125441659 -0.9996545857553419 0.016943581550327044 -1.188186005981973 0.07754507322246261 -0.01845395371729833 -0.9968180441841544 -0.2678301059552435
0.9969311052669372 -0.023862156953638223 0.07455849258644894 5.9993651252538545 -0.024829720867690478 -0.9996187397766729 0.012077253368596793 -1.1964460599123201 0.07424187708346418 -0.013891456108581333 -0.9971435057875608 -0.2506041699277958
0.9969381479589089 -0.027788004169705328 0.073090053827628 6.112278553800871 -0.028513958389476204 -0.9995537056389888 0.00890750921016655 -1.202627485474209 0.07280991224568491 -0.01096432248843592 -0.9972855660798193 -0.2351907577027116
0.9968563161105155 -0.031198618169246108 0.07282946694094009 6.2369142541209435 -0.03182370658718236 -0.9994658207612028 0.007438066226393131 -1.210290230139668 0.07255850556361276 -0.009732386884257675 -0.9973166718329292 -0.2162811134119886
0.996694102985029 -0.0334593789253823 0.07403603877029642 6.369408489879025 -0.03412849154504847 -0.9993870874407179 0.007790733060430514 -1.2162898079001825 0.07372998806271915 -0.01029171602246254 -0.9972251347823043 -0.19618800554515897
0.9964031065551642 -0.034551202864671025 0.07737611794231433 6.5083629782521015 -0.03543242536124886 -0.9993215940599975 0.010044644264763761 -1.2194204783869722 0.07697657098259261 -0.012750138273386363 -0.9969513736856839 -0.1770700231697602
0.9959996235175382 -0.03492313372447116 0.08225037801606148 6.656909757667103 -0.03629321956415349 -0.9992252573660473 0.015221276405905076 -1.226675829111148 0.08165508047017316 -0.018145516598309385 -0.9964954531059286 -0.15372211175823025
0.995414566572389 -0.03369855040990717 0.08952233439636165 6.811636833698059 -0.03587835981612207 -0.9990948475112176 0.022852329715848285 -1.2317500808126318 0.08867121264766784 -0.025959456404322307 -0.9957226133169741 -0.13050130834524068
0.9946085659776595 -0.03099511897410159 0.09896010854705713 6.9728082505182165 -0.03440376281139496 -0.9988654990181 0.032925612761796105 -1.2333891613253294 0.09782730492189447 -0.03615269659518859 -0.9945465303044475 -0.10800057746699888
0.9935012655490005 -0.02677014491027502 0.11062818218707883 7.1428410884073825 -0.03204168640962117 -0.9984204626764286 0.04615094843027566 -1.2360088923977235 0.10921797326705036 -0.04939573919347033 -0.9927897538074055 -0.08378458906383808
0.9919818652859145 -0.020795329161910132 0.12465766414033981 7.319769853652039 -0.028710669596126163 -0.9976606210831587 0.062040169175367615 -1.2362822598353973 0.12307589688976485 -0.06512172774899302 -0.9902582916490859 -0.06020399914012181
0.9901324959051929 -0.01341676996356591 0.1394906120005853 7.511937464899808 -0.024806134319322354 -0.996467284296056 0.08023469964906116 -1.2366541661881845 0.13792134081673083 -0.08290320627929942 -0.986967457485771 -0.036847470077969055
0.987794459974112 -0.004100523959517941 0.155708993149755 7.70916410044387 -0.019891653510452356 -0.99478935096679 0.09999234632557451 -1.232455012848315 0.15448762722326065 -0.10186919508041155 -0.9827289759280513 -0.013812922963280534
0.9849966089854777 0.006046508322634086 0.17246773618336442 7.914241794313846 -0.01520525051189054 -0.9924584858743978 0.1216345106158975 -1.229421881286636 0.17190253239548547 -0.12243199562615381 -0.9774763044713753 0.006923056802234519
0.9816824762943878 0.017771479563718204 0.18969367477761537 8.127190860273018 -0.009942736515207088 -0.9895049489760054 0.1441565050304098 -1.2232376596223535 0.19026470436502016 -0.14340198905911225 -0.9712029714775291 0.025877710014594647
0.9778498739625401 0.030570666511885128 0.20706293328469882 8.34641546550147 -0.004639298044655606 -0.9858676202513874 0.16746197255950146 -1.21440473271129 0.2092560653961968 -0.1647132954223352 -0.9638887017731961 0.03924333102669894
0.9736174952038604 0.044333827069113055 0.22383807721289736 8.57375464249808 0.0008183025710795898 -0.9816166038696085 0.19086166034172072 -1.2032653564233025 0.22818480101414115 -0.1856430843982673 -0.9557553775947246 0.048979424813420575
0.9691157672249501 0.05870637778087736 0.2395165775553862 8.81222730836938 0.006134469669950203 -0.9766895133531256 0.2145692493995899 -1.19156649784148 0.24652991298798788 -0.20647313557430144 -0.9468853395677069 0.053010494562773305
0.9642829384255579 0.07375046806611453 0.2543998489020793 9.054065901828 0.011598574057696934 -0.9712905448273531 0.23761344787029937 -1.1736666003316025 0.2646202708433348 -0.2261759182340427 -0.9374543008967359 0.04943401391246621
0.959386436964966 0.08905690368241516 0.26766869909305563 9.305818336856767 0.01714591186708253 -0.9655143985922764 0.25978445645812076 -1.1544984562581009 0.281573582343788 -0.2446442601360106 -0.9278283805255098 0.043145257946219484
0.9546194470176668 0.10441442042477467 0.2789253308379197 9.568540332261819 0.022954719408295438 -0.9595394817226568 0.2806368897210447 -1.1314949689145242 0.29694240558157237 -0.26149877977301117 -0.9183918531567317 0.02937942949667277
0.9498342090927624 0.11920511025653367 0.28914549438968234 9.820744222590358 0.028249733457557838 -0.9534356916684786 0.3002704354614793 -1.1089417272731747 0.3114754048022141 -0.27703884843353127 -0.9089733487082664 0.011803377485005095
0.9455649376351873 0.13353864219873768 0.296773280055133 10.078961308695721 0.03414721729589594 -0.9476108014334839 0.3175968144637751 -1.0844908140722318 0.3236370131272252 -0.2901744303799152 -0.900587521392441 -0.008238458217258882
0.9420892260916233 0.14702762591265248 0.3014146102971382 10.3456337783521 0.04072492763661231 -0.9422774627409253 0.3323472032070032 -1.058512842383609 0.3328804144900676 -0.30082563127003237 -0.8936971350630524 -0.027455594537890482
0.9392035550148186 0.15932776227286027 0.3041567793369889 10.604469252578104 0.0474258472488081 -0.9375276284883358 0.34466321943858447 -1.0332158115472643 0.34006980351136673 -0.30928402802304555 -0.888085535716904 -0.04454041113685042
0.9372403163331016 0.17030238168527964 0.30426581837621736 10.866274874086692 0.0548253469963255 -0.9337336784717913 0.3537451045799365 -1.0081873729245128 0.3443468756451269 -0.3148626946461887 -0.8844697353519682 -0.05751668840025426
0.936438443163746 0.17979529375966286 0.3012585177334185 11.128892163216463 0.06304088037346109 -0.930955434426382 0.35964958850765505 -0.9836925622392441 0.34512155766743813 -0.3177980985686717 -0.8831169112746842 -0.06249154995955375
0.9368037708178762 0.1872006588636167 0.2955581301579034 11.395772423325115 0.07186537060406561 -0.9297530398891987 0.36110199850559493 -0.9621927356054378 0.34239460201549415 -0.31704131929107 -0.8844493984241435 -0.06047565726111337
0.938393510799551 0.19257962329179334 0.2869332807153677 11.653556903282025 0.08113998760037049 -0.9298989880449083 0.3587536403233666 -0.9453920155611716 0.33590760828165944 -0.31337032521578473 -0.8882370843263913 -0.043124325441292743
0.9414113214528934 0.19580047790890892 0.27460316220131215 11.916711629773811 0.09129752849406486 -0.9317680197078848 0.35138741972432996 -0.9310512665579873 0.3246682693630419 -0.30572950511896935 -0.8950530624317854 -0.01522430780078965
0.9456227245118007 0.19726415126849628 0.25862041201575425 12.1840463401419 0.1022275868900564 -0.9350581125313036 0.3394345985135162 -0.9178171416241069 0.30878339230845075 -0.2945389291990378 -0.9043780381128068 0.021342900228834116
0.9505393049208416 0.197028105942243 0.24011446284931626 12.442206958709015 0.11300531361705393 -0.9394490389889859 0.3235201728439545 -0.9099829830247832 0.28931786826069816 -0.2803844300446856 -0.9152484594325204 0.07088206803648078
0.9558692173704352 0.19569881115510188 0.21912556810220035 12.700421513684436 0.12376856027021096 -0.9446709998999164 0.30377301630778764 -0.9043150866471127 0.26644958767517624 -0.26324641927397996 -0.9272032894501382 0.1256605473039777
0.9614945919907233 0.1934574583767347 0.1951982617007812 12.959571957110095 0.1344104474291424 -0.9505446808081074 0.2799975739346885 -0.8997175516310906 0.23971228836772313 -0.24297946741613285 -0.9399462735814649 0.1900533589052898
0.9669937394913942 0.1907377930648412 0.16894437570160045 13.222502718932848 0.14453910665772532 -0.9566685345067408 0.25277215378935974 -0.8975995275038405 0.2098369710776354 -0.22001002109331033 -0.9526615538518833 0.26209894105361414
0.9721334301816952 0.18766769683403256 0.14048996223282637 13.478685817151872 0.1536453790514225 -0.9626814903049746 0.222794626776182 -0.8966872678513126 0.17705844068927082 -0.1950004712537977 -0.9646891337583735 0.34263138318813025
0.9764389453401962 0.1847114030498992 0.11157366896478538 13.73099398693699 0.161473717743865 -0.9684024247668855 0.1900604698078786 -0.90148173703568 0.1431545476081722 -0.16756622955999995 -0.9754118792644187 0.42493310305110354
0.9800167234885683 0.18189613597281398 0.08050476632405613 13.980553334072868 0.16798158048300485 -0.9735601646425401 0.15479920684429266 -0.9100318915490733 0.10653361113359051 -0.13818249360664292 -0.9846604430764382 0.5224385982321491
0.9825119242597977 0.17967164598749444 0.04887144683201374 14.221441899435133 0.172964934781525 -0.9778645176484249 0.11774598277748852 -0.9300013698609201 0.06894526831721427 -0.10723378549859319 -0.9918404434304489 0.6407128078611035
0.9837620533453907 0.178716576520476 0.016510835062516285 14.420264788991343 0.17689346422291435 -0.9810407018935693 0.07916971354874089 -0.9838328639847346 0.030346741388117646 -0.07496350115205408 -0.9967244096449875 0.8114372682994779
0.9838924288415942 0.17807077783541425 -0.015699890104041988 14.519124452827219 0.17856922418224258 -0.9831088940740613 0.040123989924084835 -1.0493186019962741 -0.00828979150162691 -0.042281207096848725 -0.9990713582539004 1.0566584680714022
0.9827211976520825 0.17852140291422083 -0.04887899739964807 14.579157343861985 0.17876625668292193 -0.9838913579359639 0.0006490381350336668 -1.0922444068528858 -0.04797575592767715 -0.00937573892893152 -0.9988044965671233 1.3208667549553883
0.9804133491572405 0.17999707464656503 -0.07994196590628659 14.630257943110706 0.17740637706805398 -0.9833856929928589 -0.038464999578085385 -1.1256114765279641 -0.08553737294230186 0.023529384514550337 -0.996057089676338 1.584276301251782
0.9769600724530411 0.18270383553898745 -0.11031013240809329 14.68605846134311 0.1748695354862138 -0.9815740352664281 -0.07702635165718677 -1.147250436488062 -0.12235057168392899 0.0559617884821726 -0.990907975464166 1.8555327032652158
0.972734899477226 0.18577533310840422 -0.13883206022923217 14.735020942043443 0.17062385008094316 -0.9787024107996836 -0.11414505192273483 -1.1603650181079659 -0.15708060708625848 0.08734481497690319 -0.9837156937723743 2.12638242189752
0.9679447758173375 0.18989703128663077 -0.16438378410429838 14.777203746965673 0.1657992860822578 -0.974726455622582 -0.14972953430787297 -1.1582290199314034 -0.1886624173028053 0.11767520647087579 -0.9749661727872917 2.3968132735597654
0.9624806645151521 0.1951555290977099 -0.1885345854135635 14.827552596284372 0.16067572801359437 -0.9697840873048861 -0.183581410925863 -1.1431982977217858 -0.21866476822243863 0.1464006266134883 -0.9647551894990797 2.668979292169983
0.9569350331516876 0.2009101817405354 -0.20954818348046808 14.872183769453475 0.15543066175828327 -0.9642354381461035 -0.21468891263540912 -1.1099260471340306 -0.24518697296626715 0.17287312890144962 -0.9539382734702818 2.93750624260549
0.9514688976756759 0.20713507019259847 -0.2276005260366107 14.917403174880533 0.15034844837172506 -0.9581774606751309 -0.24349804501550584 -1.059401949527534 -0.26851867873213087 0.19746143053889256 -0.9428184886930703 3.2191020729837687
0.9465063789341204 0.21325330632681633 -0.24217494085412833 14.961730687660872 0.14571678570065194 -0.9520892353312025 -0.26887303013042513 -0.9924566132395445 -0.28791021691160906 0.21920108418328427 -0.9322331208934722 3.4852629889141165
0.9420222379500826 0.2197555296395658 -0.2535776220417567 15.003152791300478 0.1421174522927161 -0.945875005182475 -0.29175864053165707 -0.9009012989906028 -0.3039683091398603 0.23880532189188547 -0.9222663852026526 3.757509975712585
0.9378252704747574 0.22628400997173118 -0.26320962917428015 15.051165978939663 0.13929202184965386 -0.9399018151756855 -0.3117407744881756 -0.7916881862657135 -0.3179331607555024 0.2556953747344004 -0.9129832312980624 4.029741336413274
0.9348339355237765 0.23213752875159993 -0.26869626111694994 15.09232917041374 0.13737482727746564 -0.9342252754554461 -0.329167573631855 -0.6825018848114022 -0.3274349856438901 0.27080491584403765 -0.9052353438366674 4.289172198055213
0.9321597876561625 0.23813132790086378 -0.27271157098478593 15.146258320489986 0.136519363364004 -0.9288366477750287 -0.344419722398028 -0.5626353869041513 -0.33532162725285963 0.2838238052422998 -0.8983337096392832 4.555434471325099
0.9300611231129459 0.24401923605147469 -0.2746651046469885 15.207101273121733 0.1367123847012378 -0.923753791937479 -0.3577550219779313 -0.44438231378038634 -0.34102203908719336 0.2951839160895865 -0.8925079408827852 4.82281444997011
0.9284411330628689 0.24945024816521308 -0.2752664820265082 15.281776185347624 0.1376077514587176 -0.9192319001293346 -0.3688859180330535 -0.33620807293065563 -0.34505241511314216 0.30461005806592545 -0.8877789946544475 5.094599034296181
0.9276844105581387 0.2543002693762229 -0.27337338459070826 15.365855377777638 0.1393981285648813 -0.9151461379753939 -0.37825349687918314 -0.2506191956577072 -0.3463665632823233 0.31279213408252743 -0.8844157872268509 5.356373756182747
0.9272298471102771 0.2587799910246381 -0.2706985904528148 15.464034112148237 0.14173481149104789 -0.9115685297584979 -0.3859456681523035 -0.19258309953731267 -0.3466353326472212 0.319492929185012 -0.8819116817240442 5.607590146553298
0.9272377735722248 0.26282531404171744 -0.2667451322136845 15.570510381258403 0.14482285665282846 -0.9085784652000046 -0.39180545270033995 -0.15907499531314268 -0.34533527397550584 0.3246660235898987 -0.8805313859679198 5.854478866356375
0.9275509476078008 0.26643101091935445 -0.26203769960133927 15.683547540058532 0.148333136087759 -0.9060937627545504 -0.3962213697362508 -0.14554362378294544 -0.3429963853020047 0.32864663320623144 -0.879968675665201 6.089241552032813
0.928040392129781 0.26979999170739866 -0.25680536413846605 15.80200453038643 0.15322339717801045 -0.904934757565471 -0.39700840684694844 -0.1460884875202147 -0.3395049648132295 0.3290912472622299 -0.8811556785509346 6.310574202192583
0.928797692139118 0.2728363609680811 -0.25078908909827713 15.917001729802703 0.15842308626378365 -0.9041025548691183 -0.3968635735587118 -0.15662699070935515 -0.3350178693975986 0.3288751897191825 -0.8829519447690602 6.52224698857988
0.9297328928714821 0.27525902749191145 -0.24460011385326963 16.03090140552335 0.16321058702203328 -0.9034755339156166 -0.3963511875847164 -0.17510936068014166 -0.3300894608992365 0.3285794080585375 -0.8849161092460418 6.722423736250099
0.9306503639120822 0.27749410301321153 -0.23850979632543856 16.143665929087966 0.16777924815322526 -0.9028826499086708 -0.39579419447869035 -0.19638139540558874 -0.32517691191019005 0.3283290168212216 -0.8868258186779199 6.911670309022648
0.9315481673071581 0.27941621484301 -0.23268990280946894 16.255157242187103 0.1719153316123001 -0.9023291000509631 -0.39528130990201427 -0.2176346919910812 -0.32041087800402174 0.3282206180056704 -0.8885989506929816 7.0939517824755915
0.9324946274811675 0.28091345024158093 -0.22702731816266009 16.36035389795087 0.17566367415453643 -0.9019466387234237 -0.39450543022631157 -0.2396673946907841 -0.3155884080591169 0.32799374135627835 -0.8904066836731536 7.268737291795204
0.9332967958907399 0.2821655444154598 -0.22212540675214576 16.459479863513135 0.178829849930744 -0.9015879356018499 -0.3939023726140054 -0.2585150205494621 -0.31141126433356037 0.3279051690991198 -0.8919087534743964 7.434269986984784
0.9340372965994288 0.2830539520064493 -0.21784120091195203 16.552503963119896 0.18142576956016152 -0.9013446714387792 -0.39327150088510393 -0.2740059713755267 -0.307667058198849 0.3278082419989617 -0.8932428212847927 7.592786172840501
0.934529167864808 0.2837099648860588 -0.2148578372651578 16.639367629657617 0.18326322983623886 -0.9011626465333551 -0.39283644571626686 -0.28644967299635427 -0.30507347147842867 0.3277415755093498 -0.8941563826774095 7.741516413514959
0.9348511138320618 0.2841308523610412 -0.21289211752327036 16.716484088128187 0.18539401843177689 -0.9020479512435576 -0.38979295989925 -0.29559842087935173 -0.3027911043882758 0.32492945756562086 -0.8959566924296286 7.883868443588892
0.9350576901106635 0.2841595452113818 -0.21194449516364183 16.787437847041165 0.18685722125738075 -0.903157985957159 -0.38651006618945705 -0.3017435358381647 -0.3012498880147188 0.3218058502685569 -0.89760208316606 8.017847602664817
0.9350180086812085 0.2841313645572088 -0.21215723206312312 16.852616928720227 0.1879303340573052 -0.9044267087584117 -0.38300720362094615 -0.30372805224533445 -0.30070502653420517 0.31824785334591926 -0.8990521624787837 8.14496737856069
0.9350353036836818 0.2836635626922784 -0.21270628591061622 16.909645609007274 0.18858937819085742 -0.9059269852856973 -0.37911784944098026 -0.3043499486262367 -0.3002382841989854 0.31437442728678144 -0.9005696487053945 8.265961330858893
0.9349878464365453 0.28306682445151843 -0.21370751018830522 16.955297671629697 0.18905156292660144 -0.90755046578079 -0.37498221106617863 -0.303469938970962 -0.30009537412456155 0.3102020711665287 -0.902062881108094 8.37846272788548
0.9349058247611068 0.2824310085234968 -0.2149042211129303 16.99886598778985 0.18954826168849762 -0.9093122710782522 -0.37043575712582083 -0.2980739712528518 -0.3000375898427122 0.30558782549524405 -0.9036556454703666 8.48599152489406
0.9348249907187298 0.2816758544814397 -0.21624280272387708 17.03432744457342 0.19006797087706034 -0.9112652249100706 -0.36533526563456153 -0.29189352330790397 -0.29996066937917676 0.30042370557555786 -0.9054110635252073 8.584022132334683
0.9347423025678527 0.28086480707576933 -0.21765060977732117 17.06356523670378 0.19060422669564525 -0.9132904669060287 -0.35995909743236576 -0.28461207624430873 -0.29987806948142093 0.2949838693977337 -0.907225253307709 8.671787149116668
0.9347771007686116 0.28021320569885805 -0.2183399441939075 17.089836244254336 0.19175515622585332 -0.9154238792423166 -0.35387721228379104 -0.27485898658501035 -0.2990346667853541 0.2889285044174738 -0.90944960684782 8.750518844299684
0.9349606914829622 0.2796327003743445 -0.218298094959745 17.11023738525657 0.19336412821682267 -0.9176150010615272 -0.3472650626622294 -0.26473545172241275 -0.29742027385612085 0.28246816229126787 -0.9120048892364254 8.822170701204676
0.9352465000608579 0.27919204412025117 -0.21763682276644183 17.124375386382972 0.19545712500146628 -0.9198563457816367 -0.34008942266912 -0.2529619276003794 -0.2951448735961326 0.27552877458662983 -0.9148625022180727 8.88583138158237
0.9358471880965479 0.2787713616792059 -0.2155842490519799 17.134146740621528 0.19822243728706773 -0.9222079813403016 -0.33202455407427445 -0.2430855287647742 -0.2913724521772078 0.26799061002163427 -0.9183044849354017 8.942052211011546
0.9366931626434256 0.27848881268813097 -0.21224961781970875 17.14129636828785 0.20168580358881766 -0.9246217665434295 -0.32310590441036613 -0.2373516249232613 -0.28623199626839446 0.25984335673952275 -0.9222541267300175 8.98801407717743
0.9376097958792022 0.27877799967422384 -0.20777559425736047 17.146057917188525 0.20614864450275106 -0.9269568620171864 -0.3134544820686559 -0.2306117457653885 -0.27998322635657874 0.251065335832905 -0.9265935409347896 9.023702286688197
0.938734926823086 0.27949844397304124 -0.20163669551722044 17.145447332294786 0.21156106191138074 -0.9291916113657164 -0.3030591797826173 -0.2245107815715936 -0.272063695199092 0.24183376353237482 -0.9313956069095362 9.050641914015312
0.940157531569581 0.2805247801148252 -0.1934157790215717 17.14893536717697 0.2179268925737371 -0.9313948438634302 -0.29156734096563625 -0.2219109291289929 -0.26193832351556984 0.23196873187165917 -0.9367917709436323 9.06441313937946
0.941765354049047 0.2819299175070021 -0.18328540456721606 17.149692432598854 0.22512911866484647 -0.9334904648933505 -0.2791279847711188 -0.22042248000474918 -0.2497897072380336 0.22161018380862252 -0.9425996120253001 9.069533956269032
0.9434879870744665 0.28406050504721087 -0.1707045626762673 17.149693630465766 0.23359202571921472 -0.9353931407370409 -0.26547022014246435 -0.22113441421392438 -0.23508548182855935 0.21059273903536715 -0.9488864602780548 9.074095035944847
0.9451769562799703 0.2870531865117268 -0.1556951811418549 17.149516440141966 0.2433254049837546 -0.9370474014832535 -0.2504693886744936 -0.22096672502960055 -0.21779180105509713 0.19885330142330185 -0.9555229436838399 9.078961447285069
0.9467599929897518 0.29081329111875726 -0.13810555884077272 17.14951439525159 0.2540834183234673 -0.9384004538211382 -0.23419266598538863 -0.2210816761058006 -0.1977046590424897 0.1866339143268415 -0.9623308421826321 9.07941732121588
0.9480091434784302 0.29564165134012393 -0.11779082253799722 17.149511059025638 0.26606228053291775 -0.939361611874317 -0.21635763220766688 -0.2210332437562385 -0.17461250458920852 0.17376931872390375 -0.9691824890655599 9.079504969268553
0.9487744825574272 0.30137133014662654 -0.0948804648678508 17.14950127893455 0.2788479623919021 -0.9399024674257838 -0.19704610018167928 -0.22101673301360997 -0.14856242835175643 0.16049508744063506 -0.9757922585210709 9.07951881794528
0.9488711592656038 0.3078913048512738 -0.06961657497269498 17.149505472074125 0.29205147079904503 -0.939969915354157 -0.1765290249030265 -0.22104575569358387 -0.11978923790584627 0.14717167739099388 -0.9818304516849421 9.079566191639493
0.9480554383537504 0.3152288322775315 -0.042681015789488644 17.14950295927491 0.3054282628953374 -0.9395433690718463 -0.15482840132824927 -0.22104043553546857 -0.08890704152436583 0.13374991937967173 -0.9870189952748206 9.07958060630344
0.9462585198303382 0.323106969147227 -0.01402498260215999 17.14955909625594 0.31854656222430516 -0.9386416665189745 -0.13221160905744808 -0.22074855846065372 -0.055882925331221175 0.12063875149791438 -0.9911222882638904 9.078863573222455
0.9433430663938014 0.3314461482892946 0.015726088863123534 17.147868130241406 0.3311302695858151 -0.937275135581302 -0.10894064799273656 -0.22080929684131362 -0.021368286097984694 0.10797578897717242 -0.9939238528901457 9.086699879239658
