0.9999994723426749 -0.0009900091835006698 -0.00027421923492694815 -0.0067915738800170215 -0.000989376921345508 -0.9999968740659734 0.002296299542649047 0.004061572760489022 -0.00027649173537100185 -0.0022960270248073462 -0.9999973259025355 0.0020804462694817656
0.9919448521973102 0.0075818267723310115 0.12644337112735762 0.06596565783221296 0.0026028336062309736 -0.999216335313265 0.03949608208856985 0.12073008677665237 0.1266437343751147 -0.03884882425406383 -0.9911872342789743 0.11725673069144553
0.9915368658263676 -0.0029932134451058356 0.12979092564773603 0.03506859336965082 -0.011490161807853368 -0.9978342511067365 0.06476714830751801 0.19210732284175375 0.12931596919504357 -0.06571033397823148 -0.9894238384633837 0.18262644023262353
0.9883481360976564 -0.02703582676330475 0.14978993939351648 -0.2707082548009968 -0.034646395907459146 -0.9982253361303136 0.04843351688806362 0.033731732359670294 0.14821467242790898 -0.05305885768415412 -0.9875308443275789 0.47984489069566544
0.9833064950361875 -0.04823594120174914 0.17544694581562226 -0.5019502337934403 -0.056458065073336 -0.9975137653805112 0.04217552328744163 -0.10548597239018104 0.17297636748360584 -0.05137686106386778 -0.9835850722939022 0.7913709998821596
0.9809619698268601 -0.0637464951861887 0.1834393581129295 -0.5773775040893188 -0.07381263564104475 -0.9960885197453118 0.04857319889935435 -0.11808414973242623 0.17962546749592256 -0.06118860337571931 -0.9818302532738539 0.8929534236114927
0.9753797348036625 -0.07490780634676944 0.20742033044678077 -0.7316755852282257 -0.08505050911869158 -0.9955569086609696 0.04040856983444084 -0.13792193337701478 0.2034718256491257 -0.057054904834978146 -0.9774169806184477 0.9765512253443701
0.976280784471475 -0.08886171837881242 0.19743207662010298 -0.7948763563898983 -0.09726899761552384 -0.994701482082954 0.03328218209262256 -0.21586830424485481 0.19342846733258473 -0.05169677503229674 -0.979751433515985 0.9669020798544112
0.9795760620111096 -0.09072603482613573 0.17944226185470766 -0.7059036170656074 -0.10228191377442106 -0.9931659271746902 0.05621255388149413 -0.10868513811599033 0.1731159982481358 -0.07341817012133163 -0.9821612003365774 0.7812837595130664
0.983609367366775 -0.09426252296388941 0.1537113827691876 -0.684468612989419 -0.10654211806108081 -0.9915734823575393 0.07369400358510923 -0.016145953878217795 0.14546954838519366 -0.08886284853540087 -0.985363894529723 0.5536709785312287
0.9863294753133074 -0.10320444264014023 0.12846403834347497 -0.7237417797879735 -0.11537900299427364 -0.9891232148574238 0.09123021154289934 0.0879494726396362 0.11765139946563831 -0.10480509934851823 -0.9875090072269337 0.3134402586897271
0.9886551023934139 -0.11026802458820613 0.10199044692952071 -0.5622203981297447 -0.121795764225416 -0.985903116207591 0.11472069241818787 0.16905057741405252 0.08790267531887462 -0.12584120233681956 -0.9881483246285491 0.10070458512539411
0.9881853026591811 -0.13095808559664146 0.07962278207426271 -0.4726575948869759 -0.1406427474403848 -0.9812821042493698 0.131548658192888 0.25688164858564594 0.06090505070027396 -0.1411928174405195 -0.9881068581395462 -0.11226778840397321
0.9868489578988816 -0.1478739038506161 0.06528738663685814 -0.4307135656962489 -0.15621158462377888 -0.9762685526866887 0.14999217934401368 0.33052408573665154 0.041558093354000694 -0.15821827200111097 -0.9865292206933168 -0.28728201329332687
0.9943634864331461 -0.06295633156506489 0.08530977179894417 -0.2537106628522895 -0.08126223324867027 -0.9693570546084 0.23182612046179354 0.8393117234276468 0.06810070701510393 -0.2374518919629762 -0.9690092325190953 -0.1463604638263162
0.9937977054614149 -0.025418440320956994 0.10825905740988627 -0.28225920046371833 -0.05449721701139289 -0.9599300962851156 0.2748895479716572 1.1630607305404796 0.09693386383323556 -0.2790844193746739 -0.9553615613497652 -0.024585815157512764
0.9821141900380016 -0.03593663103866053 0.1848249882337115 -0.6373080094698148 -0.08872770692444344 -0.9541246093126744 0.2859608783170645 1.3408561919452537 0.1660695991141379 -0.2972453337792338 -0.9402478927370918 0.06910389588120783
0.9678007983160891 -0.07053701806738628 0.24163224921541787 -0.9308056648946285 -0.14123979811985538 -0.9467528092255227 0.28932756116665354 1.4521669646607311 0.20835770733477343 -0.31413953477036655 -0.9262307587682751 0.21211772584128144
0.9763410758175092 -0.1456519436313602 0.15982369970663488 -0.7609603418562362 -0.18688127880459526 -0.9401910921455684 0.2848088795709903 1.4003607620120573 0.10878185190494163 -0.3079386652671775 -0.9451668038656463 0.16594489236365845
0.9713157953584249 -0.21645664505341283 0.09844869983626775 -0.9478081501970925 -0.23615189490708816 -0.9266187999757881 0.2925916643775455 1.4324106961480272 0.027891006059701302 -0.3074477522175946 -0.9511561235871461 -0.040879423156371525
0.9556647321074004 -0.2896288878912411 0.05310392739689081 -1.0373596268519054 -0.29166534405163147 -0.9063086333233173 0.30583653843657177 1.4367409131283226 -0.040450548640714304 -0.30776576882834794 -0.9506019065056422 -0.2141156643228722
0.9284557920147107 -0.3713095619311826 0.00995246164571599 -1.1092177044467928 -0.3534650538081676 -0.8749663840904058 0.33090222490661725 1.4091774283122316 -0.11415909079317914 -0.31074593469623 -0.943612561414398 -0.3869590312453625
0.8912354120834507 -0.45290803462993356 -0.023953129567817366 -1.2129730619183319 -0.4130313705079428 -0.8323166100408843 0.36966761776815255 1.4314394119845546 -0.1873620218314593 -0.31956747772215705 -0.9288552631909486 -0.6062336172183378
0.8466876195175825 -0.530412457898837 -0.042222025784704006 -1.389813982447042 -0.4667024412405696 -0.7784089602939326 0.419843211061239 1.5227489046079707 -0.2555560727037069 -0.33577092643621476 -0.9066140185682241 -0.8697081945562333
0.810773813346174 -0.5800953229882498 -0.07832777182622996 -1.7088531202504251 -0.5165519858734561 -0.7719800821427244 0.37043325804401206 1.702392229880523 -0.2753540801991004 -0.25987721912870887 -0.9255506261116334 -0.880054518068925
0.7772531239856951 -0.6187314089239767 -0.11423232846015334 -2.034703891857876 -0.5609132223369749 -0.7636484633851487 0.31971453106959785 1.8393451633853153 -0.2850507643596644 -0.18442469460582617 -0.9406027821336268 -0.9658213555191433
0.7328457407807141 -0.6586027928823086 -0.17082002642310407 -2.1465986622810025 -0.602495380926724 -0.7448048704389161 0.2868187945941336 1.92527076798979 -0.3161272468192658 -0.10727565510446814 -0.9426322175909216 -0.8604810824057771
0.7242488707613617 -0.6673280481322358 -0.17359968138482595 -2.2904724995885792 -0.6101413510550057 -0.7375001480513093 0.2895186753165834 2.0035919079670537 -0.32123372321981536 -0.10376322951950456 -0.9412980862967999 -0.7770836311930305
0.7190004054962776 -0.6725915328495471 -0.17509724965083087 -2.3975245734077397 -0.6136849271571037 -0.732647590405538 0.2943099020643711 2.0792969193565938 -0.3262349262055936 -0.10415439602847319 -0.9395332004307114 -0.7262160480446903
0.7181121724656929 -0.6738098387735989 -0.17405518931792874 -2.4853313766525886 -0.6122627190917751 -0.7305971409446217 0.3022617747150488 2.140007362018676 -0.33083118137042244 -0.1104903562101308 -0.9371993441192805 -0.7096953427751045
0.7156943636166179 -0.6765565812183795 -0.17335734855350965 -2.557326612007901 -0.6151971952995904 -0.7281943721139087 0.302101584433363 2.2345458203994104 -0.3306266607261466 -0.109563446603915 -0.9373803189662929 -0.6665438221949633
0.7155132040855282 -0.6764661204874538 -0.17445470074467806 -2.613980894932087 -0.6137765324659585 -0.7279849324440247 0.30547717808133074 2.3082709999490834 -0.3336453550902898 -0.11149675316852344 -0.9360818613024996 -0.6389393006200419
0.7158398540154118 -0.6754309003509018 -0.17710562457009654 -2.6591116493424347 -0.6117026165820061 -0.7289095142869335 0.30742613559799076 2.376020027356213 -0.33673908634122235 -0.11173190606606948 -0.93494532936259 -0.608110496105727
0.716772150417365 -0.6735809710788597 -0.18035065784888876 -2.695413632612574 -0.6090233906575421 -0.7306839481071365 0.30853116149030824 2.4386972580663864 -0.3396000500854756 -0.111308774941727 -0.9339604716490495 -0.575583859822933
0.7183101558078077 -0.6712075251472809 -0.18306004001153642 -2.7238694526524654 -0.6059178663596334 -0.7328507575234778 0.3095049376398609 2.493602987435482 -0.3418977322088472 -0.11140119111987501 -0.9331107733423297 -0.5421525364945561
0.7206214787647206 -0.667709349148915 -0.18673218630455707 -2.748070269558017 -0.6021884126925605 -0.7362463647647658 0.3087238345017796 2.543058774652716 -0.34361868395324763 -0.11002506727923457 -0.9326417772159031 -0.5119518161058929
0.723010783245791 -0.6638585931056008 -0.19117315624888465 -2.7671248969359343 -0.597620776184233 -0.7398500145905007 0.3089844070230583 2.5854068004567226 -0.3465614161779451 -0.10915000810942954 -0.9316552262218298 -0.4832551906066933
0.7263869575667756 -0.6588457680702916 -0.1956635933758523 -2.782926465586168 -0.5925997084768003 -0.7445963154920765 0.3072489421769183 2.62203959303967 -0.3481200560009359 -0.10723143592944856 -0.9312968623153488 -0.45794359701815646
0.7298127286380625 -0.6533985822842969 -0.2011061256817821 -2.7958365954636655 -0.5871478816897098 -0.7497457684451811 0.305186250879412 2.652018550739971 -0.35018673039558845 -0.10464977480824106 -0.9308155985411031 -0.4368329071867649
0.7345769179802393 -0.6465933677759342 -0.20570310721724328 -2.8056994154914667 -0.5806620320618604 -0.7558879135764103 0.30243192065470315 2.6750859152141135 -0.35103896662969525 -0.10271552393517289 -0.9307100327439686 -0.4207550883492147
0.7403882246682102 -0.6374363679197659 -0.2133076501814063 -2.8223930196858005 -0.5711614500289748 -0.763915317965956 0.3003464415933236 2.693232913053853 -0.35440072625977415 -0.10053986189680979 -0.9296729862679217 -0.4023905200540806
0.7456744991620712 -0.6302872767025491 -0.2161191572403498 -2.8174818091445544 -0.5656741155005831 -0.7702300549636159 0.29454788657089187 2.7021821626501015 -0.35211125564518364 -0.09738383468333 -0.9308781082345543 -0.3984168749742869
0.7523999294773205 -0.6203562819881424 -0.2214778307650043 -2.8197449645761896 -0.5567474850729851 -0.7786055427450085 0.28949204941009604 2.7065219996353758 -0.35203207806594805 -0.09450657228256491 -0.931204555298121 -0.39498860872122643
0.7591947344387003 -0.6097395428603855 -0.2276862865281071 -2.819644265035147 -0.5474700627773351 -0.7874310513030617 0.28324701199895425 2.706409766913948 -0.35199415558093 -0.09038821447602036 -0.9316276536904134 -0.3953178321224322
0.766607698692341 -0.5980905970229132 -0.23366701534108023 -2.820298218298634 -0.5370088482427989 -0.7966765463577808 0.27735893241859294 2.7066771736093256 -0.3520428002595364 -0.08714423811253612 -0.9319183164576229 -0.39478067021539276
0.7743198280964098 -0.5857438937514459 -0.23944288410734146 -2.8214575195304312 -0.5264086127117733 -0.8062363128559055 0.2699573675515845 2.707475136663205 -0.3511734276388421 -0.08298854598925062 -0.9326253936897587 -0.3935298397633474
0.7819649116442624 -0.5731453892617313 -0.24502089650721526 -2.82384850089595 -0.5154723875086824 -0.8156189189085084 0.2627812718490708 2.709226398625093 -0.3504555530638369 -0.07918422751113352 -0.9332259980520183 -0.39118123310801795
0.7894143934514054 -0.5601089906168709 -0.2512027747496029 -2.8271571100468513 -0.5043017760728988 -0.8250615500562487 0.2548590929680556 2.7121693455217857 -0.35000662002520694 -0.07450743083028788 -0.9337794218602166 -0.3869879076237287
0.7962666632488851 -0.5473547983462013 -0.25760847370743895 -2.831500747579171 -0.4934909024025611 -0.8340243146757553 0.24671881115055444 2.7159025692219405 -0.3498944558640403 -0.0693265263591533 -0.9342203714855404 -0.3823877012878835
0.8028696578171706 -0.5343093049648624 -0.2644123279737637 -2.836229910849553 -0.48238544775440695 -0.8428682080062295 0.23848996567392025 2.7208296488590573 -0.3502921528543279 -0.06392769791203998 -0.9344563430617545 -0.3762132385520321
0.8087241917406207 -0.5215613109493649 -0.27191723118305594 -2.842343708655494 -0.4714287837664804 -0.8512189226469387 0.23061059725052102 2.7273361970861076 -0.35173865799757714 -0.0583107592864725 -0.9342803496924776 -0.36722706741190503
0.8148094764674036 -0.5082415167128902 -0.278883627608895 -2.849177258826405 -0.46002376870326567 -0.8595834030247267 0.22247360623785134 2.7344698476200024 -0.35279406073084646 -0.052980505224196936 -0.9341998805283742 -0.3578323833812489
0.8206608018840721 -0.4948277552841969 -0.28576448493715056 -2.856554217179068 -0.44849714547994407 -0.8676735559657512 0.21445957841535182 2.7423162917660164 -0.3540708386006025 -0.04783401382020416 -0.9339945119616683 -0.3485661921268454
0.825630036404736 -0.48195093359089536 -0.29335701900104405 -2.865017294868684 -0.4373835326108616 -0.8751694731563595 0.20681885469188638 2.75146795301441 -0.35641364786881824 -0.042446329241579636 -0.9333636058614871 -0.3375640372609589
0.8299450338904104 -0.46965973861342536 -0.3010165620795887 -2.8737375182903575 -0.4267980322427165 -0.8820676148675628 0.19949978064046647 2.7613010261353903 -0.35921397577821357 -0.03710057583674542 -0.9325174887787313 -0.3263823301229148
0.8331872835509091 -0.4580397797004394 -0.309836264405944 -2.88315008023432 -0.41634343833429677 -0.8883424920417999 0.19366403431959306 2.772063530744923 -0.363946550862943 -0.03236011503282679 -0.9308575245815172 -0.31484165829122546
0.8360508976842532 -0.4465808716052123 -0.3187231111759596 -2.893407778760549 -0.40599586561681233 -0.8943096758126984 0.18808923640081499 2.7839970964724703 -0.36903421736122183 -0.027851909523679844 -0.9289983948061887 -0.3027262198752662
0.8386068261196915 -0.4351451024314678 -0.32770006258065576 -2.9046807706481976 -0.3956397738941126 -0.900052223186075 0.18268871024455763 2.7974575032297637 -0.3744432673963758 -0.023552820801591226 -0.9269506481651626 -0.2897232812072266
0.8396446455123333 -0.4252427064471758 -0.33788387039920903 -2.9175336862179315 -0.38637875201434263 -0.9048700161632025 0.17866648773803345 2.811813854000737 -0.38171760406655014 -0.019465211591112502 -0.9240740101763526 -0.27515393295255214
0.8393068539973457 -0.41662506974029195 -0.3492671700818376 -2.9317357673731297 -0.378288961589933 -0.9089558548805864 0.1752047813774288 2.8279119817444434 -0.3904631434236637 -0.014926658775469628 -0.9204975439866813 -0.2602109217015369
0.8380026547662628 -0.40880794310615676 -0.36142442675891356 -2.946847437066693 -0.3706269585907118 -0.9125553662777065 0.17285358267493378 2.8451875438155225 -0.4004837177345601 -0.010898125117406579 -0.9162390641630768 -0.24348035359659945
0.8354565952482963 -0.4025076477642408 -0.37416556622359337 -2.96361470775371 -0.36402396518791286 -0.9153865467595691 0.17191283483341369 2.86362883642588 -0.41170235635103375 -0.007420478615913467 -0.9112881576494437 -0.22600742866230988
0.8313806841567003 -0.3981796725336918 -0.3876326952052662 -2.982105729370265 -0.3592374371429624 -0.917300529025168 0.17177951916658468 2.882475170006798 -0.4239747890689881 -0.0035619981904652515 -0.9056669864816748 -0.20808022484441632
0.8259409764252826 -0.39608754923838435 -0.4011684892909482 -3.0029922469189962 -0.3564272117617962 -0.9182127004735375 0.17275728466494733 2.901233018809637 -0.4367850113927478 0.00030004570391758967 -0.8995658751838095 -0.18989497818162687
0.8193401694549372 -0.39526249749909775 -0.4152700865561245 -3.0258002961614325 -0.3546401720093773 -0.9185584931023931 0.17458706466007343 2.9204612115090427 -0.45045758414607107 0.004225259783388335 -0.8927878314947224 -0.17091798463690902
0.8119866870413913 -0.3953074499821288 -0.4294294354794191 -3.051328353316919 -0.35343533796141985 -0.9185152299385818 0.17723779013227273 2.9408743297356987 -0.46450089552943036 0.00786081163120872 -0.8855377607379914 -0.15051273191874998
0.803571205428534 -0.39644579284869336 -0.44396402009476377 -3.079900666561471 -0.3532888821433677 -0.9179799354490064 0.18027701979711036 2.9622638478093375 -0.47902012855413767 0.011982130261727078 -0.8777221342739219 -0.12779290000110638
0.794559630651692 -0.39882264672357576 -0.45783784225318136 -3.1106283676793276 -0.35403259513766033 -0.9168944529386824 0.18429727005674296 2.985313937735835 -0.4932909029353173 0.015654348618719727 -0.8697235344927623 -0.10449387568395829
0.7844421414822019 -0.40216904694537403 -0.4721340745443684 -3.1445134073341414 -0.3556627321184527 -0.9153505597560702 0.1887786368641517 3.0082513800631676 -0.5080891138854043 0.01983457671086114 -0.8610760953120496 -0.07927233950496043
0.7738984558719421 -0.4068583977633942 -0.4853322822236619 -3.1837846213509566 -0.35889488832312705 -0.9131586729533546 0.1932244734644112 3.0316289501599445 -0.5218003824591878 0.024647153577492642 -0.8527114861932924 -0.05270151105399867
0.762569486467048 -0.4128254504697627 -0.4980591588896048 -3.2282270062508887 -0.3631481395782761 -0.9103332332392744 0.19853673005508693 3.055438714347006 -0.5353608194761922 0.02947120466772639 -0.8441091404938188 -0.023233844638560153
0.7508522345763813 -0.4190536127304403 -0.5105046439448138 -3.2723397986375655 -0.3677521981540133 -0.9072997659356667 0.20387607874877264 3.079192218474647 -0.5486157513091894 0.03465839567335094 -0.8353559439094229 0.00572516075608176
0.7392836006898761 -0.4245282975054668 -0.5227193150899649 -3.3171523614625213 -0.3719118223594418 -0.9045226994686323 0.20861515413616902 3.102448758168773 -0.561374522168838 0.04017973074932757 -0.8265858909373066 0.03545217223833019
0.7277476435397594 -0.42965149651648415 -0.5345867178143068 -3.362120323028476 -0.3753874370898098 -0.9018691013742866 0.21381392859559242 3.1269604587433752 -0.573992717198983 0.0450745552111452 -0.8176188874255816 0.0659383570440335
0.7164137929512928 -0.4340036404831483 -0.5462527961635679 -3.4095961014434883 -0.37831687431932803 -0.8995162858914931 0.21851039797050273 3.1512115314946794 -0.5861975945655151 0.050112787423449684 -0.808616774907778 0.09867891350053992
0.705591814923157 -0.4390911645773885 -0.5561826497685076 -3.4596218034763964 -0.3815757681998897 -0.8968045123964312 0.22392320037920016 3.1741562213011587 -0.5971098088594005 0.0542274444859069 -0.8003244719664759 0.13513663621152694
0.6946707481681318 -0.44377183701179157 -0.5661264066573013 -3.5098729537381006 -0.38493960980459563 -0.8941867322619634 0.22858605523994144 3.196694926100409 -0.6076627752652073 0.05913243206440735 -0.7919907240840227 0.17154045988291933
0.6840479481939611 -0.44857837771689046 -0.57520069855357 -3.5608197144931855 -0.38838967133349755 -0.8914641348607256 0.23333486550122787 3.2163814732515292 -0.6174397685386728 0.06378977427379043 -0.7840274210287604 0.20996347802421678
0.6737730023616277 -0.4541103173189478 -0.5829354689784136 -3.607749068313174 -0.39125379310219666 -0.8884647698799835 0.2398975240915416 3.2429873612692703 -0.6268575680900264 0.0664392383053333 -0.7762959596324495 0.25091801264117897
0.66294990708911 -0.4554045104249285 -0.5942256747862483 -3.6345990348961585 -0.3916248288054475 -0.887408943719841 0.2431776306923405 3.260748357383141 -0.6380653682450136 0.07149894048632904 -0.7666553902215049 0.29430968437287697
0.6521435871171436 -0.45882186637907213 -0.6034825902330654 -3.6677470193471255 -0.39382794709166374 -0.8852471994493373 0.24746099481872183 3.283538744620042 -0.6477717884190008 0.07628820878438972 -0.7580051578511317 0.342440013849437
0.6414382317331959 -0.46158691399909535 -0.6127760730444549 -3.685887676895855 -0.39609376043417466 -0.8833084846943324 0.25075058088091784 3.3101392517696753 -0.6570134913501442 0.08187576986993697 -0.7494195290303687 0.39695709200962903
0.6320807123980908 -0.46407854459521675 -0.6205683503536961 -3.7182025509169954 -0.3984768144676423 -0.881496289877257 0.25333874410431434 3.330167050218303 -0.6645977741055431 0.08715156555688795 -0.742101342994972 0.4450993599286617
0.6237074918209227 -0.46662919204975073 -0.6270934234812628 -3.7419835104062704 -0.40091442782041264 -0.8796708054299502 0.25582590885141787 3.3532396320294082 -0.6710116140663176 0.09185026511240839 -0.7357356472177323 0.4971910521940197
0.6160192926259279 -0.46976839934986975 -0.6323273535795466 -3.7657908092125694 -0.404186688175362 -0.8774933230799719 0.2581445119538688 3.3755384204933665 -0.6761311649484028 0.0965562992369204 -0.7304269497103638 0.5494464800085153
0.6090134881893952 -0.47330714474483887 -0.6364612462176106 -3.7909640588414635 -0.40832467657045673 -0.8750258708883978 0.26000131495750817 3.397230744903634 -0.6799805362707213 0.10153852475533402 -0.7261655446821289 0.6023633624267446
0.601084618021487 -0.4783579666878955 -0.6402116350740474 -3.8132258217012294 -0.4140886271013529 -0.8715789563351282 0.26245138936398343 3.4263194522985243 -0.6835407017020125 0.10734886389706616 -0.7219752977330522 0.6565701995288011
0.5971593823249375 -0.48094556661504345 -0.6419439493091545 -3.8432496634407345 -0.41781004088072266 -0.8696673517083429 0.26289440296789673 3.4401633280622677 -0.6847155919362056 0.11122076841099798 -0.7202739054231517 0.7094952099232068
0.592450434754947 -0.48545868440958884 -0.6429092844950877 -3.8715443257473225 -0.4229559585420254 -0.8666450248123189 0.2646406206572452 3.460954018984121 -0.6856462203589186 0.11513586191698355 -0.7187718649252784 0.7621555995059577
0.5880046784356825 -0.49040321489377053 -0.6432380468843583 -3.8980043170752148 -0.42975594849695214 -0.8631245007890473 0.26519034837101996 3.48188613280057 -0.6852447175055306 0.12050221142996609 -0.7182749432990498 0.8165359548357254
0.584369367447779 -0.4952944863479569 -0.6428030912977909 -3.9241532215880572 -0.43707355340603604 -0.859519909006774 0.26493817190810354 3.5015985926518547 -0.6837244703107412 0.12613047932320062 -0.7187572266655802 0.8706319479204554
0.581488007685927 -0.5020767789989717 -0.6401488927643856 -3.9485531189559313 -0.4450955963425811 -0.8549815122211091 0.2662640116060514 3.5282675238091668 -0.6810004456928741 0.13009812354574185 -0.7206336595080634 0.9209817004970082
0.5849586227387741 -0.5025772430875374 -0.6365842634043725 -4.016266351648896 -0.44712219701990097 -0.8546614240572213 0.2638855645172349 3.6167104765873184 -0.6766868925992685 0.13026881806101273 -0.724655010625976 1.013302596136323
0.5889308228877337 -0.504366560894656 -0.6314862295442979 -4.075580522641838 -0.44996571113682926 -0.8536884925930639 0.26219614111445144 3.708767568960641 -0.6713354933666952 0.12973176120549276 -0.7297111246792232 1.0958149334355527
0.5938658443929296 -0.506055167842277 -0.6254850325656066 -4.1345703497479205 -0.45289790176378175 -0.8528162964687093 0.259976643288121 3.800434839374028 -0.6649863528234524 0.1288896100448745 -0.7356497937069265 1.1776171270288884
0.5996119275876144 -0.5074760198162919 -0.6188163100679233 -4.189352428305286 -0.45577438228330247 -0.8521309967885078 0.2571817971134397 3.8931360379118725 -0.6578261538954951 0.12783134836040397 -0.7422424789968718 1.2566798206082646
0.6057497021294916 -0.509773563306368 -0.61089951098684 -4.253507713825781 -0.4599308489175527 -0.8508628657556049 0.2539606227196225 3.983050926754115 -0.6492541201902466 0.12713495912646364 -0.7498705152117272 1.3432677288908024
0.6131834942289056 -0.5116125070024018 -0.6018792612176856 -4.304398605909931 -0.463784683580599 -0.8499485741922703 0.2499823763879575 4.08286332713532 -0.6394605301981299 0.12585731566835578 -0.7584524813140783 1.421955131525217
0.6199464755811996 -0.5137724229412575 -0.5930465958417758 -4.370413530632549 -0.4685773448837703 -0.8486587141767274 0.24538471572936157 4.166942385923944 -0.6293660614269926 0.12576280959398542 -0.7668650966414507 1.5099374705155553
0.6278053654183399 -0.5159812716191577 -0.5827724688849175 -4.431212772935003 -0.4732987609315074 -0.8474498106502822 0.2404518690497139 4.259474827508659 -0.6179390795641954 0.12486851391394846 -0.7762468345702142 1.5954075521088042
0.6359291071516618 -0.5183223396710703 -0.5717832831372373 -4.49097903688626 -0.47844632362290596 -0.8461189386049165 0.2348869028826752 4.351238937087686 -0.6055437937003533 0.12419619129424755 -0.786061079038383 1.6813424747040884
0.6441588922484128 -0.5210486505486761 -0.5599710932706273 -4.552060416262406 -0.48411226769150806 -0.8445271464953675 0.22893058140619338 4.444542563884598 -0.592194760030755 0.12362120608453775 -0.7962557149548887 1.7671483437954398
0.6528939193697206 -0.5237474017664145 -0.547191181574571 -4.612047152698283 -0.48988542524847634 -0.8429608539509966 0.2223269413168959 4.532479846438695 -0.5777039035519534 0.12290507658000488 -0.8069402344484372 1.8540876370305996
0.6614897259016489 -0.5266682583268091 -0.5339025081394233 -4.672761736211697 -0.4960357212781628 -0.8412037976384156 0.21523181469002367 4.624093018192725 -0.5624765823948712 0.12246108161254077 -0.8176939389207142 1.9414487852055307
0.6699744784676542 -0.5293727593148867 -0.5204792790278375 -4.734986859593793 -0.5022086687598661 -0.8395077083510494 0.2073963853147216 4.716763786913002 -0.546736363546854 0.12243892075035799 -0.8283043278053361 2.0249248221681078
0.6784648910006623 -0.5328586362251849 -0.50571441098677 -4.79380901182837 -0.5087047177298735 -0.8374154690385567 0.19988707405508793 4.805458995544376 -0.5300046243560801 0.12164294478172749 -0.8392246970543706 2.1167099358243964
0.686870665811852 -0.5358400686081813 -0.4910031663046209 -4.853701613283034 -0.5148550516942071 -0.835581171123263 0.19164650325333893 4.8960456101008845 -0.5129648761778325 0.1211590992796508 -0.8498161615723752 2.2035768817863866
0.6954994790844113 -0.5391251102186276 -0.4749995685525039 -4.903022211050176 -0.5213130410566296 -0.8335610076948103 0.1827806326586629 4.988937819453132 -0.49448274774515744 0.12049963478187364 -0.8607941973548812 2.285227851935662
0.702787443541658 -0.5418949030095401 -0.4609118389588865 -4.972515698701372 -0.5271808872136976 -0.8317386025670391 0.17404369898507654 5.079839145626051 -0.477671562223208 0.1206681859153869 -0.8702120819381504 2.378025626576986
0.7099722925328532 -0.5450967626042572 -0.44587987534088486 -5.0301882929623964 -0.5332762665065321 -0.8296642386025458 0.16514743341908877 5.172917338702843 -0.4599519185920406 0.12052705332171781 -0.8797257879595691 2.4644406510281627
0.7167934802046778 -0.5479429239088063 -0.4312373579298699 -5.089108805230357 -0.5389621727277911 -0.8277700248611801 0.1559376872659723 5.26735398161889 -0.4424103108027719 0.12064550584082989 -0.8886606657300669 2.5489034378372857
0.7233643642022012 -0.5508275444846176 -0.41633281499227476 -5.151752929946308 -0.5442544937565161 -0.8259214385988305 0.14710820265599237 5.362681309784762 -0.424889447536866 0.12017817397466532 -0.897232502683631 2.6281412117082583
0.7294363257692525 -0.5533991573196133 -0.40208459225167464 -5.225229980755694 -0.5494373438377098 -0.8241386558548126 0.13752847386045364 5.4572170625413845 -0.407481596940053 0.12060202570340667 -0.90521483613086 2.6973177572277516
0.7350310785578157 -0.5557617142313133 -0.3884047251885673 -5.336887447512479 -0.5540162977640187 -0.8225285654068909 0.1285017544686942 5.521956555669468 -0.3908903367518627 0.12072976469932521 -0.9124851059330564 2.7041412553699935
0.7399469538206981 -0.5581942875868845 -0.37536334775366714 -5.417401869099536 -0.5584679541233523 -0.8208370180256258 0.1197502987723869 5.479765217240161 -0.37495606375780516 0.12101953207713677 -0.9191094728633168 2.6042786936481868
0.7442179740664421 -0.560396411063355 -0.3634494043794159 -5.4664555501746905 -0.5626215266897117 -0.8192175005777169 0.11108422233844552 5.412881344588093 -0.3599953121663935 0.1218135838669492 -0.9249674729436226 2.496017610865679
0.7480057157833057 -0.5625666090417455 -0.35214522508018814 -5.505058464427957 -0.5664083102461849 -0.8176503222623744 0.10309983796445553 5.338252989295963 -0.34593218300638934 0.12233871380518636 -0.9302495169925792 2.386345085945214
0.751339460213579 -0.5644374874354149 -0.34190545228697894 -5.537606993721105 -0.5698164476857152 -0.8162273291808022 0.09530038323746222 5.262075572527548 -0.3328636830187403 0.12322041176676203 -0.9348895649493738 2.2796779812905603
0.7543216203184281 -0.5660258451783455 -0.33258628310608507 -5.564597050158052 -0.572673415719573 -0.8150220187805536 0.08822849783912304 5.1851055550750225 -0.3210047539340476 0.1239106593195704 -0.9389366839455849 2.175464808753276
0.7567052212277627 -0.5673713511434992 -0.32478755836429946 -5.589547967409814 -0.5752053703617794 -0.8139193253965404 0.08169524865626604 5.1101557669558675 -0.31070241401316984 0.12500032659013804 -0.9422520513528998 2.07455897051027
0.7585877254999417 -0.568405595362923 -0.31852745859807163 -5.610535903907194 -0.5773809888557886 -0.8129622030705873 0.07565480874689251 5.034765169904541 -0.3019534010882091 0.12652088973263756 -0.9448897332665463 1.9767392265575092
0.7599426433495287 -0.5691350630841493 -0.313962511754402 -5.629316178973177 -0.5791113327468688 -0.8121890471387343 0.0705621427680656 4.961414364651132 -0.2951563028347471 0.12819606731907554 -0.9468096562777792 1.8818722495160076
0.7609548718256707 -0.5694914647795387 -0.3108490865163234 -5.646098929240184 -0.5803874554256591 -0.811645640559058 0.06619483171672379 4.889045003110358 -0.2899966976179314 0.13004163066007812 -0.94815140650951 1.7893424676769834
0.7615220355600838 -0.5695347298686502 -0.30937740840253725 -5.659384321171902 -0.581367646799682 -0.811244097639799 0.06240731767339925 4.817828860767107 -0.28652373132260234 0.13233746830747548 -0.9488893222451926 1.700383659449011
0.7619140943675031 -0.5691317643280452 -0.309153598777362 -5.672834924391439 -0.5818594011166022 -0.8111293898648868 0.059234704605033904 4.7489026171987625 -0.28447592189212917 0.13475217152336716 -0.9491655820421221 1.61353440201037
0.7619042417312583 -0.5685425723767225 -0.3102600035892095 -5.6841397347230345 -0.5821239598978089 -0.81111227357172 0.05682055063275732 4.681485612694307 -0.28396059893022335 0.13731796334265545 -0.9489521353570023 1.5298412658226974
0.7618454465586069 -0.5674741641861197 -0.3123533072326625 -5.693615944038372 -0.5818563226632049 -0.8114294693691562 0.055003963640292024 4.615880333658397 -0.28466600663719877 0.13984022747605557 -0.9483722768220695 1.4492576730579338
0.7614449562252983 -0.5661380846137848 -0.31573604132073496 -5.701909988923893 -0.5813595383474842 -0.8118720631584209 0.053710708758026755 4.552179813446212 -0.28674494906005554 0.14265841094279924 -0.9473256631042051 1.371362105208305
0.7610016406400794 -0.5644520976475613 -0.319797330202076 -5.709954216632708 -0.5805042648410625 -0.8125449893379956 0.05277725649419946 4.490357964836558 -0.2896399513955995 0.14548013528652257 -0.9460149199629836 1.2956620027298043
0.7605274935023811 -0.5622866497890147 -0.32470241005577904 -5.715306405536246 -0.5791536166929654 -0.8135394198462669 0.05229436516162388 4.430264868874826 -0.293562633689036 0.14828127267205865 -0.9443694426845415 1.223430448958408
0.7598824574514477 -0.5598809161545619 -0.3303210719640478 -5.7199360390546525 -0.5775300149560207 -0.8146924457223438 0.05230010236935294 4.371591038832308 -0.29839191122154707 0.15102840331829914 -0.9424185316029593 1.1537276947125341
0.7592638838188085 -0.5570091068245615 -0.33654005652059216 -5.725091880689584 -0.5755021071446318 -0.8161209416733682 0.05238256612904278 4.315500517693408 -0.30383495421111084 0.1539073210626417 -0.9402110705170693 1.0866484744727272
0.758645608838505 -0.5537056442955617 -0.34331749105644394 -5.729503795227904 -0.573057989228235 -0.8178202907904599 0.052673645716810776 4.261612044617169 -0.30993770530825493 0.15678020106711466 -0.9377412155715505 1.0220219927718324
0.7580078907019427 -0.5500731267149152 -0.3504905032945527 -5.731030148244222 -0.5702458993171334 -0.8197453382804398 0.05326532342417066 4.209120298332525 -0.3166127791886894 0.15949023679700447 -0.9350503796164409 0.9613635820124915
0.7574062382282878 -0.5460853373247392 -0.3579477540812352 -5.732434875594268 -0.5669922678861841 -0.8219373524625064 0.05421030145837102 4.159000832643166 -0.32381408006780105 0.16189438837047934 -0.9321666420570909 0.9030576013565177
0.7567687816288464 -0.5417641155707648 -0.36577678197477076 -5.733435047789211 -0.5634804400822705 -0.8242912023967179 0.05508000813420648 4.1111727197622825 -0.3313469553152448 0.1644252314311901 -0.9290713312077374 0.8476489836530716
0.7562732852177031 -0.5370778967324619 -0.37362822552298935 -5.734618550062024 -0.5595169946471337 -0.8269162456282694 0.05612713619175017 4.065548021661343 -0.33910389376570427 0.16660388818236815 -0.925878876352331 0.7943151215503894
0.7559449440877917 -0.5319663337142476 -0.38152203252594324 -5.734689195434226 -0.5550878459929668 -0.8298228545205575 0.05719714456370878 4.021858084208489 -0.34702265738564325 0.1685403509844903 -0.922588437685532 0.7439174949003875
0.7557969226585193 -0.5265080693782763 -0.3893074165482501 -5.732820458519719 -0.5502975261627331 -0.8329414786830454 0.058147448684172376 3.9795653484709677 -0.35488539614795156 0.17028724546736498 -0.9192706944268643 0.6964628144146707
0.7559517562018001 -0.520633079649621 -0.3968351530169244 -5.730856059799897 -0.5449914695572344 -0.8363569858935087 0.05908714121508508 3.9398500959862024 -0.36265857277232594 0.1716047450441763 -0.9159861194761976 0.6521080065376978
0.756352805446576 -0.5144359775540297 -0.4040866969984584 -5.729176043586179 -0.5393544092607032 -0.8399535945158345 0.05978946622079226 3.9018315991142165 -0.3701719261426129 0.17272401123746273 -0.9127645704330931 0.6096167147837577
0.7571463264301594 -0.5078608979076643 -0.4108609847013168 -5.727928474918561 -0.5331549572535886 -0.8438474688735369 0.06055774790767374 3.866654553135769 -0.37745891422675226 0.17320149437041907 -0.9096845664397166 0.5699054922409343
0.758287765182488 -0.5008477848162773 -0.41731422407962115 -5.726433299753129 -0.526526780959365 -0.8479692773928491 0.06097256375140212 3.8340085722726616 -0.38440761452801275 0.17349236594870054 -0.9067145001875758 0.532676738245748
0.759578761683488 -0.4936550573690039 -0.4234911913291526 -5.7251714178453526 -0.5196592563517902 -0.8521721921173498 0.061292840281842835 3.803201590515193 -0.39114493744299417 0.17351437783629506 -0.9038243184362768 0.49800132930505114
0.7611050011067342 -0.4861584433329642 -0.4293822833634236 -5.722258879853243 -0.5124100138899192 -0.8565347560756873 0.06151576464367399 3.7743049147723333 -0.39768725772351715 0.17319982566513198 -0.9010253411718878 0.4666995337962889
0.7628064086956525 -0.4784165931966168 -0.43502177670432135 -5.719363393967799 -0.5048713239060162 -0.8609942457317781 0.06159427825824065 3.7477563381804924 -0.404018971275147 0.17264551013828874 -0.8983107472800616 0.4379169182908771
0.764663461223237 -0.4704629970521755 -0.44040249712596286 -5.716794361563676 -0.4970789402609093 -0.8655210615961171 0.0615290100897269 3.7234844110401646 -0.4101247593345108 0.1718658207387817 -0.8956895787283641 0.41164910232852625
0.7666623347246936 -0.4622311943814838 -0.44561327118382504 -5.714505407369871 -0.4889582798865108 -0.870146384279252 0.061360169948991974 3.7020454459544436 -0.41611136135042853 0.17084376742044616 -0.8931202282384393 0.38806223370297066
0.7686051016447231 -0.45398157471927064 -0.4507182351992389 -5.712100629072548 -0.48076378002690073 -0.8747115772478364 0.06120330418244169 3.682484215439153 -0.4220336308162549 0.16964783064930128 -0.8905656786649907 0.36690966312390727
0.7706497458856131 -0.4455658725962473 -0.455598531981815 -5.710574465824785 -0.47231391241086845 -0.8793151657128081 0.06102792385945502 3.665509047089923 -0.42780665879527713 0.1681543711147636 -0.8880909695326374 0.3481039066081897
0.7726597982261129 -0.4369969634325778 -0.460467686331939 -5.708624558670361 -0.46377187208862997 -0.8838782110399311 0.0606214376954109 3.6508462678258224 -0.4334887390285821 0.16671221310857032 -0.885604060026744 0.33160193428272877
0.7745995884888878 -0.42839334420807657 -0.4652683313433943 -5.707090745001602 -0.4551519745519666 -0.888375741242465 0.06020982007403106 3.638568647823375 -0.4391265849095134 0.1651292978551101 -0.8831195600911502 0.31776068123656387
0.7763421062709029 -0.41980533455131536 -0.47016636961092434 -5.705548591304243 -0.4465913648967896 -0.8927438334694883 0.059704276244046846 3.62876539808562 -0.4448023008376651 0.16362129716042798 -0.880556065384288 0.3066309641161641
0.7778315382631272 -0.4114355090878335 -0.47507780409618444 -5.704190939915235 -0.43805252577050596 -0.8969714462314234 0.05960041368639161 3.6209762145672384 -0.4506529515595094 0.1617499505630345 -0.8779230437478894 0.2978120376836637
0.7792050079366916 -0.40292939526750066 -0.4800910934767977 -5.702981110363237 -0.4295524098397569 -0.9011060318792764 0.059098616833583244 3.6157429391641553 -0.45642555012536123 0.16017434794670263 -0.8752256254547227 0.2918171222883207
0.7802980020193266 -0.39479789287411365 -0.48504603062679214 -5.702075389099612 -0.4212468154004842 -0.9050266928111661 0.05897292441649397 3.612295050544839 -0.46226199125560546 0.1583076406287549 -0.8724978752747536 0.2880377426816423
0.7812062315604388 -0.38651633886867875 -0.4902264207064842 -5.700675361695061 -0.412974167480043 -0.9088627527436034 0.058487893358240776 3.60734498557523 -0.468155060599908 0.15675974120568156 -0.8696305093382041 0.2820952473393128
0.781732359583205 -0.37851460575887796 -0.4956018676394151 -5.6990931749996045 -0.4048926858570304 -0.9125055939491754 0.058270523860205974 3.5996294121016246 -0.4742957209589342 0.155113617192895 -0.8665929464525898 0.2736659462234913
0.781914791196501 -0.3707029451021588 -0.5011871764128832 -5.6967569853155755 -0.39708238724195416 -0.9159495027267635 0.05798349934960795 3.5897223401241667 -0.4805567989846397 0.15367444467829092 -0.8633940745699242 0.26304778744690016
0.7816796136749481 -0.36320821721961283 -0.5070076651384419 -5.694178434869373 -0.38954336806904044 -0.9191860949355811 0.05790412136027209 3.577334214495967 -0.48706564850994366 0.15223900229976406 -0.8599943838307088 0.2500899873970057
0.780962734642515 -0.3561175408395052 -0.5131057436884799 -5.691222155584695 -0.3824534784860798 -0.922158113085034 0.05791158144401934 3.5622125271372695 -0.49378795438283263 0.15101228949285195 -0.8563695140116472 0.23498218912171376
0.779907117553684 -0.34924442022750646 -0.5193969800923544 -5.687588731413529 -0.37564254992027546 -0.9249546922913001 0.05789207111254728 3.54437493093553 -0.5006371567098251 0.14995716771218282 -0.8525698124923513 0.21680943404659936
0.7785290074471451 -0.34267393017239944 -0.5258014474529 -5.683846396615464 -0.3692066374336104 -0.9275462191163308 0.057831395262143766 3.524508886373111 -0.5075224560926637 0.14910596561909004 -0.8486391268251006 0.1966845158671806
0.7767578767074563 -0.33656007805975285 -0.5323293292965713 -5.67946967651849 -0.3632717508873736 -0.9298862834641717 0.05783714059678629 3.502153793711242 -0.5144714141525711 0.14845475297747635 -0.8445592639585753 0.17440407728833107
0.7747149008632513 -0.33085648520857797 -0.5388420998547432 -5.674898367730646 -0.35788340378679956 -0.9319814741927687 0.05770616133003958 3.477487740124267 -0.5212833122922866 0.14813682174564158 -0.8404279804770204 0.14975013192655484
0.7723539978867536 -0.32587120621968896 -0.5452313810716273 -5.669517730421971 -0.3531086978544929 -0.9337888449133486 0.057901991458837655 3.4498048599161133 -0.5279995733405981 0.14780510841077119 -0.8362835048473855 0.12277495959621665
0.7699896357775335 -0.3212760489169376 -0.5512691367993522 -5.664587704755873 -0.34885548348123196 -0.9353880285284 0.05787130317203055 3.4206090762460306 -0.534243214688083 0.1477529575950164 -0.832317998773106 0.09337152250281433
0.7675139230667154 -0.3172872613333502 -0.5570019494528922 -5.659226787616364 -0.34531361903345265 -0.9367082034401075 0.05776024686603886 3.389207535892871 -0.5400748859267199 0.14800856530481102 -0.8285002004753239 0.06193744549050739
