0.9999999995118574 1.539556980266358e-05 2.7189365603600996e-05 4.574671509169476e-05 1.539638680153955e-05 -0.9999999994300188 -3.004851777099498e-05 3.758327641679559e-05 2.718890297405076e-05 3.004893637431674e-05 -0.9999999991789124 -6.416909520028699e-05
0.999766327587994 0.016816412552195327 -0.013583022126551896 -0.13860506885263274 0.017137089026418757 -0.9995687090371452 0.023847769151760612 -0.08420197891018165 -0.013176129967354932 -0.024074970045452494 -0.9996233217649506 0.22287733597248122
0.9989941635541738 0.035100684832564594 -0.02790346051983771 -0.2770732665865495 0.036435214693224985 -0.9981412782439624 0.04885144619935019 -0.16653348678960891 -0.026136876534042366 -0.049818978209055766 -0.9984162123559744 0.4454152837446702
0.9975937918324389 0.054439649168227716 -0.04292960628537536 -0.41462345331243355 0.057533341642275096 -0.9955624534264693 0.07446687805288323 -0.24807658236003816 -0.0386851534422485 -0.07675757894768444 -0.9962990178541984 0.6659878007627602
0.995492945592225 0.0743773860080506 -0.058837060826701065 -0.5509561765083701 0.08004925495498674 -0.9916830351187838 0.10078132088214055 -0.3295741798355652 -0.050851863852439214 -0.10503695686855595 -0.9931673200596798 0.8864644213042444
0.9926569175662341 0.09487542041680691 -0.0750393137537722 -0.6872529480972965 0.10389351389803744 -0.9864240087165512 0.12717630595943463 -0.40994003580571137 -0.06195467518937718 -0.1340385378475294 -0.9890375567155554 1.1051110849829846
0.9890262807096614 0.11551925886834052 -0.09209949454868747 -0.8214656692943045 0.128741010985692 -0.9796971633943937 0.15368545841217562 -0.49026188992108294 -0.07247598330479084 -0.16385593937202264 -0.9838183079087907 1.3230368262793135
0.984603040641352 0.13612500531661845 -0.10966692886807416 -0.9554463941983988 0.15437774173530802 -0.9714364855184439 0.18021838824126962 -0.5699737136188815 -0.0820022268997079 -0.19437370586353764 -0.9774939883458946 1.5395497738942008
0.9794365148752512 0.15642155975779926 -0.12742216829091993 -1.0887854124283831 0.18042308203568552 -0.9617258586803766 0.20623017289969126 -0.6496775363004683 -0.09028634890041011 -0.2249792621297116 -0.9701714831996476 1.755176751632485
0.9735001116418351 0.176297824306222 -0.14565922483051832 -1.2191204270399014 0.20683448366790505 -0.9504843980669413 0.23194591049888288 -0.7292136796920716 -0.09755526125825373 -0.25592672032481706 -0.9617611370941421 1.9709054019700498
0.966966480845091 0.19532958200222583 -0.16377478229842493 -1.3428081250002235 0.2329327489346973 -0.9380572012837779 0.25649760543399097 -0.8098224429066483 -0.10352854386972718 -0.28617309711865263 -0.9525685272408134 2.1887751349257853
0.9597963753577944 0.21364644862529955 -0.18206073942461504 -1.4645835085721586 0.2589312060226533 -0.9243051860681034 0.28038286958240416 -0.8908507448575669 -0.10837688128791412 -0.3162516687662002 -0.9424644999175827 2.404836358837882
0.9522485678085048 0.23083378136170385 -0.1998460169453194 -1.5708956875350126 0.2841331576402025 -0.9095541708034623 0.30328132007005343 -0.9762820951412902 -0.11176320430293502 -0.34558208251627204 -0.9317091876801781 2.624902313231613
0.9443659488929799 0.24694130672616568 -0.2172393739722045 -1.6242405494537178 0.3085609970320764 -0.8938576878679112 0.3252822542808056 -1.076630688909216 -0.11385545960573218 -0.3742170825494281 -0.9203252193904945 2.8566896455451096
0.9362499858532279 0.26207030461090985 -0.23399811843469148 -1.5934520266628336 0.3321029864521281 -0.8774809065297281 0.3460272605812217 -1.1972770337512586 -0.11464541150612428 -0.4016794917803397 -0.9085758171466375 3.0808027471061057
0.928161133823211 0.2759096649891093 -0.24978143731192112 -1.5928281532737985 0.35428731205225694 -0.8605850396270793 0.3658878107956662 -1.327928207696996 -0.1140061848269576 -0.4280972393459878 -0.896512879709793 3.2992955300582114
0.9202122913523688 0.288391047776933 -0.26465060439406923 -1.618334986965825 0.3749167986524799 -0.8436678056089063 0.384268171811339 -1.4621641933267226 -0.11245769396621659 -0.45283025223716633 -0.8844761329321585 3.5137349285224557
0.9126671242276919 0.29965243277891246 -0.27793369692002856 -1.6684133739515243 0.39383453578273214 -0.8265635480994994 0.40210329441322257 -1.5917592559383795 -0.10923863226329228 -0.47644634585947476 -0.8723908531950569 3.7230837714829326
0.9055232371041922 0.3099182458702035 -0.2897901791660329 -1.7431910901405028 0.41112999974988956 -0.8097196128957386 0.41871980105749873 -1.7100773384151646 -0.10487988544044632 -0.4983019459812611 -0.8606366133632054 3.9304749366946736
0.8991944511169077 0.3184700220047741 -0.30004363710107645 -1.845064402639661 0.4260006477537213 -0.7937129269931653 0.43421565798270384 -1.8141038019018805 -0.09986384327660135 -0.5182630940055653 -0.8493706953961888 4.134172595896247
0.8936706665846759 0.3259776267835801 -0.30836881574284797 -1.9749963764271228 0.43885497684070474 -0.7782657037629592 0.4491200325619988 -1.8947310136789226 -0.09358979104713323 -0.5366945883674358 -0.8385701341145313 4.327757651277488
0.8892444862424833 0.33228368555397303 -0.3143752471203972 -2.138564243663321 0.4492005901674675 -0.7641262730395855 0.462957739587354 -1.944291755074808 -0.08638908195218531 -0.5529001638318637 -0.8287571027473355 4.507310354134247
0.8859869001566469 0.33738081778043477 -0.3181216694043665 -2.3255789692503077 0.45701822439336776 -0.751443210383826 0.47588595707415327 -1.9623276617164127 -0.07849557518197658 -0.5670161244284456 -0.8199580228981216 4.66438428915909
0.8841288543644519 0.3412968630993134 -0.31911223749453876 -2.524778264743199 0.4620253301748576 -0.7403807650526142 0.4882303933768566 -1.9620587166506285 -0.0696330608045932 -0.5790965152534375 -0.8122797934605472 4.807903411999909
0.8836938192078144 0.3439817765767221 -0.31742994703875826 -2.7266644692208324 0.46419606542339203 -0.731079649230162 0.5000445573415887 -1.9551403952326556 -0.060060359134364 -0.5892360171142167 -0.8057255546375738 4.943510370688549
0.8847281719839438 0.3454990047661305 -0.31286818215274403 -2.927587761005307 0.4634145403136618 -0.7240582657277074 0.5108684680593061 -1.9454681582070394 -0.05003024609000831 -0.5969673906814326 -0.8007040083196632 5.076102420005478
0.8873711702315135 0.3457874705287541 -0.30496463969988563 -3.127868513161869 0.4593936705921558 -0.719234525074935 0.5212093181823394 -1.9382769972225704 -0.039113446048908235 -0.6026049478435762 -0.797080557517633 5.209726807715191
0.891610655760793 0.34456342712064736 -0.2937796508008731 -3.3257015536138286 0.4519447690481263 -0.71711562012581 0.5305573608024025 -1.9356931844311078 -0.02786331394225039 -0.6058227728159854 -0.7951115668091531 5.345341626673667
0.8974640257725088 0.3418669527536934 -0.2787208443211693 -3.519043551996286 0.4408070877107175 -0.7176756012729104 0.5391018853255498 -1.9393887662412301 -0.015730030775471665 -0.6066866719753043 -0.7947854101449852 5.483330298136309
0.9047496367111152 0.33748166350536835 -0.25987347242216585 -3.710241883780953 0.4259336382029525 -0.7210377620944382 0.5465208884215136 -1.9465732416989827 -0.0029378084180649855 -0.6051534288356082 -0.7961034460735645 5.624264380903284
0.9133634885174167 0.331119469793841 -0.2369114487878138 -3.896709802084903 0.40703229615203385 -0.7289096989057795 0.5504683103778901 -1.9616541014896471 0.009583722267381078 -0.5992082672698466 -0.8005358234975937 5.76857415078754
0.9227444093913479 0.3230589040570785 -0.2101801594976363 -4.07908833750847 0.3846692267765025 -0.7381169638928511 0.5542679258127491 -1.9800851958360224 0.023923647468146278 -0.5922974692863704 -0.8053641207359445 5.914820430923107
0.9324661581160607 0.31324954133566846 -0.17994885056945426 -4.256705521696624 0.35904699865099193 -0.748585058001358 0.557409780768887 -2.0046583372265356 0.03990133742105677 -0.584375851477538 -0.8105015407029861 6.062202510053216
0.9420072686897193 0.3017613784427269 -0.1468413300678006 -4.431503376746464 0.33067908183236316 -0.7600417551159427 0.5594531931437903 -2.0316282036799382 0.05721582450896463 -0.575566330634987 -0.8157510333828187 6.211844258907597
0.9509618459907084 0.2885566131639438 -0.11138513576459905 -4.603335548714863 0.29998226071654194 -0.7726514000428372 0.5594823118448308 -2.0625932551612074 0.07538043993859886 -0.5654598969079928 -0.8213238668536703 6.363501898440259
0.9588607890624335 0.2741368671962887 -0.07372221674890289 -4.781239115746224 0.26771765604030584 -0.7868850351550926 0.5560028759757035 -2.096614758255181 0.09440997745393417 -0.5528660954451569 -0.8279044852302556 6.521179317288669
0.9653789340426677 0.2585289158196987 -0.03473202256900422 -4.963772998232033 0.23443141179191332 -0.8014865274661915 0.5501465799724983 -2.135436328471877 0.11439155070149658 -0.5392421960263099 -0.8343455082595159 6.687620724670386
0.9703379479922667 0.24169515706349723 0.005264763832218383 -5.151368097690185 0.20034636734142333 -0.8161406482343998 0.5420108627994732 -2.177208746787254 0.13529818838126806 -0.5248789320896633 -0.8403549886025321 6.860166330760005
0.9734615495373764 0.22427731109735025 0.04552251420157722 -5.343108453447072 0.16642018112950516 -0.83029706932371 0.5318938803796126 -2.223721655597621 0.15708893941049168 -0.5102023759248885 -0.8455865424162603 7.040769935391414
0.9746562401491964 0.20651748205647907 0.08599850663403433 -5.542535582254629 0.1329895236561186 -0.8440075412563758 0.5195816171691274 -2.273506368565477 0.1798860754365131 -0.49497656500830306 -0.8500818783838592 7.228583104229342
0.9739418517374023 0.18893981441076052 0.12545523490372074 -5.743881974208626 0.10102500086177314 -0.8566654898919117 0.5058835712188428 -2.3267349793157135 0.2030547183278416 -0.48002706690214725 -0.8534300184585275 7.423428122501677
0.9713391378286531 0.17173533741266558 0.16433883657263434 -5.953907274589494 0.07055498612639247 -0.8685264626581148 0.49059532977321246 -2.384830814523136 0.2269851828974607 -0.46493952031026614 -0.855750529768265 7.626232876466096
0.9670609918000435 0.1555093298794475 0.20151894813927915 -6.165770847755672 0.04257073101930714 -0.8793416887184735 0.47428464801448605 -2.4449436320155904 0.25095969995040657 -0.45008337316789243 -0.8569971914765029 7.833674461168251
0.9613647256139144 0.14061155397862438 0.23665640754689 -6.373791683848676 0.017288664978893163 -0.8888441308881052 0.4578834055182791 -2.508654841810246 0.27473435607606644 -0.43610148116405845 -0.8569343800536793 8.040259337680796
0.9545379976016765 0.12767903584476117 0.269360863787475 -6.580021201395397 -0.004622005342843176 -0.8971767656676229 0.44164747051556197 -2.5736765625284 0.2980534317889884 -0.4228142795033484 -0.8557991802092776 8.245983919383539
0.9467073076832551 0.11735698160415678 0.29995435060669595 -6.787668557241448 -0.022696007963084686 -0.9046397590874908 0.42557231759204733 -2.6421769738629144 0.3212945141169744 -0.4097001893420216 -0.8537655357599354 8.45525209948183
0.9384742573369533 0.10980894416002718 0.3274264254734397 -6.991884272044294 -0.036834797057494255 -0.9108666853066612 0.41105362098415976 -2.7151474753662557 0.34337918696622705 -0.39782392761234975 -0.8507801458529087 8.66123060083239
0.9300249907614363 0.10605280471543443 0.3518612214654814 -7.193595371872508 -0.0463032667397531 -0.916008899959922 0.39847672790696437 -2.7938467607299935 0.36456758502151265 -0.38688563918321334 -0.8470005774173822 8.868734244303925
0.9216361299220461 0.10604300251928804 0.37328504609615387 -7.395399777641989 -0.05116278860634331 -0.9203353203421165 0.387769605813551 -2.8820393040814847 0.3846676657640151 -0.37648078270672514 -0.8427888271495985 9.07301686106104
0.9136718681196647 0.11071879338828408 0.3910819175024137 -7.595194781615644 -0.05091813337253804 -0.923424218895587 0.3803880330017381 -2.978323049304347 0.40325061822715 -0.36746300595803855 -0.8380691368566819 9.273060987571641
0.9062766172630887 0.12020856595728201 0.4052315309457874 -7.804584531636175 -0.04519812510005926 -0.9256508445285794 0.37566959354061014 -3.067884257576801 0.420261611962849 -0.3587762738727599 -0.8334625143438463 9.468189263997191
0.8993903722451045 0.1345448872508582 0.4159262333965798 -8.02595790647841 -0.034735192583176755 -0.9264538186372587 0.3748023323415301 -3.1299959983555774 0.43576418474792294 -0.3515408870204077 -0.8285702022423224 9.657726312410613
0.8928706682226055 0.1530260675681327 0.42351504397406187 -8.26107925208548 -0.02029551268495272 -0.9258593776134825 0.37732281278771107 -3.1742451531934384 0.44985560126842167 -0.34549592693664044 -0.8235669386744582 9.836601806241907
0.8864525296550263 0.175275451409079 0.42834615534815856 -8.508613115468519 -0.0017143051395974718 -0.9242646077524381 0.38174860315935755 -3.204648738110102 0.46281634999867227 -0.33913633097852536 -0.8190162240055632 10.002067878742697
0.8802917067769869 0.20073307623280096 0.42987526456610187 -8.761678022667695 0.019982744079618073 -0.9209657993801723 0.38913068024905073 -3.225255270876755 0.47401181516783736 -0.3339584232777443 -0.8147297531102784 10.153739651127003
0.8738076098230513 0.22910139556146544 0.42892051893925043 -9.024074263045108 0.04472216264701365 -0.9161832974187677 0.39825631658399163 -3.238177346509045 0.4842108932928926 -0.3288171468805473 -0.8108138471522525 10.294748068823031
0.8665795863034236 0.25970235314866186 0.4261390716318274 -9.290576565935694 0.07139225366522675 -0.9096520947820876 0.40918970243049885 -3.2463759939620838 0.493905827783787 -0.3241724143532389 -0.8068266722497495 10.429335152067093
0.8592889197011238 0.29201299938513514 0.4199416157860193 -9.559344281903199 0.10023591135691846 -0.9012329255416265 0.42158270362306033 -3.249031880936155 0.5015728407253761 -0.32016811538593 -0.8036896561091837 10.549316192412897
0.8504622779823109 0.3258165755584242 0.41298604434111386 -9.833165384581296 0.13017136577335842 -0.8910240488859683 0.4348925842544966 -3.2491509891790122 0.5096757098997727 -0.31610078044547363 -0.8001943309846212 10.6685293765315
0.8410598512839758 0.35987840426789763 0.40386366598119255 -10.111011994722395 0.16056537345482844 -0.8790315531425477 0.44891234047095635 -3.246348893569026 0.5165627623101458 -0.3127156259629377 -0.7971021577395963 10.77799105987039
0.83088867298829 0.39433966526658715 0.39258150936741165 -10.385905409859658 0.1917347796010346 -0.8652168508842012 0.46328994726560724 -3.241172663676978 0.5223617399763327 -0.3096708403183329 -0.7945075098861157 10.879250304607854
0.8198154532888523 0.4283792856505723 0.37999185540521685 -10.66651337108953 0.22257841493676106 -0.8497990847066214 0.4778078743972601 -3.2311235180463216 0.5275997268318406 -0.30713629426900063 -0.7920264042250568 10.968559957233142
0.807776088433502 0.46127752563361935 0.3670433697812795 -10.954029212005775 0.25232445276259674 -0.8332810487471644 0.491909609925322 -3.2168918104890816 0.5327571318087891 -0.30473880314812557 -0.7894961053499382 11.044639177098276
0.7951009734102716 0.4931579488982394 0.3530009624923419 -11.241018256953467 0.2812709657144159 -0.8155196256781649 0.5057809644300837 -3.197094091782324 0.5373091158059001 -0.30285801553240627 -0.7871314607482378 11.097858776071753
0.7819681809884 0.5230732335416765 0.338998755564011 -11.533747353960203 0.308428325760885 -0.7973168649707238 0.5188041872436981 -3.1679921319640174 0.5416620088117965 -0.3011315479744884 -0.7848070202441222 11.121467688176049
0.7687374937077738 0.5509459456473426 0.3248095299443132 -11.82109034044021 0.33385530865670787 -0.7788580152970115 0.5309621689813074 -3.122655343814177 0.5455119601343535 -0.29973114116213484 -0.782673587370891 11.108434172880024
0.7554210837965667 0.5764007039461403 0.31161067800384357 -12.108375818625989 0.3568742380514308 -0.7607752818924256 0.5420901665559998 -3.061837695561829 0.5495268550042225 -0.2983005178538832 -0.7804082500059015 11.076248224366323
0.7427737421905547 0.5990889424035541 0.29896422361551933 -12.386521772864361 0.3772458295044926 -0.7433653907795563 0.5523526771118474 -2.9807291473047646 0.5531480380817657 -0.29749005845733495 -0.7781560981482731 11.047513699713289
0.7308589279070657 0.6187944287821143 0.287990767919306 -12.663887130990874 0.39451446016898095 -0.7273206253373313 0.5615719443459503 -2.8917629661106004 0.5569592159360615 -0.2968133468480323 -0.7756921225052872 11.045886479918618
0.7197555774448419 0.6356826478329846 0.27903311628028693 -12.93836337548541 0.4089143564280163 -0.7130081403378707 0.5695686446065941 -2.805628888308801 0.561017787457852 -0.2958495615274376 -0.7731313466028391 11.081932118923445
0.7104300724412529 0.648837423361748 0.2725786312541841 -13.212944186654077 0.421174941879928 -0.7022752389046774 0.5739522254977484 -2.734540229023132 0.563826906509042 -0.2929496319619923 -0.7721915129226542 11.158828017798367
0.7027878771913465 0.6589754258664076 0.26803094555865664 -13.473106863110804 0.43043217552301916 -0.6938627313397714 0.5773063764867257 -2.683721813895682 0.5664073992696437 -0.2903547798158298 -0.7712825421923533 11.273354884765483
0.6964313860719711 0.6664700372555696 0.26608459920565286 -13.726172585786749 0.4366980295325511 -0.6878216576005423 0.5798242822942392 -2.636859033629106 0.5694542611099336 -0.2876092084342956 -0.7700667423850596 11.411175147099849
0.6918500697990635 0.6710000604341313 0.26665033248886777 -13.973370756056163 0.43970405886968944 -0.684461243697889 0.581526565591857 -2.5817684031740495 0.5727161788639747 -0.2850819615004285 -0.7685860093018326 11.555325842861315
0.6884923406294648 0.6730655139125851 0.2701131445823195 -14.217065255754953 0.4397687944064767 -0.6836081120358891 0.5824803487028568 -2.505939471226604 0.5766989720476665 -0.2822459267027878 -0.7666521587387917 11.696946958107429
0.6865778463803258 0.6728804495020592 0.27539564545878426 -14.459085606188285 0.43727298442021156 -0.6847777253776437 0.5829852518913851 -2.390661359205295 0.5808641820219207 -0.2798416829289859 -0.7643856582507798 11.817561718213529
0.6854094588340157 0.6706951209667279 0.2835170690669055 -14.690289655531625 0.43242424812243907 -0.6881844551048123 0.582590272307937 -2.2475746483150165 0.5858524928483324 -0.2767132278434107 -0.7617129683547968 11.916512154724195
0.6854594229608221 0.6662255604426384 0.2937496929140678 -14.919832561771022 0.42504865342909154 -0.6937012120729859 0.5814742217730604 -2.0806381616696012 0.5911675073042604 -0.2737190731048215 -0.7586823098809571 11.982176147018595
0.6862389408776012 0.6597386202587148 0.30630225099126485 -15.148943252617952 0.4153787865587646 -0.7011336502705879 0.5795447076241911 -1.9062819188559301 0.5971068411098275 -0.27047468901427413 -0.7551866411043532 12.00582526462065
0.687483306264675 0.6514305188380746 0.3209438934358283 -15.378799764180208 0.4037565789011623 -0.7102211214988856 0.5766858621215671 -1.7439014995594102 0.6036119023026475 -0.2668786947345602 -0.7512845224649294 11.94974759386106
0.6890907150954277 0.6411435448572198 0.33777054527769373 -15.573222353453957 0.3901484036123501 -0.721011189130305 0.5726491843246078 -1.6067341181425268 0.6106866705013358 -0.26282659689769206 -0.7469832464220141 11.789337477644795
0.6911160898869512 0.6285629793221478 0.3567451910328117 -15.7239729612893 0.37424537545277825 -0.7335050832310955 0.5673717404192362 -1.460901812744847 0.6183032825819228 -0.25860950079184897 -0.7421739532270114 11.576007129173556
0.6925877545609674 0.6146169545987037 0.3775820458549536 -15.834124215945952 0.35708363632560125 -0.7469427884242771 0.5608633946777517 -1.2995203248235254 0.6267483377725728 -0.253618749190159 -0.7367930857157498 11.36586776937108
0.6938937226215202 0.598628537623827 0.40019417243234245 -15.954872533931946 0.3381983975026326 -0.7615872935766191 0.552817002442302 -1.1310907371908199 0.6357148304335053 -0.24825121994664853 -0.7309158543648514 11.163550844229844
0.6944900676434729 0.5808312831939743 0.4246393368587111 -16.0910135484565 0.3179119336540295 -0.7771668864704331 0.5430871320646522 -0.9637591697551137 0.6454576271026011 -0.24217070639756236 -0.724387879922066 10.970254272445585
0.6943849761737165 0.5611111831312117 0.45053717385951547 -16.241298665095794 0.296377655146463 -0.7935242382169095 0.5314880703196997 -0.8003092079775592 0.6557360676324826 -0.2355281799007616 -0.7173121259804013 10.783269535785033
0.6930358360532766 0.5398280540997891 0.47779389066078604 -16.402148167966292 0.27398280910734296 -0.8102729853036331 0.518064773557118 -0.6413787299793853 0.6668093807525396 -0.22813014113433985 -0.7094518224984986 10.605603104058375
0.6906648396595739 0.516535697884225 0.5061353100399851 -16.571247080910528 0.2506369520149843 -0.8274739613660583 0.5024619005912803 -0.48777365616051327 0.6783532984681756 -0.22017655659134036 -0.700970103773996 10.432263139272678
0.6866666061835184 0.491651150879654 0.5355073461598083 -16.746768049086324 0.22691578500917026 -0.8447769756912941 0.4846246876249114 -0.3365931721242694 0.6906505617648342 -0.21126051969211526 -0.6916435457324362 10.26262592491693
0.6813861203275245 0.46477603331081374 0.565416831978736 -16.927252296839836 0.2028516063297375 -0.8621637869712137 0.46424651882906054 -0.18660176407023066 0.7032525725757781 -0.20163542172773471 -0.6817470028318636 10.092474135606695
0.6741264312656099 0.436106916028531 0.5961244102208672 -17.113972439099765 0.182442987157745 -0.8803905722854635 0.43775220920954017 -0.041894248377197574 0.7157290766107325 -0.18634161645472003 -0.6730592030950846 9.927134685108511
0.6652866336531882 0.40585698273584975 0.6266369001638517 -17.302553765887048 0.16288977012823952 -0.8980203029448472 0.4086887058464112 0.10365986004870131 0.7286018239546057 -0.1698223927030746 -0.663550854921177 9.762654287584486
0.6544095294658128 0.3740923660834044 0.6571172417327474 -17.4891031598097 0.1441582077828482 -0.9148267844090949 0.37724046131950495 0.24665456120827067 0.7422712299915518 -0.15214090891616183 -0.6525998505677069 9.602123793563093
0.6418042902224479 0.34084643687636096 0.6869577567221649 -17.67545244031936 0.12641626691456084 -0.9305650767270306 0.3436096119659674 0.3853272323226833 0.756377009507459 -0.1336874879886113 -0.6403291927156285 9.44507841355101
0.6274832491186574 0.30605826120916674 0.715956083025429 -17.858589044819702 0.10972266363570539 -0.9450887518582199 0.3078444220637403 0.5183427462720996 0.7708603694315719 -0.1146106097038747 -0.6266088883690745 9.2916569039783
0.6113268084315191 0.27029134522693216 0.743789030564681 -18.038646878830715 0.09429079317674656 -0.9580478122476443 0.2706540887731095 0.6490524399269453 0.7857409112519422 -0.09532564263049889 -0.6111662967164091 9.139780343263105
0.5930914005909323 0.23373054334052806 0.7704626036705664 -18.21673021446871 0.08012311179911064 -0.969319521757858 0.23237889683606236 0.7770722447710326 0.8011384883406327 -0.0760900640613453 -0.5936222912344405 8.991210523349181
0.5728253396404339 0.19677420658492953 0.7957078872857133 -18.390653107283804 0.06790751792251062 -0.9788127381386811 0.19316881908595368 0.9038565090731765 0.8168596570252602 -0.05661744678391531 -0.5740511871290268 8.848696474911801
0.5510904195014406 0.15927449271807492 0.8191037696794751 -18.56075454996611 0.057300262822631606 -0.9865205419005805 0.15327720081161098 1.0247934891335062 0.8324758431415197 -0.03753473561363501 -0.5527884895764663 8.709300858652886
0.527515372238327 0.12175453681911616 0.8407754544563143 -18.728369547116905 0.04860005914363094 -0.9923810103790376 0.11321644973375586 1.1427659045171865 0.8481542113928898 -0.018861680811714014 -0.5294135157827595 8.57350167925911
0.5022931170971714 0.08459184893013806 0.8605497333747704 -18.89094082485839 0.04167493755961259 -0.9964150602932944 0.07362219230716507 1.2560619001303661 0.8636925518355533 -0.0011165640561585158 -0.5040177865795004 8.442141957628401
0.4758267491845524 0.04793010175826746 0.8782320935298957 -19.052616197502697 0.03673167380676342 -0.9987258313947341 0.03460488179796373 1.3643146827217931 0.8787716932740921 0.015793006374330294 -0.47698101854250535 8.314208681982429
0.44793362381667257 0.012409392827493638 0.8939806908564172 -19.237282531920723 0.034162406870911405 -0.999411028557203 -0.003244372823883488 1.4265600748519576 0.8934139010622402 0.031993795771789846 -0.4480937384307697 8.208940994442528
0.4190420881941797 -0.022226518937455936 0.907694723008669 -19.45635042550895 0.033534948553389544 -0.9986393739540462 -0.03993504744196832 1.4293783338603254 0.9073473070150057 0.04717396151049492 -0.4177265634455432 8.251567744021727
0.3886913909630592 -0.05528149668079138 0.9197080834242646 -19.64994292166447 0.03480300576256588 -0.9966051219531392 -0.07461220869709802 1.4224747395238564 0.9207104612097623 0.0610097289085942 -0.38544786884533017 8.350245647460895
0.3577312016474503 -0.0863211491013757 0.9298263529206354 -19.82458884543529 0.03813089477504636 -0.9935377006225863 -0.10690590397746515 1.4179387268154386 0.9330457771361094 0.07369868831534739 -0.35212793287251665 8.464265037767383
0.3255893263575172 -0.1151855168318258 0.9384689058643569 -19.993828990165042 0.04332557349095108 -0.989691684492946 -0.13650371543366605 1.4158717340643285 0.9445181233008386 0.08510385630334419 -0.3172425702811042 8.585092029830454
0.2924831237439616 -0.14169399986695513 0.9457147734526928 -20.150708369746326 0.05033423511729863 -0.9853092948640647 -0.16319331551762964 1.417091530353724 0.9549450702004442 0.09533312045760087 -0.28105428131178795 8.709429167023801
0.2589259167868154 -0.16546918533315685 0.9516182629191646 -20.293622100141597 0.05884965383433148 -0.9806840397413867 -0.18653560636000127 1.4237595881496643 0.9641027371912635 0.10430130824536854 -0.24418670979113125 8.841505168803518
0.2247263829881359 -0.18621903917054164 0.9564625043562713 -20.426581425858046 0.06926361309672616 -0.9760335504391922 -0.20630332115080563 1.4358520977542681 0.9719571002312073 0.11260984800391886 -0.20644228598491549 8.978942730174548
0.19010169193529922 -0.20429507644982786 0.9602733300793561 -20.53739749501461 0.08702579996510729 -0.9707529138299125 -0.2237527439634388 1.4511160354942692 0.9778997171815574 0.12610432993792897 -0.16676282891320907 9.119510578781098
0.1550362461661408 -0.2190209480586326 0.9633242375681254 -20.638508760624898 0.10573481340039619 -0.9658346367729782 -0.2366085451643569 1.465651269114764 0.9822341429668874 0.13853980915645828 -0.1265812374287631 9.264190420189433
0.11938860917395738 -0.23113757140233132 0.9655681141616788 -20.7379780734625 0.1243948540827014 -0.9613782047435963 -0.24551551421798973 1.4743371454286613 0.985023999848355 0.14942346044116595 -0.08602528228687095 9.414142737606092
0.08395454911906705 -0.24064711315589848 0.9669749741394276 -20.841027341472007 0.14273017878227762 -0.9574905753374766 -0.2506788666894108 1.4691126131937406 0.9861945699237009 0.15906214216349696 -0.04603808405403356 9.56253520528404
0.04762104112614647 -0.24790046821460066 0.9676143830581705 -20.952584541881503 0.1604762995272908 -0.9542310933880043 -0.2523695260952906 1.445949259281972 0.9858902544056765 0.16729727514372758 -0.005659328351915998 9.711742032493431
0.011570146411354218 -0.2527817145222408 0.9674541521515201 -21.072464836861734 0.1771527599750085 -0.9516957655014371 -0.2507829132135425 1.4042433366354636 0.9841153546943859 0.17428876822627018 0.03376971905291214 9.850188798533742
-0.025276815089189292 -0.2559349406875371 0.9663634868693117 -21.20046907134092 0.19264518307497466 -0.949800481325752 -0.2465093894994268 1.347122302087505 0.9809428709445608 0.1799342985887834 0.07331256464212736 9.982103469264246
-0.06064132905649661 -0.2573919003345886 0.9644024257810695 -21.335755451610673 0.20662212846570294 -0.9484903546426795 -0.24015274967842257 1.2824520559706345 0.9765397714576527 0.18470369999529998 0.11070057799976468 10.104081791799732
-0.09662530776714057 -0.25716488301858464 0.9615247125482231 -21.47630593245623 0.21911422033177144 -0.9478413278276037 -0.2314860162307978 1.21529850429725 0.970902934565194 0.18831633015764443 0.1479339428550857 10.224865459747123
-0.132894126643453 -0.2555255574841658 0.9576251043994618 -21.624757506867383 0.23035917001933456 -0.9476992503450343 -0.2209089941207995 1.1485211070525825 0.9639884874269388 0.19124021639777133 0.18480631953603868 10.350080667663253
-0.1676503246088192 -0.2528140650488706 0.9528790149709581 -21.773986736455896 0.23950392012635666 -0.9480465542413015 -0.20939341736383058 1.085054225391259 0.9563112677902867 0.1931133850996896 0.2194902722051109 10.464579465228987
-0.20241992554778604 -0.24914921759358816 0.9470748867506371 -21.931614079973425 0.2471711862477024 -0.9487823451106936 -0.19677008485833533 1.0260780122097284 0.9475930447349921 0.19425943729650755 0.2536349593236545 10.586200947747617
-0.23644641560625873 -0.24432754682509306 0.9404239163320893 -22.094772663187097 0.2532438855810684 -0.9499127750030341 -0.18312087347388373 0.975495485244684 0.9380621658305783 0.19485833250971685 0.2864779281005389 10.709724650946438
-0.26923216576973547 -0.2386777263881163 0.9330310733524031 -22.268393338350492 0.2577955799618524 -0.9513107709259429 -0.1689652510796838 0.9339215134645684 0.9279307516550307 0.19504040618930196 0.31765352207466907 10.833516999429147
-0.3016633847261689 -0.23300262131162108 0.9245047218794855 -22.435619483452978 0.26100381779547804 -0.9528170214540945 -0.1549733226188708 0.8946985873345845 0.9169930258250258 0.19454948493702323 0.3482445814352359 10.961126447508612
-0.33292093941217704 -0.22665503405597337 0.915309315826076 -22.611721064179285 0.2628268475379326 -0.9545189924654227 -0.14076768534030423 0.8631172601058488 0.9055858304513086 0.1937033519582976 0.37735038773788754 11.089633054240036
-0.36275934525975245 -0.2202197499251982 0.9054882214416701 -22.791181293184845 0.2635534397329612 -0.9562508441104456 -0.1269799493738463 0.8353645182793779 0.8938373687822859 0.19258137210266044 0.40492860270350933 11.218390795076804
-0.3915420559417221 -0.21361590734610464 0.89502126374608 -22.973426753556073 0.26326556255544503 -0.9580254647520511 -0.11348326951133272 0.8113900369637879 0.8816949937485722 0.19119480383974127 0.4313449721318059 11.347813532187761
-0.41911287638146627 -0.2068143073782969 0.8840657436610072 -23.157990718744106 0.26213660588183285 -0.9598083870334595 -0.10026095968512408 0.7910680881540681 0.8692691163891691 0.1897253342172963 0.4564816544485976 11.480826474348174
-0.4447690560809225 -0.20085538316427276 0.8728330893170921 -23.347073034574112 0.2604762346427002 -0.9614147355582939 -0.08850896812039508 0.7697083882727869 0.856932096457617 0.18798622637126713 0.4799255783508986 11.61393814065531
-0.46885171038593376 -0.1952804008476727 0.8614195486015844 -23.539467958209556 0.26095304753165194 -0.9623450071944137 -0.07612879949091517 0.7540421910440882 0.843849264177038 0.18909693855998 0.5021561183288672 11.744873157201592
-0.4916232235900808 -0.19010367062500858 0.8498042130054405 -23.750053270787586 0.260700414329589 -0.9632517457896126 -0.06466349976334956 0.7803403375836853 0.8308681604173304 0.18975423222727428 0.5231170340913778 11.851278766042611
-0.5129965422458086 -0.18532707136980497 0.838145825176822 -23.973077963707595 0.2596791743323865 -0.9641697454877455 -0.05425337136203011 0.8365223926128467 0.8181694653688162 0.18981722393815464 0.542741326447985 11.931305573220065
-0.5332332284331011 -0.18058706533833763 0.8264687749257679 -24.198892611817115 0.2578885098179667 -0.9651492993154737 -0.04450108464654552 0.8977089390507116 0.8057020793064152 0.18940734374183454 0.5612210059664391 12.012268814355437
-0.5519282307380619 -0.17623493411162022 0.8150561183826707 -24.427158749999915 0.25569410949244886 -0.9660966460977537 -0.03574622734689328 0.9583754135065083 0.7937227163721704 0.1886756963610976 0.5782782471418397 12.094958190841478
-0.5694155698303491 -0.17211741890334498 0.8038292747498248 -24.65732495362421 0.2530685434039065 -0.967048906324345 -0.027797933669847244 1.017060117313041 0.7821267296124099 0.1875953274656344 0.5942102085448024 12.183566989384236
-0.5856446813022242 -0.16830423367218117 0.7929022589136925 -24.88955392381705 0.25003101838433706 -0.9680144062873299 -0.020799015983444177 1.0712531263549003 0.7710413718524498 0.18606932618840777 0.6089937674095559 12.280147594760319
-0.600800131687772 -0.16467114146079642 0.7822548286421468 -25.12291106871691 0.2466827332598387 -0.9689875327586701 -0.01451862492527485 1.1194419741906065 0.7603859749333962 0.184245967468121 0.622789364549785 12.388352803963613
-0.6146352156576119 -0.16140772373138806 0.7721211682070198 -25.35092728615571 0.24313806531748688 -0.9699479092090756 -0.00921599775459074 1.1553822162426366 0.7504048459779499 0.18206757026113968 0.6354085040287191 12.509451729867806
-0.6269893450515038 -0.15835754723781756 0.7627629044629197 -25.57690033866065 0.2394105496845865 -0.9709066812867002 -0.004775451033210282 1.1795732111010029 0.7413278288932711 0.17961932932084126 0.646660611636986 12.63232355766226
-0.6391504820369277 -0.15561158582485649 0.7531744125161428 -25.819792927901652 0.23535921908767113 -0.9719078561942646 -0.0010756664496868323 1.2090729751372322 0.7321835147709932 0.1765790288367865 0.6578199961027733 12.747205257981982
-0.6496414167204363 -0.15274727738623947 0.7447377383566349 -26.078592577007818 0.23163042441807394 -0.9728005686242358 0.002529855384438187 1.2667540550041334 0.7240948668271081 0.1741474172517481 0.6673524562771747 12.778139834382628
-0.6592801208496792 -0.15045676691455798 0.7366902222386633 -26.333241554704102 0.2279773517668415 -0.9736527120473593 0.005169468463995144 1.3413265677854191 0.7165026513096868 0.17135681373216766 0.6762106129407828 12.747856930067627
-0.6683062495672554 -0.1479118538907176 0.7290328115167113 -26.59828886476459 0.22399625092666192 -0.9745602822501793 0.007611559055200431 1.4323441187635533 0.7093605827505145 0.16838746906780777 0.6844364279469559 12.694659665861238
-0.6765348774454981 -0.14578568126494307 0.7218359195398368 -26.84621418020076 0.22044278940786344 -0.9753524553506338 0.009621041501360533 1.531327420937581 0.7026418263937081 0.16563249373117267 0.6919973560805762 12.603907942914276
-0.6841243335036286 -0.14415214198495163 0.714978360700075 -27.0892664399347 0.21692792834570723 -0.9761282961136147 0.010762129434794154 1.6317454000862197 0.6963592249779247 0.16246140922533542 0.6990637455201509 12.501728418907128
-0.6905290930987151 -0.14238004226000686 0.7091526599754844 -27.33097755486856 0.21331523346906453 -0.9769148741293401 0.011573239602390858 1.736201457543646 0.6911339832147633 0.15926472387473162 0.7049599740232072 12.387066037359645
-0.6965618784570442 -0.1406355281786245 0.7035788496638551 -27.558246977638355 0.20997499498155514 -0.9776272693631294 0.012466903388072312 1.8438831517993255 0.6860845800357929 0.15641793506983442 0.710507831501947 12.260789945725215
-0.7016045838467195 -0.1390977757564028 0.6988582236082603 -27.79943579041299 0.20703988704511128 -0.9782441498703982 0.013147943439558288 1.9567034694002707 0.6818251191453857 0.15391618506175286 0.7151393674511404 12.130689246712947
-0.7060930796317016 -0.1377808029821569 0.6945854974197286 -28.035587878278 0.2044836203640274 -0.9787738602701691 0.013717851677730486 2.069868160867931 0.6779520719778355 0.15171743730179452 0.7192793666716266 11.994547569350914
-0.7104921210164378 -0.13679766208596253 0.6902806281660948 -28.265130990076603 0.20285952764318324 -0.9790965260796892 0.014764980970835603 2.182378294308855 0.6738315501799751 0.15052040481775014 0.7233910766076344 11.857314940935247
-0.7135612350341514 -0.135880355985875 0.6872895261195887 -28.50354274792801 0.2016515963609099 -0.9793308123528048 0.015741463130606814 2.2971329158985143 0.6709448543223456 0.14982552797686868 0.7262129946681064 11.714253756247082
-0.7167603852361522 -0.1352362520189739 0.6840801899602001 -28.730661155306823 0.20054301327228666 -0.9795463395366311 0.016476302014065775 2.4073144056642852 0.6678600526935222 0.14899706319336573 0.7292206971664738 11.579365132022815
-0.7190310467085584 -0.13401747196333869 0.6819337732344324 -28.95465549225232 0.19940941638207094 -0.9797562131793606 0.017710093015028877 2.5229532087163133 0.6657553894091706 0.1487181224498038 0.7311994813507792 11.439129956614003
-0.7211013939117495 -0.13368782445726515 0.6798090506093719 -29.16978835625768 0.19873853973495212 -0.9798851922572004 0.018110848105168983 2.62883922027445 0.6637136223722933 0.14816401583027206 0.7331655010231293 11.306842644007183
-0.7224525566609141 -0.1329863931428631 0.6785108124510331 -29.38458343002072 0.19803005997441042 -0.9800161345405836 0.018774221333109894 2.738340423157534 0.6624548276830962 0.1479290210843871 0.7343504653776525 11.172407889020953
-0.722902632379043 -0.1322397223374366 0.6781772924063207 -29.593492744848213 0.19774070445701733 -0.980056840151884 0.019677496597568442 2.847114057501538 0.6620501475721405 0.1483281696361904 0.7346348454790889 11.033403977281658
-0.7233478256566535 -0.1319214382876276 0.677764455572816 -29.804375802784193 0.1972906188734605 -0.9801454400958169 0.019782011118806467 2.9519391663126937 0.6616980692297045 0.14802584362029925 0.7350129351230358 10.903898405075864
-0.7230571485608157 -0.1316949307132162 0.6781185774918306 -30.010450288482126 0.19703338140608645 -0.9801982325251617 0.019729966199493465 3.0560526137198774 0.6620922945683527 0.14787788941890764 0.73468763654646 10.770943090369961
-0.7228217430739192 -0.13142528741663373 0.6784217873616949 -30.205276304981915 0.19696557886956523 -0.9802070306199453 0.019968421665397917 3.1619840322233608 0.6623694501410513 0.14805934942003923 0.7344012122601354 10.635583377553758
-0.7222358335354853 -0.13150233098832512 0.6790305867204659 -30.40212059765582 0.1972154206821495 -0.9801572760814499 0.019944723356211502 3.264964672739625 0.6629339926436614 0.14832009671393154 0.7338389948131024 10.50393540588825
-0.7211273862268474 -0.13171601656594564 0.6801662912947357 -30.5873453479409 0.19754582766426973 -0.9800968090274541 0.019644106155319085 3.363436215890624 0.664041368294231 0.1485299158897033 0.7327945996524018 10.371473720166264
-0.719880022427243 -0.1316460933295167 0.6814998601769691 -30.772222495065822 0.1977716841877662 -0.980052305368585 0.01959182674628107 3.463000492790985 0.6653263216224703 0.14888513979842982 0.7315559451631264 10.243891932236771
-0.7178217540797507 -0.1315970429742724 0.6836769322204004 -30.956086767066534 0.198441359737301 -0.9799140743529617 0.019734072833292204 3.560300879309652 0.6673477025625258 0.14983532682717415 0.7295179358447006 10.115204409626138
-0.7158972564571512 -0.1321680467509308 0.6855820341980727 -31.135783300619686 0.19909809600278167 -0.979795073969708 0.019014762495522877 3.6539329952052144 0.6692167558909377 0.15011069396527943 0.7277470118056626 9.988825056820929
-0.7134327407994924 -0.13220921299519142 0.6881383933152668 -31.31250680637281 0.19952015974695822 -0.9797166997755763 0.018625091554189552 3.7479863849980313 0.6717182669913578 0.1505852322774241 0.7253403736247428 9.865417707032087
-0.7110911738544387 -0.1325968635397488 0.6904834641363531 -31.48783436755104 0.20020381389536063 -0.9795877317694556 0.01806401584713095 3.8395378161575815 0.6739938986133842 0.1510825851850398 0.7231225878685693 9.747428683964273
-0.7082869367279238 -0.13304141956608073 0.6932745458621831 -31.66017557447532 0.20203799629227182 -0.9792029197962043 0.018501078800767692 3.9302727332594025 0.6763950497414791 0.15317187255638787 0.7204360583305027 9.628199961220801
-0.7051883208960436 -0.13321786016282305 0.6963924423810596 -31.83086996637053 0.20418194310929494 -0.9787381004925596 0.019531122659208602 4.02145978384935 0.6789839218861752 0.15596388164525443 0.7173953592282388 9.509722217570918
-0.7020365679652144 -0.1337580179536636 0.6994665466430333 -31.981898283638348 0.2068927283620982 -0.978146667951053 0.02060327467030143 4.119569629896031 0.6814250187588583 0.159178794471375 0.7143682910097072 9.372991635959515
