0.9999999927586086 2.7036815118720236e-05 -0.00011726804190001032 7.385575102117275e-05 2.7037497613739252e-05 -0.9999999996175603 5.818376079363913e-06 2.732955724158491e-06 -0.00011726788454480398 -5.821546671633813e-06 -0.9999999931071765 0.00015743167715631597
0.9999108739567367 0.004075369562359906 0.012713595321752305 -0.022478152157771224 0.003818965671384645 -0.9997901337936524 0.020127192304727495 -0.005734962052684353 0.012792952914627542 -0.020076845663621723 -0.9997165901513906 -0.009450720245266248
0.9996766396528516 0.008058730923607227 0.02411789767545966 -0.03626673567869487 0.007148610261563274 -0.9992677706508064 0.03758749672292753 -0.008638699535015913 0.024403145365122877 -0.03740293296612863 -0.99900225580417 -0.01549973625367765
0.9993511838675226 0.011555029180735499 0.03411293894130283 -0.04296566800806085 0.009764680618727794 -0.9985893865190962 0.0521908818073546 -0.010160851993765563 0.034667885932011276 -0.051823917567541795 -0.9980543167848921 -0.01769117299382959
0.9989848950534881 0.014746311500819538 0.04256437186301269 -0.05371814288967798 0.012030550621838053 -0.9979176432077994 0.06336910308917759 -0.012799266991854744 0.04341019818783855 -0.062792703968791 -0.9970820583189635 -0.022246224608042337
0.9986333163223308 0.017281042955798985 0.04932408220559342 -0.06897338967757913 0.014005515605361637 -0.9977214561162798 0.06599804192427819 -0.018287958057988805 0.050352210117255825 -0.06521703427457154 -0.9965999164041394 -0.028828405945119585
0.9983662952267945 0.019189804333246102 0.053819066925922955 -0.08600700382881502 0.015593272590854572 -0.9976667230115112 0.06646773386674412 -0.02497708954956283 0.05496899494289984 -0.06551992983150051 -0.9963360619739924 -0.03738887979582557
0.9981940346122692 0.020143947927498834 0.056594086496509384 -0.10851295228418945 0.0163454438048168 -0.9976326669472703 0.06679736751175515 -0.0339722520782008 0.057805672137807955 -0.06575167831752375 -0.9961602386499501 -0.04854404475224814
0.9981692435691377 0.020206236538400923 0.05700762403020336 -0.13439840088250932 0.016374867080299164 -0.9976258194801323 0.06689236155718131 -0.04437895475412459 0.05822392051998357 -0.06583640567002672 -0.9961302840330345 -0.06216283797237119
0.9983041137215858 0.019266883535676266 0.05493344814757294 -0.16276622687069822 0.016218049704464173 -0.9983316276565803 0.055416027323750415 -0.05784752236266442 0.05590949284641141 -0.05443113465091289 -0.9969510420227623 -0.07840529422379097
0.9985653658457179 0.017616600759874278 0.050565457686795455 -0.19508489049411976 0.01565116371078535 -0.9991164202082872 0.039005383534531514 -0.07258219800897882 0.05120792133943829 -0.038158016822745174 -0.9979587739702724 -0.09748504190916155
0.9989064576526782 0.01511834156148502 0.04424166145397999 -0.2301633339592687 0.014313179690935917 -0.9997271485074842 0.018459724381193768 -0.0899673815435665 0.04450867046894665 -0.01780629904064667 -0.9988502960742224 -0.12045207380815277
0.999277880616101 0.012186560950148627 0.03598895724527058 -0.2687367132351857 0.012413622269203799 -0.999904387197743 -0.006092490858742878 -0.1082296619070335 0.035911269729029756 0.006534844674102865 -0.9993336162220975 -0.14611413671550222
0.9996218706548311 0.00887928640356548 0.026024488112160262 -0.3084807359398671 0.009755526691787347 -0.9993830786837691 -0.03373857939388752 -0.12781667312258596 0.025708858541412107 0.03397970443537265 -0.9990918047301672 -0.17675841689177138
0.9998786660329073 0.005481289101723585 0.014581107023727457 -0.35114904957396725 0.006405072230029098 -0.9979240896351789 -0.06408187244087006 -0.14756078369367887 0.01419958668349815 0.06416749017674885 -0.9978381155991363 -0.21109883440036092
0.9999961513789427 0.001787967649204138 0.002121414383877018 -0.39539588253778407 0.0019842029231358265 -0.9953380133349742 -0.09642770426151828 -0.16711373083455802 0.0019391147626017704 0.09643154246444682 -0.9953377303467729 -0.2518913741926848
0.999931786787054 -0.001744044422555971 -0.011549029478824923 -0.43973831008659686 -0.003232263276284124 -0.9914921117612686 -0.1301266490358277 -0.18632237665420637 -0.011223824970276429 0.13015510218286813 -0.9914301161094535 -0.29887259941951044
0.9996487807307873 -0.00531393530437016 -0.025962998190333472 -0.4849722931725393 -0.009519025306756324 -0.9863080690502518 -0.1646383341860978 -0.2042410995311953 -0.024732637155378788 0.16482765246749365 -0.9860122421356622 -0.35235812865047933
0.9991216513365658 -0.0084024710151505 -0.04105270163258077 -0.527447376751262 -0.01643681255388566 -0.979760185364614 -0.1994988981607817 -0.2155708470153364 -0.038545518851905096 0.19999844413179085 -0.9790377241563782 -0.41415193993770044
0.9983541150439397 -0.01127653444944796 -0.05623078112246718 -0.5688088164123822 -0.024143981106641416 -0.971998978537038 -0.23374142529572556 -0.22340411492188253 -0.052020468578767534 0.23471434871725572 -0.9706714404756536 -0.48293285168894673
0.9973442150852786 -0.013780343150907752 -0.07151656296672114 -0.6082843132437207 -0.03246658914452788 -0.9630965831269002 -0.2671907411543499 -0.22471707252730044 -0.0651953773303766 0.2688030388815082 -0.960986206489363 -0.5581057149087489
0.9961260018725846 -0.016108566988205533 -0.08644942141463911 -0.6445432351525842 -0.04136094265616558 -0.953375084677917 -0.29894016180160227 -0.2216501756789477 -0.07760322683969238 0.3013576977363632 -0.9503479769006224 -0.6388593675182908
0.9947174827054308 -0.018164060990567138 -0.10103067102866296 -0.6774144522110461 -0.05061877819091121 -0.94303090442843 -0.3288319518954276 -0.21212861571947145 -0.08930212144529541 0.33220894054981187 -0.9389687699408011 -0.7264517182788683
0.9931799239089035 -0.020298617479231736 -0.11481117050503713 -0.7082835532227285 -0.06025306693002163 -0.932398531025494 -0.35637416750801065 -0.1989147764394294 -0.09981586381848935 0.3608613937094589 -0.9272625560542366 -0.8181201834837081
0.9915813935774627 -0.022090365858304893 -0.1275866593622681 -0.7394452692744993 -0.06952404150055375 -0.9220903871406985 -0.3806779814963642 -0.18062289812833127 -0.10923711623988648 0.38634354359683976 -0.915863482598051 -0.913428568351267
0.9899878700192082 -0.02435590446758303 -0.1390352729791905 -0.7684854557892093 -0.0788983858878982 -0.9122410374090215 -0.4019842464216689 -0.15995388945600034 -0.11704299175566368 0.40892918651580584 -0.9050292031180018 -1.0144170521318132
0.9884630151187997 -0.0267247005452068 -0.14908607622115683 -0.7968081780715255 -0.0876799640633797 -0.9035763479215045 -0.41935904351603165 -0.1358768005556274 -0.12350340741896965 0.42759276637661386 -0.8954950220399321 -1.1199846215186744
0.9870760306791181 -0.02942131879519564 -0.1575287137607263 -0.824408931047435 -0.0957777722211845 -0.8964259938602147 -0.4327205286094868 -0.10987763377977824 -0.12848162517303502 0.4422158110380929 -0.8876585201871371 -1.227892777174957
0.9859609786199305 -0.03275692751941065 -0.16373128087911926 -0.8539505073757697 -0.10299010923743576 -0.891130622063642 -0.4419041206186334 -0.08087583703548959 -0.13143053693145296 0.4525629217246533 -0.8819936597515629 -1.3420382585845883
0.98510250542585 -0.03693741123794017 -0.16795440290374358 -0.8843812961041294 -0.10939893726499522 -0.8881565573923609 -0.4463292530030271 -0.05290536124269389 -0.13268355711618296 0.45805409856477636 -0.8789661634323629 -1.4586523023502818
0.984576582885508 -0.04183461683974383 -0.1698788311337483 -0.9179529142457348 -0.11473525784957078 -0.8874280632775289 -0.4464384090932219 -0.028501933828239394 -0.13207866231791288 0.4590438947871612 -0.8785407956486397 -1.5788575440071286
0.9843246673601662 -0.047427469848587936 -0.16986931544590203 -0.947817284748529 -0.11917577999647684 -0.8888610292764088 -0.4424061528685089 -0.010495589494486372 -0.13000801009372245 0.45571559742611883 -0.8805800426843811 -1.7075635781074192
0.9843718423536391 -0.05350466851121856 -0.16777761003425656 -0.957766844505356 -0.12259919883909777 -0.8921436159498902 -0.43479788978773365 0.0019342953367438506 -0.12641800672892223 0.44857220039516427 -0.8847606843702577 -1.84430326779852
0.9846923551353217 -0.05993704739473479 -0.16367197709948625 -0.9437704459974208 -0.12504031919660683 -0.8971058720984193 -0.4237522540609612 0.015278678241836763 -0.12143263281862957 0.43773120130524856 -0.8908678415402589 -1.9860391188305266
0.9852915854460339 -0.06667840875755207 -0.15733556957916975 -0.9144398079062889 -0.12652999710862145 -0.9035055117452341 -0.4094727708623313 0.030619463834067613 -0.11485056151770964 0.4233577447638626 -0.8986531969939923 -2.126266605602132
0.9860668635029263 -0.0735344186170418 -0.1492140408277825 -0.8741599544842583 -0.12729562795296334 -0.9109995227852631 -0.39226992312575265 0.04869763868079567 -0.1070885792489667 0.40579866776971657 -0.9076670520795395 -2.271172689398484
0.9870155838439943 -0.08019551314395867 -0.13917225628937835 -0.8288852230456247 -0.12722158582621151 -0.9192453433483819 -0.3725622992630626 0.06993523684636267 -0.09805562374980419 0.38543051047353927 -0.9175120796191972 -2.4176445681559917
0.9880460460819032 -0.08683024095785777 -0.12737943349347353 -0.7822374045858865 -0.1267013680722607 -0.9280888367714284 -0.3501397926384185 0.09151937392371032 -0.08781670769583312 0.3620933861802194 -0.9279960159041671 -2.5674570615925414
0.9891497888901467 -0.09277857489035568 -0.11390711645851151 -0.7340024846119253 -0.12540491683384433 -0.9371192464708858 -0.3257009744040322 0.1153616098609475 -0.0765264788976654 0.3364515625393261 -0.9385861942796577 -2.7237198671298177
0.9902513112282458 -0.09838161958166142 -0.09860728948322993 -0.6899671912279689 -0.12380862428401654 -0.9460437628346023 -0.2994538751705278 0.13594145267548743 -0.06382605395635456 0.308743025395289 -0.9490015696015075 -2.8817159200004867
0.9913085447014582 -0.10296500341223905 -0.08188758925621566 -0.6483575874803935 -0.1215888975967021 -0.9547479323226611 -0.2714268330633914 0.15621552337228134 -0.050234541732713925 0.279024360581511 -0.9589691846034383 -3.0478798918547763
0.9922375929026188 -0.10681063051989169 -0.06368711360047895 -0.6112381647483981 -0.11919596897138195 -0.9628750422023962 -0.24220646994807468 0.17453637283804685 -0.0354525064246589 0.24791761194331766 -0.9681322107421757 -3.2248095373298233
0.9930075670118655 -0.10948294672366046 -0.044152646963457526 -0.5862824378480289 -0.11640792296373731 -0.970301315463388 -0.21204846776453642 0.18802831994599115 -0.01962568033073482 0.21570545098982355 -0.9762612309647621 -3.3981507586602477
0.9935505760924033 -0.11093920298676126 -0.02344666260080886 -0.5732791404095963 -0.1133554494866713 -0.976874262304787 -0.1812931816648191 0.19664361059528226 -0.0027919201508452493 0.18278175206278272 -0.9831495493030198 -3.5832534700195176
0.9938187542907381 -0.11099869344279423 -0.0018904163558406926 -0.5825316658962194 -0.11001833108361975 -0.9824790891158929 -0.15043538903988246 0.19634448041124186 0.01484083709164925 0.14971349138938128 -0.988618035466894 -3.772922173437331
0.993740325395345 -0.10980863340008878 0.02054822897378652 -0.6232576548034315 -0.10660840520463444 -0.987112333947004 -0.1193477612250139 0.18133024732653363 0.033388824820270745 0.1164100691542762 -0.992639855222738 -3.965136766279981
0.9933171369811755 -0.10691050212460555 0.04348804335660645 -0.6913757132958489 -0.10273736485389422 -0.9907239564158912 -0.0889442299788017 0.15296485425059797 0.05259371865916302 0.08388198089642888 -0.9950867871891842 -4.147419003212075
0.9924407215154288 -0.10277966463957715 0.06706530261254054 -0.7790924748523606 -0.09886898871813636 -0.9933354535529194 -0.05924187526293737 0.10799000148643033 0.07270720286043608 0.05216337078249892 -0.9959882757346189 -4.324986263587091
0.9911078587834703 -0.09713596910410838 0.09093852738993746 -0.8756232460956321 -0.09470881317202656 -0.9950332093433925 -0.030645603458484855 0.0493216631534224 0.09346364515249161 0.021760418424153424 -0.995384865880939 -4.498934937660912
0.9892531929600314 -0.09021787260722515 0.11506022631913021 -0.9727191325412518 -0.09041962898961946 -0.9958976921587566 -0.0034752620393489393 -0.024705399066683502 0.1149017445984287 -0.006965788906438673 -0.9933524383989543 -4.673421896415239
0.9869197514747303 -0.08175091945372419 0.1389467211470901 -1.0547318959105516 -0.08558124695630338 -0.9960924651617753 0.02180942496586613 -0.11238915352261003 0.13662084144983422 -0.033415385923377124 -0.9900596737899847 -4.852898269618473
0.984106995672593 -0.07184930222752585 0.16239180655957103 -1.1087856190508247 -0.08019244983461025 -0.9957444418598718 0.045411204506116916 -0.21305669259957583 0.15843797542820032 -0.05771208083746856 -0.9856808427009338 -5.046188156007915
0.9807712948058116 -0.061185597687552946 0.18532131534324084 -1.1266503139533441 -0.07479066852362047 -0.9949236811065583 0.06732922601044722 -0.3210219310176922 0.18026098631351686 -0.07989487723873712 -0.9803686987069129 -5.245850266487895
0.9770144665259459 -0.049023126653074935 0.20745955088204182 -1.1229250502070693 -0.06533760919839678 -0.9952238754597726 0.07252885314872404 -0.4321388043862796 0.2029131070760573 -0.08441664982684502 -0.9755511776471559 -5.455199346812609
0.9728657552981317 -0.036195783220432445 0.22852152512456061 -1.1037786834718062 -0.05500732028502231 -0.9955517258184297 0.07649154159125869 -0.5386115533547549 0.22473632746678204 -0.08698635810864681 -0.9705292147172786 -5.672826202652962
0.9683867776576722 -0.02252744257180024 0.24843422306309695 -1.0844229656536302 -0.043994494456753075 -0.9957265032135061 0.08119861609472506 -0.63904145653322 0.2455433430481981 -0.08956140423965037 -0.9652394633226187 -5.90784670377286
0.9636178580542776 -0.008418766671665068 0.2671511707004376 -1.072570988079941 -0.03266570995285252 -0.9957207442576625 0.08644738774678433 -0.7251959939748214 0.2652801821323304 -0.09202892927060939 -0.9597692957920372 -6.158317542394795
0.958650739752277 0.006003435784004113 0.2845219111618647 -1.082238560287871 -0.021161985070235322 -0.9955056806609666 0.09230715118360736 -0.7862401932422287 0.28379733888868625 -0.09451136720275263 -0.954215212574798 -6.420998492711972
0.9535563661453798 0.020865269810641345 0.3004910932113432 -1.1266385644205612 -0.009057342653276956 -0.9951606358423585 0.09784310611327858 -0.8124081080635155 0.3010784301933304 -0.09602056751322761 -0.9487527757465367 -6.6922908397136345
0.9485577895466433 0.03580789067325841 0.3145725907575519 -1.1930641156682613 0.0030360654914557 -0.994566710345693 0.10405691220903343 -0.8157548594790361 0.31658948529083814 -0.09774893164469303 -0.943512715423382 -6.968059256422214
0.9436074557784019 0.05156884611306307 0.3270254172231553 -1.274345192861991 0.016114528245190753 -0.9937774443257407 0.1102121278663767 -0.796747686468692 0.3306739956193207 -0.09872712524917777 -0.9385668134774353 -7.237409129740532
0.9389892395297798 0.06593916458139051 0.33756663730527975 -1.3580969968335426 0.027864532611650367 -0.9928087817913919 0.11642289560145287 -0.7746036424721747 0.3428159504305776 -0.09991370963086506 -0.9340741270146492 -7.495535272461581
0.9348298424610944 0.08091544571927549 0.3457540401618131 -1.4385705639717685 0.040443356168231054 -0.9916174403604436 0.12271587882116998 -0.7483140344843697 0.35278534633118663 -0.100735011873 -0.9302660677445629 -7.751590790298264
0.9309726607546505 0.09514861973883301 0.35247219051891365 -1.5156441798260167 0.05259645835518855 -0.9903249886522685 0.12841350948936495 -0.7272629577772441 0.361280386259616 -0.10101067771616651 -0.9269699701130687 -8.005484703092648
0.9278956407198313 0.10923735551593852 0.35647844267643813 -1.5742874215775606 0.06522146755158109 -0.988930777073838 0.1332744473879131 -0.7148783335187785 0.36709105151658517 -0.10041473156872961 -0.9247491776586927 -8.258623342852308
0.9253828673024436 0.12293779524220307 0.3585426716641893 -1.618525554622377 0.07779344861062314 -0.9874029267189286 0.13778112955031563 -0.7104179368849612 0.3709645916477404 -0.09960802582061687 -0.9232895065664641 -8.509858411093402
0.9236970982751854 0.1357950909956005 0.35825042065502083 -1.6450253249915243 0.08995759562435333 -0.9858095549264715 0.1417291515714325 -0.7129977566670163 0.37241281077251914 -0.09868745957399727 -0.922805225221088 -8.757066827679452
0.9228610801448385 0.14827642222433893 0.3554455364275254 -1.6512138899172482 0.10255429179047662 -0.9842052153143033 0.1443007670924852 -0.717886985337795 0.371227752180862 -0.09671709652628875 -0.9234910715595841 -9.001233534714839
0.9229443218797346 0.1606234848588521 0.34981977477231724 -1.631279823655286 0.1155653085582122 -0.9824794209528069 0.14621507057099953 -0.7196995076538184 0.3671763039301445 -0.09452133894542158 -0.9253363055214914 -9.23874671487215
0.9238198579581958 0.17260891055284963 0.3417060638031721 -1.5839057930164102 0.13539574549387676 -0.9822122741942363 0.13010396044834252 -0.718486093736334 0.3580849929056739 -0.07392707501277779 -0.9307577157541047 -9.471581492777391
0.9253373082703903 0.18443260054500957 0.33126346278923324 -1.5118444636260575 0.1561107050406663 -0.98154937847509 0.11040953485487884 -0.7087671020513966 0.34551456365052813 -0.05045228905975971 -0.9370561631161795 -9.686965735363367
0.9274933280997473 0.1957873633046441 0.31847046126865547 -1.4139501666488696 0.176689704879792 -0.9803164556039115 0.08809310450697316 -0.6938744135099605 0.3294493504621718 -0.025435314867321403 -0.9438305834405101 -9.891460275431573
0.930153966390769 0.20716293225748347 0.30314537487153215 -1.2952603461349246 0.1973540177052371 -0.9783056884547667 0.06300294939640456 -0.672401356950932 0.3096207204034016 0.0012245144042744814 -0.9508593534594654 -10.078163508791476
0.9327210654158999 0.2193564663651059 0.2862064897818401 -1.1669055497252174 0.21833953308062695 -0.9752130007903184 0.03588107277766746 -0.6418446537527844 0.2869830350797102 0.029023158914160754 -0.9574958975489563 -10.247961168808246
0.9352972637102916 0.23133933133050238 0.26777068972461804 -1.0314776798417793 0.23842084999412066 -0.9711419312919951 0.006232782246765767 -0.610032842792027 0.26148523243985045 0.05801261126695326 -0.9634625110246207 -10.405928487981969
0.9376203639415533 0.2435206639298344 0.24812444329666855 -0.8932372272368951 0.2576558110056225 -0.9658958902987339 -0.02566344012503501 -0.5745800016022267 0.2334128020849413 0.08799326873794933 -0.9683881703530187 -10.554694778273737
0.9396232520417375 0.2559264649086068 0.2271778791649695 -0.7530466340947167 0.2756317004827604 -0.9594400282266401 -0.05917768097388149 -0.5375315491328911 0.2028184161053717 0.11822215019127458 -0.9720536061826325 -10.691775172333509
0.941046333994458 0.2685913507613097 0.20564650148204838 -0.6141268831350754 0.29224827115759533 -0.9516746180447314 -0.09437356290196716 -0.4963778283247668 0.17036063301416687 0.14890972992262808 -0.9740652683744465 -10.823425737167232
0.9416819784464597 0.2818970619081615 0.18376370141218792 -0.4786187960435363 0.3076138694027056 -0.9425199976477353 -0.13049812789924742 -0.44944110415544847 0.13641392458344118 0.17941599851088902 -0.9742695420970954 -10.951700038131042
0.9416702326738121 0.2954791046867333 0.1610877760401927 -0.3443248775798965 0.3211287897902158 -0.9321091342973767 -0.16747794519657364 -0.40117366773232815 0.10066515416925637 0.20943891819077384 -0.9726262726675435 -11.069613389673663
0.9407823329790763 0.3093451979875535 0.13868723963107663 -0.2176436586505498 0.3328487071963501 -0.9204992293492229 -0.20467756810458046 -0.35286776154851407 0.06434547437205462 0.23871890844574525 -0.96895456172016 -11.190575059773687
0.9390732713424939 0.3233689162984407 0.11650723162996987 -0.1041281659477501 0.3426202951770037 -0.9077173067854978 -0.2421995546959279 -0.3141699606012374 0.027435822986203277 0.26736087023731603 -0.9632058142904947 -11.316598280225152
0.9365913126938508 0.3374007773209152 0.09464369207534018 -0.009051724172706832 0.3502945277300238 -0.8941220674720276 -0.27899726217643583 -0.2869095296794838 -0.009510879497147524 0.2944595794379755 -0.9556166068295389 -11.461203953412959
0.9333346601603667 0.3513954602127536 0.07353667578290572 0.07151206936863541 0.356034692039625 -0.8796745955722483 -0.31529653339206104 -0.27307991234270745 -0.046105424925733975 0.3204587905592055 -0.9461397641711022 -11.608489484299099
0.9293222030463468 0.3654402747712852 0.05304383564724288 0.15137290454115526 0.36000038298072284 -0.864615297085465 -0.3504855379320889 -0.2641516038099916 -0.0822190195685708 0.34480979339470685 -0.9350648315492793 -11.748937471482312
0.9247210821445946 0.379098440511821 0.03428254131238815 0.23254781013884718 0.3623774684878572 -0.8491978833187046 -0.3841165517123209 -0.2537097035187925 -0.11650532421165302 0.367623893903181 -0.9226479187977399 -11.884753398532395
0.9196843860407318 0.3923148306099538 0.016422659844434015 0.3162206263248799 0.36304219570002744 -0.8336381998797262 -0.41623036391233265 -0.24343966128469274 -0.14960278812303512 0.3887626851753819 -0.9091108735468088 -12.01078335220825
0.9143331036342647 0.4049629269954332 -5.794674077555517e-05 0.40115697442213205 0.362362252782712 -0.818212348009865 -0.446343087010902 -0.2333600470676278 -0.18079981569894166 0.40808526232084774 -0.894861914107285 -12.12946352366667
0.9088097816260091 0.41693653145083537 -0.015123146585033886 0.4847127598583528 0.3605741549751283 -0.8031573833267412 -0.4742620545349527 -0.22248431819989478 -0.20988344285545266 0.42556097841494916 -0.8802538236586385 -12.243940268273427
0.9034158447572092 0.4278180728108988 -0.028486979797564385 0.5672555645655569 0.3578425572154458 -0.788914034284929 -0.49956315992453687 -0.21251822768143835 -0.23619592648292798 0.44111942043470104 -0.8658089519219727 -12.3526076373178
0.8980820476202416 0.4379680361244138 -0.04040587922021065 0.647422316050193 0.3546012688281197 -0.7753456598903854 -0.5225868806568248 -0.2013363324695927 -0.2602048729130984 0.45499791980015364 -0.8516280391637017 -12.456552145584437
0.8931212913414013 0.4469321668281067 -0.050852701078714646 0.723724896424312 0.3506899384691618 -0.7626379910270671 -0.5435070024375901 -0.19191920969844745 -0.2816929640746521 0.4675841452578695 -0.837862841456944 -12.5552832934125
0.88837907840627 0.45519592909744583 -0.059827077340779924 0.7984920740548918 0.3468010917613506 -0.7507296560655912 -0.5622579356992433 -0.18235393641516118 -0.30085148462848227 0.47875009100443233 -0.8247949651641224 -12.649013618564346
0.8840611579205532 0.4622916043258394 -0.06871929587832212 0.8727056305530431 0.3420092856224818 -0.7401108930411705 -0.579021169345129 -0.1720310899820947 -0.3185365247568487 0.4883874881399426 -0.8124113144363433 -12.739414391272105
0.8800903922321065 0.46873676775095596 -0.07567525394158636 0.9389147123736085 0.33764199883641144 -0.7299028254649452 -0.5943397563683945 -0.16386050093777138 -0.333824478015753 0.49752156529810465 -0.8006456831463179 -12.8204961950584
0.8766164880013797 0.47413062538911055 -0.08211993078576016 1.0102582228720127 0.3329518800936939 -0.7208729660545822 -0.6078529529036969 -0.1548122756282484 -0.34739973878257524 0.505511935447424 -0.7897918109312086 -12.905222798191883
0.8748472794365826 0.47622478656668865 -0.08861258557294047 1.0807696806188156 0.32611936691652266 -0.714312310710221 -0.6191963188600131 -0.143445391477095 -0.3581736955506033 0.5128039346839457 -0.7802203075979804 -12.99490778418697
0.8733099967551334 0.4779646209459255 -0.09423094338680213 1.1545874944891519 0.31965286623746947 -0.7081661263641958 -0.6295417242538421 -0.13324147092903793 -0.3676298337645074 0.519663890023492 -0.771231318562682 -13.086095984845725
0.8719788021427654 0.4794731890901792 -0.09878476379159545 1.2275608998372212 0.313963430456096 -0.7025545051690664 -0.6386267545310709 -0.12094545470749107 -0.37560608747717106 0.5258541891155206 -0.7631496831158028 -13.179600226618097
0.8708693900709492 0.4807042621708906 -0.10251788999093317 1.3008100540270202 0.3090683599819404 -0.6977459136812776 -0.6462409680600212 -0.10809732917508397 -0.38218222655629475 0.5311064415649835 -0.7562160362175969 -13.268326199484322
0.8698779594467902 0.48180970871295503 -0.10569645338717035 1.3803300071654077 0.3046567359518194 -0.6933071137963882 -0.6530769626916155 -0.09450411010697346 -0.38793892419796216 0.5358961191772709 -0.7498791506255313 -13.369309600954674
0.8691744658167535 0.48254110095282654 -0.10811953506834726 1.459328722947681 0.3008401461561253 -0.6895086856566197 -0.6588421501883759 -0.08113490037274396 -0.39246777502480723 0.5401220772152489 -0.74447107886859 -13.466206010468602
0.8685582900557858 0.48329076646364155 -0.10971112899954702 1.5383269025677304 0.2979941747786373 -0.6861874688200909 -0.6635858870050476 -0.06650410970119225 -0.3959873338547185 0.5436697459720033 -0.7400116477065539 -13.567416317099214
0.8681413139090984 0.4837909215949981 -0.11080163927689379 1.6190054289279898 0.29561891535565127 -0.6833628893011393 -0.6675512103276776 -0.05142768096849171 -0.39867294361184424 0.5467737244128154 -0.7362733040954331 -13.668812990411752
0.8679971374125197 0.4839066252118267 -0.11142417834461538 1.7019258589825852 0.29350695105881786 -0.6809599475864228 -0.6709301151858168 -0.039005126385446065 -0.4005429304379602 0.5496616485249789 -0.7331012433606796 -13.771150463178527
0.8679669957755487 0.48388031750732485 -0.11177268259006656 1.7857963033848048 0.29183508078476494 -0.6790721959614252 -0.6735675454588634 -0.024469006048234654 -0.40182779877420005 0.5520152090306378 -0.7306255053932507 -13.875774912798867
0.8680269965796218 0.4837908422335542 -0.11169402034088405 1.87039102928251 0.2906062335737032 -0.6774245284180583 -0.6757544119764797 -0.009444422853724266 -0.4025880651696816 0.554114094089403 -0.7286154133110366 -13.982887521631296
0.8682060722207691 0.4836098998033319 -0.11108411664678466 1.95595100175793 0.28992841325909713 -0.6760899394708343 -0.6773801804979137 0.007277281112152423 -0.4026906149192546 0.5558991442325983 -0.7271976417023213 -14.090917566219215
0.8683464594139978 0.4834858800712298 -0.11052524686660006 2.0439181671086284 0.28936195135740356 -0.6748783851523217 -0.6788290111367004 0.02504917992148581 -0.4027953419912029 0.5574769672604809 -0.7259306739932174 -14.200552754082842
0.8697509473849332 0.48096046899628053 -0.11050030219818052 2.1304773563238375 0.28777539247902306 -0.6762125580442979 -0.6781754196568403 0.04249718822971493 -0.4008972599140028 0.5580444459055794 -0.7265451007249168 -14.315028876122135
0.8711533503894494 0.4784252137133319 -0.11045883843581905 2.216984646106179 0.28628645481775783 -0.6776773313585881 -0.6773429709907549 0.060882677839887656 -0.39891340650963036 0.5584467292822616 -0.7273275360254329 -14.431615770742798
0.8726126880611733 0.4758298456437619 -0.11015014584324201 2.3005038086520826 0.2849677768224999 -0.6791752315397188 -0.6763980862153673 0.07941481600707911 -0.39666164776481183 0.558844310034202 -0.7282530977173398 -14.553288881688083
0.8742447109521694 0.47288747623930977 -0.10988002633861471 2.381511391828818 0.2832278377711828 -0.6806150139142266 -0.6756812819266181 0.09529172510865047 -0.39430721180777173 0.5595897047396009 -0.7289589735134809 -14.688177730645954
0.875823082178946 0.4700488916494139 -0.10948958024272837 2.4505627047352103 0.28197685591041166 -0.6824698418902572 -0.674332238322599 0.1084318129118067 -0.3916924577438915 0.5597222117885309 -0.7302657490099785 -14.816988669518903
0.8775227774893953 0.466960225778391 -0.1090959326844558 2.5157716922800955 0.28025469145921744 -0.6840088534960557 -0.6734903089533735 0.11602560100518744 -0.3891157705650031 0.5604284395710175 -0.731101142946445 -14.95958301105593
0.879333849203338 0.46366658673839933 -0.10856002020819461 2.5728556433405227 0.2785452222531811 -0.685704183614225 -0.6724747814854287 0.11686851568253376 -0.3862441466290035 0.5610909631390543 -0.7321150116467503 -15.108028846408818
0.8810596193519993 0.4605053116043212 -0.10802224368859115 2.622638749047018 0.2769796209551594 -0.6874160771322999 -0.6713727924749232 0.11703487832946369 -0.3834269640007684 0.5615994968696528 -0.7332051339106311 -15.264778130712616
0.8827774825198632 0.45731457238341927 -0.10755137489434022 2.6661137653778093 0.27528111119087156 -0.6890523606245486 -0.6703932831847706 0.11193725790301112 -0.3806891463877209 0.5622012328370577 -0.7341699718859939 -15.422795405561535
0.8843635322566252 0.45435792633491834 -0.10705147169104345 2.708688326659303 0.2736559047527237 -0.6904211416298187 -0.6696499779620292 0.10450765482878444 -0.37817137465513373 0.5629187525453482 -0.7349210089691516 -15.596071892743165
0.885927860466865 0.45143848299521083 -0.10646653051351984 2.735807490023639 0.2723487037058153 -0.6921145153382047 -0.6684337523254825 0.09192530375525143 -0.3754437502987172 0.5631880624881401 -0.7361122174183021 -15.748441185992682
0.8873420577270521 0.4487856504500013 -0.1059033169399835 2.764918700104296 0.2710325611784459 -0.6934277111439231 -0.6676071900442297 0.08078162459758831 -0.37304882169733944 0.5636926905396853 -0.736943096353007 -15.904928449315264
0.8887839123618477 0.44603110027776793 -0.10544863541919766 2.7908962719032413 0.2694853268035666 -0.6946662082131305 -0.6669456633072639 0.0654277785072801 -0.3707301117583276 0.5643537159900651 -0.7376069871441449 -16.058644726350348
0.8900576732447505 0.44362713934750575 -0.1048441678515793 2.8143454168177384 0.2683127948996945 -0.6957802445171732 -0.6662567789019019 0.05108712753689826 -0.36851808963910565 0.5648759267077789 -0.7383153831763041 -16.208913332191102
0.8911428524309875 0.4415378793890583 -0.10444480660031294 2.835263897948675 0.26723149544115665 -0.6967980979844737 -0.6656273270303008 0.03596111768845489 -0.3666766210238205 0.565258093006932 -0.7389394724094256 -16.35611606479638
0.8920866846569349 0.43971463425703816 -0.10407875613206372 2.8553049565186734 0.2663457583085873 -0.6977562237308115 -0.6649783374486282 0.02088935670776193 -0.3650223062893856 0.5654973851974181 -0.739575164027336 -16.499810721167073
0.8928331176089469 0.4382262497698373 -0.10395565455208661 2.8748315264132906 0.26550895895696763 -0.6985657751186524 -0.6644628285664022 0.005385586017460753 -0.36380491587425795 0.5656532611463853 -0.7400556542181026 -16.63947243486908
0.8934184838921665 0.4370724710831656 -0.10378375432156148 2.8935097937857996 0.2648599021548782 -0.699104355438574 -0.6641553526377129 -0.010538753318961369 -0.36283969583044695 0.5658805132075779 -0.7403557252440188 -16.775208756836907
0.8937697820481831 0.4363898817354757 -0.10363130712502272 2.911393602837543 0.26445515041844064 -0.6993315934331477 -0.6640774019972479 -0.025446219919100788 -0.3622693060620831 0.5661264819323965 -0.7404469976575938 -16.906554425314187
0.8939033421349236 0.4360458409890718 -0.10392708730714553 2.9305251110437287 0.264061726086755 -0.6995825997187799 -0.6639695708289628 -0.043251882768259975 -0.3622267518228016 0.566081452378407 -0.7405022414125808 -17.044580031349977
0.8938417488534403 0.4360556518323628 -0.10441454166770486 2.951700025567027 0.263693783618881 -0.6995586297660654 -0.6641410332155243 -0.06422632625835423 -0.3626465448441256 0.5661035170575065 -0.7402798737556893 -17.187938351464723
0.8935100014209209 0.4366490965422771 -0.10477329740730529 2.9734408003518835 0.26389561559879626 -0.6993896598964743 -0.664238818270678 -0.0847853008968551 -0.3633166407261287 0.5658548136392476 -0.7401414381405583 -17.340062620955017
0.8929723516146085 0.4376046160086918 -0.10536877763247451 2.996289274633904 0.26413185958839336 -0.6990003103947328 -0.6645546830911998 -0.10729809980703964 -0.3644650051819155 0.5655977069578281 -0.7397732719433662 -17.49650777861172
0.8923797166324621 0.4386836379634096 -0.10590140285262964 3.0219293684053135 0.2644814666752907 -0.6985284056106462 -0.6649117387596161 -0.13000119076642358 -0.3656610385702227 0.5653447906704695 -0.7393762726335686 -17.66087187403939
0.8915483690451312 0.44015247873187124 -0.10680496767077874 3.049206782577249 0.26492923713593064 -0.6980486994424205 -0.6652371851582857 -0.15490543353778552 -0.367360864768609 0.5647953688486964 -0.7389534399158887 -17.829583112214586
0.8905982585021517 0.44194347571267156 -0.10733455281473109 3.079812055757766 0.26590091874653854 -0.6974610734181437 -0.6654658161589956 -0.1799616861644533 -0.3689599481822949 0.5641223407572286 -0.7386707935852779 -18.00447970669634
0.8894043369384941 0.44416088279399973 -0.10807883988391448 3.1151588359682387 0.2672081258046442 -0.6969898165668369 -0.6654359571785227 -0.20505292899522987 -0.37089047296872885 0.5629620820248751 -0.738589162703631 -18.187078242546907
0.8885550725248232 0.4457753927237893 -0.10841670688762808 3.149029619959152 0.26829295482252513 -0.6966129321916357 -0.6653941035927282 -0.23754221476713688 -0.3721407979286938 0.5621518673324168 -0.7385773517863055 -18.37292365916593
0.8871944172604742 0.44841202128156427 -0.10868636138922666 3.1932303453440367 0.27038985933999 -0.6961606785787298 -0.6650185212209528 -0.26534838876549616 -0.3738654703873414 0.5606130294338373 -0.738875930911995 -18.569075506391144
0.8860350321644057 0.4506431251558444 -0.10891600216311167 3.239519210029116 0.2724655827447497 -0.696218844381721 -0.6641098003698976 -0.2970013194503265 -0.3751058890459932 0.5587486863318386 -0.7396590278807258 -18.77138806358315
0.8848764629588229 0.45288458390207015 -0.10903760344638772 3.2940311419393593 0.2749089699913843 -0.6966713241730148 -0.6626266854672352 -0.3293535424199101 -0.37605678230788375 0.5563673424446002 -0.7409700916645515 -18.988423355948015
0.8838144377663313 0.4550347837530643 -0.1086985978317386 3.3477721118775188 0.2776452149352907 -0.6971622636154946 -0.6609674067713596 -0.35887559035561534 -0.37654372152423443 0.5539928914393413 -0.7425003043873841 -19.195962016122404
0.8828027677998197 0.45710961500067404 -0.10821309088512912 3.4080734752319657 0.28078134908128394 -0.6981712656268179 -0.6585732441127118 -0.38608863254304904 -0.3765914326867671 0.5510060650546261 -0.7446953800715735 -19.41805649943643
0.8819057703859096 0.4590900499457657 -0.10713794006247346 3.470994060292331 0.2844672207862991 -0.6994593886121471 -0.6556180015683225 -0.4085801137498386 -0.3759263391386067 0.5477160667016409 -0.7474533415663679 -19.645562936734674
0.8810601792733174 0.4610028506753396 -0.1058741336119488 3.533325107852273 0.2885737480545291 -0.701235977194867 -0.65191509893645 -0.4203991676545229 -0.3747774705510343 0.543823938381505 -0.7508644162634145 -19.881474773394576
0.8802917749375407 0.4628587325622764 -0.10415461904379003 3.597487899498745 0.2933656450532047 -0.7035828164355138 -0.6472308851709621 -0.41984137851074266 -0.37285786739698956 0.5391966377004895 -0.7551450169422134 -20.150419338039153
0.8800328652121652 0.4638034796614461 -0.10211997062475797 3.638078579520657 0.29795027565130516 -0.7066448849436315 -0.6417777183903418 -0.4102598761477685 -0.3698212938512033 0.5343588109472289 -0.7600610973976274 -20.38931648671303
0.8798347419455467 0.4647370459474812 -0.09955051476322069 3.6750989817899002 0.3033380093880583 -0.7103305303116704 -0.635150840169193 -0.390119385458787 -0.3658918951358498 0.5286303205749272 -0.7659458892394072 -20.659166077327168
0.8797720264209383 0.4655427375951906 -0.09628676440493583 3.705008528266712 0.30939750770443963 -0.7144816467182582 -0.6275262215469944 -0.36316157312468444 -0.36093540108096533 0.5222891306308622 -0.7726187289157449 -20.937898038916202
0.8798471267261411 0.46616453916650263 -0.09251840906239234 3.729831921822975 0.31611198127476464 -0.7193889878274852 -0.618508447385393 -0.33129712983741744 -0.3548834299968044 0.5149467026947827 -0.7803125300144004 -21.21275135647804
0.8804392565462293 0.46593793366548386 -0.08791221475917271 3.747639879954205 0.3229153885917392 -0.7249729600694323 -0.6083912055403266 -0.3041017954655665 -0.3472065197299294 0.5072632937042704 -0.7887531828888716 -21.50527251505216
0.8811994600093753 0.465415970091229 -0.08291855319062266 3.7610623912325547 0.33003923043306155 -0.731237780500537 -0.5969634953192711 -0.2732932907705088 -0.33846952308049594 0.49867753423699485 -0.7979718659156931 -21.79669199453002
0.8820569605523775 0.4647130326969745 -0.07757135800463083 3.7692761113481525 0.3375410616718332 -0.7381745119645099 -0.584092819311631 -0.243586699627226 -0.3286967447763266 0.4890196183462772 -0.8079716968099241 -22.082064700939082
0.8831348965657431 0.46355275979536475 -0.07205271232865 3.7728298355201693 0.34497340309508945 -0.7458046466374446 -0.5698848832974861 -0.21830891140788555 -0.31790895807574726 0.47842895809106006 -0.8185594825271378 -22.36115128580837
0.8844123874464603 0.4620940600056792 -0.06545081083317526 3.768561200712968 0.35260079406865175 -0.7534547695122943 -0.5549581879036762 -0.19498909290066413 -0.30575710777250714 0.4677338880246369 -0.8292994640297003 -22.646431347502162
0.8856953302267168 0.4605345936776056 -0.05875091523363973 3.7585394760308857 0.36023400194169536 -0.7615328566457549 -0.5387941834263126 -0.17711956875936652 -0.29287411264852037 0.4560434149016507 -0.8403863146584332 -22.92892049003772
0.887046625931666 0.4587756701031951 -0.051702687982454476 3.738269365951557 0.3677191969722645 -0.7697865972816755 -0.5217386192563976 -0.1699641466463584 -0.2791610209203994 0.443794410923418 -0.851537224806888 -23.207010734063758
0.8883697113478257 0.4569847387780669 -0.044319346607582674 3.7054011340799438 0.3751366942455776 -0.7781174106199042 -0.5037913813481485 -0.1724764836308612 -0.2647106280266834 0.4309271908502845 -0.8626876836930046 -23.486704284368468
0.8896390602061865 0.45519053050421315 -0.03665956211885803 3.6617573723852255 0.3823652751199484 -0.7863819028850625 -0.48518068716439494 -0.1903019512639843 -0.24967807059872033 0.41761834700377004 -0.8736451094740583 -23.760114652402528
0.8909388996590879 0.4532063914319805 -0.028841703130303875 3.6095034565778654 0.3891682334256862 -0.7946948318782745 -0.4658414003481141 -0.2213390653877121 -0.23404265245160927 0.40381194998558895 -0.8843980698092075 -24.027471070732826
0.8921679450288225 0.4512158003495916 -0.020991888383974172 3.553594090171682 0.39557746807096367 -0.8029034184104928 -0.44594233647335013 -0.2632478340919362 -0.21807068720397393 0.3895515398758198 -0.8948154967158113 -24.283734296842812
0.8932852352051864 0.4493024957957502 -0.012990605687363946 3.500188863724872 0.40170349354671686 -0.8109512463692005 -0.4254319913741831 -0.30887322998783784 -0.20168240338903515 0.37481374479059604 -0.9048971570732623 -24.5470505038627
0.8942275126052642 0.44758584806530766 -0.004905538855361782 3.451174107875627 0.4075407694760781 -0.8186563946957081 -0.4046136782644299 -0.35404342388590404 -0.18511530707817858 0.3598174760006589 -0.9144745524342749 -24.805404606554035
0.895180965316608 0.44569211136855535 0.003095351137645072 3.408192670693663 0.4126592085958134 -0.8261695761770965 -0.38360944847648626 -0.3985709607951091 -0.16841442009490465 0.34467720154253934 -0.9234902326721711 -25.06142886409605
0.8959486936398603 0.4440194204086907 0.011076672106665034 3.369709668392315 0.41743725213452654 -0.8332675855249677 -0.3625069260631675 -0.440460931406224 -0.15173028338273115 0.3294114224086977 -0.9319152514533041 -25.3168181697362
0.8966864343740739 0.44226176553072827 0.0189200729161767 3.3336476462457636 0.42153745357447436 -0.8400593938086627 -0.34147677828480605 -0.48095698356412386 -0.13512813786720426 0.3141731141002774 -0.9396997609519098 -25.57106539173303
0.8972272666102519 0.4407691064151564 0.026567402603198342 3.300701827481732 0.4252734428079094 -0.8463565353755664 -0.32066043390068466 -0.5174638071357136 -0.11885171809193032 0.2990036953902946 -0.9468215561812818 -25.824029451492457
0.8978424605173646 0.4389966433072865 0.03407144342495836 3.271666866960817 0.4281287460244846 -0.8522924418904868 -0.30050519184176167 -0.5548097650305366 -0.10288193679955418 0.2843932851902215 -0.9531714255154139 -26.0668910404113
