1.0 0.0 0.0 0.0 0.0 -1.0 0.0 0.0 0.0 0.0 -1.0 0.0
0.9995954414959862 0.016416056941417255 -0.023226416317223175 0.17742623388767242 0.01618209776595602 -0.9998167743103188 -0.01022533713882433 0.03134746849536896 -0.02339002035779075 0.009845348252130308 -0.9996779361701731 0.09545435756444931
0.9983845461522602 0.03300142341698068 -0.0462515303184542 0.3846110701560974 0.03213824791541888 -0.9992973868466875 -0.019283818665124342 0.06278633326292038 -0.04685542684975565 0.017766223398220652 -0.998743675965406 0.21453998982906342
0.9971523630302387 0.03354673973264714 -0.0675409591027649 0.5821807980537415 0.031692149426675184 -0.9990956537069745 -0.028345765266633183 0.09794111549854279 -0.06843078669669538 0.026124528649217958 -0.9973137602755352 0.33415475487709045
0.995505144895788 0.03345330019203442 -0.08860238818608579 0.7744200229644775 0.030413808226674843 -0.998909054930963 -0.035435861017923696 0.1297551989555359 -0.08969117434378507 0.032581845914438114 -0.9954365457233528 0.4581530690193176
0.9933826276912817 0.03367179014218865 -0.10980512533477184 0.965633749961853 0.029363288916333326 -0.998743042166426 -0.04062182896139348 0.1607721447944641 -0.11103491462229563 0.037128779575595766 -0.993122702117944 0.5818510055541992
0.991080946035475 0.035003855145689024 -0.12858183592703412 1.1474792957305908 0.029180699771243355 -0.9984734568167133 -0.04689608505347826 0.19940543174743652 -0.13002709397001713 0.0427257083899393 -0.9905894551610621 0.7017533183097839
0.9882340327217877 0.0362324941218041 -0.14859577026330975 1.3281936645507812 0.02883711578586573 -0.998250103731995 -0.05162510195838839 0.2392130345106125 -0.1502062492827295 0.046732609265638644 -0.9875495663042134 0.8202557563781738
0.9852258188403848 0.03730400176074398 -0.167148129941462 1.507257103919983 0.028364941680644677 -0.9980527813005076 -0.05555246008751978 0.2735205888748169 -0.16889498504617323 0.04999057102050608 -0.9843654945371141 0.9405539035797119
0.9817452657462522 0.03821153556835115 -0.18632260124399627 1.6837445497512817 0.027704323255336925 -0.9978926546564426 -0.05867469859898408 0.3073103129863739 -0.1881720055103426 0.05244166599400196 -0.9807350141653908 1.0597625970840454
0.9779641212032825 0.038967954944406746 -0.20510406170171802 1.8599486351013184 0.026970653615801518 -0.9977752257806997 -0.06096870231364785 0.3404051661491394 -0.20702357711774744 0.05409341277572013 -0.9768393630539504 1.1743699312210083
0.9742392379745354 0.03902254051759942 -0.22211516950075608 2.0345427989959717 0.025384721100764805 -0.9976316230077721 -0.06392777729215705 0.3698676526546478 -0.2240837413232689 0.05664261740449108 -0.9729224484860731 1.2905036211013794
0.9703719350123341 0.03879694463295474 -0.23848082696008546 2.2075257301330566 0.023673124085931335 -0.9975415104454994 -0.0659584576390642 0.3966744840145111 -0.24045351096715326 0.058358649960906166 -0.9689047306305765 1.4030566215515137
0.9665910410119753 0.04086000261621115 -0.253045884419385 2.3769683837890625 0.024012461186681495 -0.997305837986898 -0.06931426422468041 0.43232569098472595 -0.25519631882757177 0.060922292335842995 -0.9649680373739857 1.5102739334106445
0.9628882321665266 0.04198541509609573 -0.2666148481882237 2.537022590637207 0.02377251303629016 -0.9971803987992403 -0.07117668069338025 0.4633999466896057 -0.26885148312620566 0.06219708329010719 -0.9611713701786186 1.6057738065719604
0.9589239170070107 0.04322419628815581 -0.28035083421879553 2.7013661861419678 0.023836734528555215 -0.9971052621968088 -0.07220045835345139 0.4893324375152588 -0.28266009884479054 0.06255209792386072 -0.9571784073861973 1.7021199464797974
0.9547728249829839 0.0445093020099303 -0.2939860110763797 2.8635683059692383 0.023954779714210638 -0.9970330238330221 -0.0731527027198878 0.514588475227356 -0.2963697373262933 0.06280184249661352 -0.9530062472912622 1.797519326210022
0.950586553213038 0.04446622708058333 -0.3072587826243117 3.0247316360473633 0.02289482762464581 -0.9970354150833296 -0.07345888603600284 0.531990647315979 -0.30961432737939276 0.06279439241549117 -0.9487865052595212 1.8877570629119873
0.9465677193362575 0.04579125458481513 -0.319237707224734 3.178182363510132 0.02325180724767964 -0.9969824679900484 -0.07406289205931045 0.5519749522209167 -0.3216658299699753 0.0626826891894482 -0.9447761503688089 1.9734498262405396
0.9418435859570989 0.047749702246700595 -0.33264188781153814 3.3396170139312744 0.023734860484941528 -0.9968337164312026 -0.07588938123161257 0.5750741362571716 -0.33521234462536253 0.06358071815659291 -0.9399947746075287 2.0581612586975098
0.9377595322402952 0.051244651230285966 -0.3434836901699257 3.494119167327881 0.02565229303942964 -0.9965725752679029 -0.078645165685629 0.6050257086753845 -0.3463365697616733 0.06493910951181235 -0.9358599748367973 2.1368181705474854
0.9337910256326649 0.05329216363177808 -0.35382801718255574 3.649068593978882 0.026428691983908542 -0.9964180302906673 -0.08032828363463401 0.6265596151351929 -0.3568414839784114 0.06565861868110168 -0.9318546566417825 2.210883378982544
0.9303462902135823 0.057422108926746 -0.36215808936461696 3.8022170066833496 0.028862509719982124 -0.9960656258963051 -0.08378677962820857 0.6580734848976135 -0.36554443754280946 0.0674979282215904 -0.9283433060389373 2.2799479961395264
0.9260540031814267 0.05440345769759802 -0.3734491223476091 3.968626022338867 0.02486003516751885 -0.9961994402440982 -0.08347846374254131 0.6712214946746826 -0.3765713237132158 0.06802160721337536 -0.9238869514767408 2.355740547180176
0.9212386638908323 0.05286954602282776 -0.3853882915398103 4.140971660614014 0.02191423651783017 -0.9962011226351608 -0.08427982853735337 0.6876295804977417 -0.3883800849560573 0.06919634646269397 -0.9188975869190974 2.4345974922180176
0.9162565820521538 0.04769447574104532 -0.3977425207717823 4.314274787902832 0.01680070570045357 -0.9965886441369072 -0.08080105609042357 0.6786463260650635 -0.40023944350110174 0.0673521444435726 -0.9139322056393355 2.5127882957458496
0.9113758088567709 0.04792494240241624 -0.40877540890615094 4.492768287658691 0.015693461776373836 -0.9965216308264648 -0.08184347593080293 0.6963392496109009 -0.41127588099490997 0.06817506282129496 -0.9089578155894653 2.5831973552703857
0.9066597115581615 0.051574101681107376 -0.41869831558421355 4.6701812744140625 0.017806348984762178 -0.9962929492057987 -0.08416230331118721 0.7243683934211731 -0.42148677484958386 0.06885108131756693 -0.9042170244074691 2.650437593460083
0.9022031736812978 0.05080112813553567 -0.4283090925716506 4.858266353607178 0.015899032071472377 -0.9962815718832626 -0.08467733052597806 0.7320154905319214 -0.4310181599174032 0.06958645634009775 -0.8996560847987655 2.7165610790252686
0.8980264876843237 0.05214422107581562 -0.4368402541270135 5.04793119430542 0.015994141545571754 -0.9961642201753219 -0.08602926175850281 0.7483705282211304 -0.43965055993775043 0.0702696709177526 -0.8954158578535077 2.780677556991577
0.8948076682790277 0.0521455948374865 -0.44339606868813625 5.237441539764404 0.015540919198201164 -0.9961916538505834 -0.08579433914259421 0.7532519698143005 -0.44618125982556095 0.06987865008344246 -0.8922103214169802 2.834939479827881
0.89154937935565 0.05453411818624447 -0.44962844007491776 5.430855751037598 0.01645644059825253 -0.9959697200125172 -0.08816746781565452 0.7751772403717041 -0.45262444668112145 0.0712063674950282 -0.8888536232106902 2.8976187705993652
0.8890524470284956 0.05647054194589786 -0.45430917261814163 5.624384880065918 0.017540516924375332 -0.9958362512746618 -0.08945664264465691 0.7900911569595337 -0.45746920847054784 0.07156282931497843 -0.8863411785321528 2.9517078399658203
0.8879004537540106 0.05623419675021567 -0.4565856976946173 5.811666011810303 0.01757501753996099 -0.9959226319101407 -0.0884829362512852 0.7903509736061096 -0.45969979658674254 0.07053953760152509 -0.8852684737711328 2.995368003845215
0.8863984862331563 0.058270951026007524 -0.45924091702514197 6.013056755065918 0.019114512448177544 -0.995807009732924 -0.08945968243091809 0.8095275163650513 -0.4625282251035467 0.07051876086047515 -0.8837956468263836 3.0444633960723877
0.8857877854345276 0.056905168890128775 -0.4605885375566587 6.203846454620361 0.018664363192460738 -0.9960192600079488 -0.08716234989855647 0.806713879108429 -0.4637150425871643 0.06861075314266991 -0.8833237933122714 3.094820737838745
0.8860081169181819 0.0579625211724366 -0.460032567210662 6.3922319412231445 0.02029279843120505 -0.9960524558937551 -0.08641589807349986 0.8201045393943787 -0.4632254516830092 0.0672298389656994 -0.883686782556873 3.1403884887695312
0.8869678867993415 0.05737245297479045 -0.458253608197869 6.57923698425293 0.021207388847337246 -0.9962667402969129 -0.08368290647701682 0.8240606784820557 -0.4613439220852361 0.06450568825939898 -0.8848733252489832 3.186781883239746
0.8879216893407573 0.06047316563567691 -0.45600226955165 6.767865180969238 0.024748068839717877 -0.9961652761410262 -0.0839182679729362 0.8577924966812134 -0.45932843008784063 0.06322767470714805 -0.8860133489198494 3.2443268299102783
0.8904583686932745 0.06164389113297207 -0.4508701856522546 6.949285984039307 0.027706929793301333 -0.996288635233765 -0.0814940571175059 0.8822544813156128 -0.4542204527160147 0.0600748365792911 -0.8888615158417144 3.290351390838623
0.8941011747881163 0.062467510509287984 -0.4434872031674444 7.1331610679626465 0.030341911408809617 -0.9963987325113123 -0.07917660173252015 0.9199188947677612 -0.4468360523218444 0.05733564319532973 -0.8927766609655562 3.35524320602417
0.8979692285982691 0.0633053031015931 -0.43548100198498374 7.315060615539551 0.03341286939948445 -0.9965501729725658 -0.07596928923481334 0.9563359618186951 -0.4387879267358241 0.05366741420606323 -0.8969866019084746 3.4200973510742188
0.9039409731643234 0.060141516232710024 -0.42340726854881333 7.486542701721191 0.03391769728263776 -0.9970255203945982 -0.06920766932157456 0.9704844951629639 -0.4263101064316674 0.048198648395071625 -0.9032920809168589 3.4769649505615234
0.9110418438840555 0.056987998265100016 -0.4083566171204737 7.658249378204346 0.034751640586892 -0.9974911974318996 -0.06167361285342786 0.9857556819915771 -0.4108467867330347 0.04199617958352854 -0.9107366461999475 3.5156495571136475
0.9184280244482803 0.051505520249652464 -0.39222078640969754 7.818718433380127 0.03365190067111892 -0.9980661367279493 -0.05226410142887179 0.9931906461715698 -0.39415417477079967 0.03480184047947597 -0.9183851688752334 3.587672233581543
0.9259708154740568 0.04670459868748758 -0.3746955155212711 7.989158630371094 0.033071778220623266 -0.9985388933864968 -0.04273565115680595 1.0041030645370483 -0.37614399686242006 0.027180118761900844 -0.9261624775213325 3.6492583751678467
0.9330758884495995 0.04169444382053582 -0.35725475468982454 8.152027130126953 0.032099893324115725 -0.9989480689045886 -0.03274679343650925 1.022426962852478 -0.358244306643624 0.01908740386456988 -0.9334327441070085 3.7443203926086426
0.9411118515533428 0.03641053063997808 -0.33612907658272334 8.306657791137695 0.03058343977460519 -0.9992763332096062 -0.022615549931794238 1.0357861518859863 -0.3367092753064462 0.011003778700046575 -0.9415443594313166 3.8115124702453613
0.9471241500302371 0.03354812201898643 -0.31910870865349333 8.51659107208252 0.03060911397488614 -0.9994302455520386 -0.014222039848905261 1.0753923654556274 -0.31940401777556476 0.003702402570037046 -0.9476114001235084 3.9030215740203857
0.9528296831688028 0.03150135725437986 -0.30186629385138525 8.72133731842041 0.03096431650318568 -0.9994989282124636 -0.006565333626474203 1.1242332458496094 -0.30192185408798994 -0.003091438705247044 -0.9533276650925442 3.9969606399536133
0.9586621166390994 0.028266567268561124 -0.28313944849825085 8.894879341125488 0.030176225216790586 -0.9995417494298198 0.002384654784398683 1.160866618156433 -0.28294229367966056 -0.010830157968706294 -0.9590757874775411 4.099956512451172
0.9640741153734499 0.024791038555154823 -0.26447401474295584 9.072588920593262 0.028886759180190267 -0.999515289886087 0.011607774463584991 1.1988633871078491 -0.2640580527288764 -0.018830552070733073 -0.9643229516597359 4.204168796539307
0.9692263753677322 0.02192895932881063 -0.2451924836414921 9.248387336730957 0.027846691017188577 -0.9993979808541884 0.020693904029076362 1.227290391921997 -0.24459107729212287 -0.026884876926011086 -0.969253531487893 4.276483535766602
0.9739702806053842 0.019436494446374214 -0.225840906793046 9.42917251586914 0.026772615184285156 -0.9992071742376775 0.029466082673979058 1.2487857341766357 -0.225089136951705 -0.03474544050075706 -0.973718457661528 4.323776721954346
0.9776802337549221 0.017277140194648807 -0.20938686910027418 9.596001625061035 0.02550797557805197 -0.9990017353520216 0.03667255030072141 1.273780345916748 -0.20854424879825964 -0.04119506269377301 -0.9771449550106811 4.364340305328369
0.9810209637062094 0.014285331475137976 -0.19337476069432158 9.73300838470459 0.023637942658070107 -0.9986550578756225 0.046144588483711634 1.3199210166931152 -0.1924554920905987 -0.049839790168927624 -0.9800392231334841 4.457123756408691
0.9837812431315783 0.011917820371482656 -0.1789760632600884 9.86131477355957 0.02191157464496685 -0.998302340082808 0.05396592148539023 1.3609868288040161 -0.17802906661291057 -0.05701230869542409 -0.9823722553585036 4.533178806304932
0.9859651388885757 0.009493780418005426 -0.16668117179155728 9.993154525756836 0.01993832994608003 -0.9979324424830827 0.06110076299613995 1.3991775512695312 -0.1657564716546331 -0.06356656647266638 -0.9841158893806579 4.602554798126221
0.9874302710470496 0.007080362531031811 -0.1578965746505574 10.12032699584961 0.018037779390746127 -0.9975173694800193 0.06807155132882832 1.446731448173523 -0.15702260453387168 -0.07006401395931934 -0.9851065605371366 4.702403545379639
0.9881984464000007 0.0058824747858642855 -0.1530660871095182 10.251288414001465 0.01743079575902912 -0.9970899507308317 0.07421453705841238 1.4965271949768066 -0.1521840921116 -0.07600675392345815 -0.9854252764498113 4.795517444610596
0.9883045567662326 0.005659712544399884 -0.1523878956118734 10.386917114257812 0.017737905162052488 -0.9967941994835595 0.07801724550631095 1.5418682098388672 -0.15145781523434995 -0.07980784128044516 -0.985236640952108 4.876463890075684
0.9876178922109587 0.00545175720074983 -0.1567838554450262 10.522395133972168 0.018320459053643372 -0.9965658573637618 0.0807517969886342 1.5865585803985596 -0.15580519813166238 -0.08262427173811511 -0.9843261501935724 4.958517551422119
0.9862639837951901 0.0058059776559201155 -0.1650746645972659 10.639693260192871 0.019486057598045288 -0.9964931366790879 0.08137396457564347 1.6256799697875977 -0.1640233148906781 -0.08347286490190314 -0.9829184264206985 5.021759510040283
0.9843083616029181 0.005933454109992322 -0.17635714729180496 10.702519416809082 0.02071478011854348 -0.996409421643155 0.08209240126463156 1.6786144971847534 -0.17523683163998133 -0.08445743651732214 -0.9808970355005174 5.11140775680542
0.9807871639350105 0.005507772530008226 -0.1950030858783437 10.75206470489502 0.0216686217940768 -0.9964916079892474 0.08083901308495509 1.7329041957855225 -0.1938736957141537 -0.083511314495474 -0.9774655239246928 5.198638439178467
0.9761026595606297 0.00224559815434895 -0.2172983094448604 10.778478622436523 0.01995877899125518 -0.9966465774277509 0.07935519417610869 1.7831647396087646 -0.2163914165114766 -0.08179582501863324 -0.9728741942664927 5.275099277496338
0.9701049350496058 0.0006217566433377505 -0.24268503952876028 10.796741485595703 0.019442550728703746 -0.9969815452772197 0.07516505569617035 1.8613611459732056 -0.2419057713523207 -0.07763640766626875 -0.9671888057618923 5.339541912078857
0.9627019389247164 0.00024044004036748688 -0.2705640755517604 10.80240249633789 0.019716373021739175 -0.9974032989099031 0.06926704814347544 1.9382251501083374 -0.2698448469499823 -0.07201806379117599 -0.9602068303559974 5.373018741607666
0.9541034317586108 0.0014427982412721502 -0.29947380493070946 10.791829109191895 0.02131075749062398 -0.9977804426135592 0.06308755783088488 2.038618326187134 -0.29871808301744546 -0.06657406905938987 -0.9520164915626503 5.439528465270996
0.9450222496472108 0.003605958179382456 -0.3269861537394719 10.742037773132324 0.023586964249670016 -0.9980862551354083 0.05716189663807307 2.1402854919433594 -0.32615426225822924 -0.061731874873403175 -0.9432987717766862 5.479164123535156
0.9347695418673017 0.0066493699837371426 -0.3551924682140868 10.671323776245117 0.026352508658008367 -0.9983680873167906 0.05066268365220243 2.265300989151001 -0.3542759501922552 -0.056718146181208365 -0.933419307176117 5.563784599304199
0.9232793597423371 0.010558309887979156 -0.383984043895172 10.605298042297363 0.02917342120773568 -0.9986624820900555 0.04268674689837176 2.3784286975860596 -0.38301975845746655 -0.0506139205954154 -0.9223524790844034 5.622575759887695
0.9119620708738969 0.016719847816207146 -0.40993368729148894 10.529046058654785 0.033285713827412466 -0.9988907090824559 0.033307845378348244 2.497836112976074 -0.40892204946956945 -0.04402042705098651 -0.9115069717011799 5.640142440795898
0.8989672551432453 0.025972750521822612 -0.43724511479323674 10.473626136779785 0.03911447295110536 -0.9990124351653185 0.02107634671422324 2.645862579345703 -0.4362658961986106 -0.036049557769715634 -0.8990953771422872 5.678249359130859
0.8845655376207258 0.03581771462853611 -0.4650386015940454 10.43890380859375 0.04420697542261619 -0.9989968509528038 0.007143886222931342 2.7999765872955322 -0.4643162208858751 -0.026877185588724324 -0.8852615793747567 5.739816188812256
0.8691195892157131 0.045499989450461915 -0.492504711248043 10.413159370422363 0.04810743311008061 -0.9988148989601369 -0.007380548408528974 2.9524810314178467 -0.4922568582773322 -0.01727855825175741 -0.8702784823857654 5.819855690002441
0.8533906524836893 0.05410678020394464 -0.5184562185849686 10.396007537841797 0.05017916389970258 -0.9985064268513592 -0.021609420326748972 3.0909855365753174 -0.5188510824540984 -0.007574422254756566 -0.8548310841117776 5.901758670806885
0.8383599097054624 0.060447784608029805 -0.5417552280639577 10.358884811401367 0.04945423708359745 -0.998168428934757 -0.0348434486295311 3.2150652408599854 -0.5428691741415503 0.0024192589569272324 -0.8398137930237695 5.999654293060303
0.8247910764369314 0.06623860598031592 -0.5615444125871011 10.319514274597168 0.04750041515716071 -0.9977210504946504 -0.047920934462387446 3.3321187496185303 -0.5634388971218666 0.012851166392024934 -0.8260577805047654 6.083401203155518
0.8142364726927128 0.06963475315658754 -0.576341884379185 10.276304244995117 0.04311862297900233 -0.9972919433207442 -0.059578218670313626 3.436190366744995 -0.5789298324402736 0.02365969019987747 -0.8150340288419385 6.146398067474365
0.8061162996167772 0.0717667812778495 -0.5873891730336642 10.223709106445312 0.03725623115822135 -0.9968045021300331 -0.07065944928445315 3.5373997688293457 -0.590583173424404 0.035075826979764024 -0.8062141164911751 6.211383819580078
0.8007670054832037 0.07297444188732737 -0.5945140315927759 10.176777839660645 0.030241265209041 -0.996210478061397 -0.08154844743610587 3.6370043754577637 -0.5982120600656757 0.04732244955532161 -0.7999393207988119 6.264347076416016
0.7981158481104241 0.07271095691476294 -0.5981005013703949 10.13110637664795 0.02180915263286989 -0.99552721038121 -0.09192352393181101 3.736053943634033 -0.6021091710449314 0.060321556139953256 -0.7961318081878402 6.318516731262207
0.7969858498679308 0.0673014786587444 -0.600236675054631 10.095569610595703 0.008691995007210462 -0.9949477309418238 -0.10001730808470483 3.8515775203704834 -0.6039354305992378 0.07449512510267167 -0.7935442470353185 6.395617485046387
0.8000303681165831 0.06151860525644907 -0.5967971776898295 10.042880058288574 -0.004262086144509562 -0.9941212328437395 -0.1081887657335103 3.9761924743652344 -0.5999443680150198 0.08909789905797325 -0.7950649782693952 6.457221984863281
0.8051347089163928 0.05126897583645644 -0.5908718918808004 9.995502471923828 -0.020677328608234128 -0.9932246434671986 -0.11435582928335206 4.084571838378906 -0.5927314303963832 0.10428949959673267 -0.798619528745773 6.529335021972656
0.8128128416550165 0.0446297475425805 -0.5808127667975136 9.944936752319336 -0.03390071736034988 -0.991746896668542 -0.12364802590729085 4.235201358795166 -0.5815376391972844 0.12019267274922346 -0.8045916328263968 6.6005754470825195
0.822000746691233 0.032861182234656644 -0.5685375230723089 9.898480415344238 -0.050641440882867025 -0.990160845377788 -0.13044901205471565 4.357400417327881 -0.5672303032317318 0.13602074467846792 -0.8122488166274867 6.669870376586914
0.8328792868999428 0.01702969612367175 -0.5531926273035264 9.837611198425293 -0.07000574765087358 -0.9882567592739586 -0.13582257929068775 4.463749885559082 -0.5490093703652834 0.1518504764538734 -0.8219064083287384 6.75225830078125
0.8446231241051024 -2.8844810437425594e-05 -0.5353613521677798 9.776660919189453 -0.08977310596950581 -0.9858479264183059 -0.1415791489638024 4.571529388427734 -0.5277807950953923 0.16764207450608445 -0.8326725449921907 6.8401947021484375
0.8572053239208665 -0.017827716386338094 -0.5146661103765922 9.710492134094238 -0.10919576945039575 -0.98296736958913 -0.14782230635855587 4.681835651397705 -0.503264658580213 0.18291342993742976 -0.8445515736606418 6.931039333343506
0.8695650215497464 -0.036593277786075414 -0.49246076525755894 9.644917488098145 -0.12863652329769368 -0.979606576274656 -0.15434895721490566 4.791102886199951 -0.47676966993619824 0.19756489501001434 -0.8565388456390117 7.032245635986328
0.8816704161955243 -0.05715895870037009 -0.46839100188400307 9.580179214477539 -0.14869601123760084 -0.9757172705413489 -0.16082693869301642 4.8932318687438965 -0.44782448955772625 0.21144422765265872 -0.8687603611725919 7.132922172546387
0.8928691802647756 -0.07935460987407222 -0.4432690749703183 9.515915870666504 -0.16939124712923012 -0.9712402188112453 -0.16732914497925533 4.985855579376221 -0.41724241434603937 0.2244889379350759 -0.8806324343422004 7.242637634277344
0.9037474289748152 -0.1026851120123648 -0.41556750642033996 9.453709602355957 -0.18994236878282056 -0.966193916678224 -0.17433075435838627 5.06757116317749 -0.3836176236339804 0.23648484760128105 -0.8926995215034096 7.340722560882568
0.9132578031079703 -0.1263761073986164 -0.3872844749550087 9.398626327514648 -0.2100704665440762 -0.9606145061813403 -0.18190703559767465 5.143914222717285 -0.3490423815933497 0.247485050038892 -0.9038365813900704 7.434850692749023
0.9213927927676331 -0.15091811133982513 -0.3581327199593489 9.3489990234375 -0.2302535767486315 -0.9543582127871229 -0.19022011481499718 5.209891319274902 -0.3130792420942713 0.2577287825513262 -0.9140882139127973 7.519453048706055
0.9279946079109481 -0.1761652628115262 -0.3283166274600661 9.300175666809082 -0.25012967969468364 -0.947641775774794 -0.19852004468624937 5.269111633300781 -0.27615421601713946 0.26634726389610497 -0.9234706189105412 7.604940414428711
0.9331775129876455 -0.20073328071846047 -0.298137349666554 9.253812789916992 -0.2684922346624919 -0.9407855674524185 -0.20696481826429527 5.326989650726318 -0.2389385887213171 0.2731824776321408 -0.9318152632011513 7.681170463562012
0.936751886691472 -0.22455372923368216 -0.26846140405505875 9.21248722076416 -0.2857343484342894 -0.9336270694874532 -0.21609344563198185 5.383024215698242 -0.2021182448587941 0.2791345872648468 -0.9387396323196778 7.751064777374268
0.9384395933708587 -0.2480788482369905 -0.24039137807197958 9.17844009399414 -0.3025783209749065 -0.926056572452808 -0.225533998086682 5.430213451385498 -0.16666580114091684 0.28438725300963347 -0.9441114346599617 7.812722206115723
0.9387053688159309 -0.27106387799972215 -0.21297090082896084 9.14542007446289 -0.31846710949731655 -0.9183980500845182 -0.23478441551640314 5.472867965698242 -0.13195048588228656 0.2882176185535968 -0.9484301100401243 7.870486736297607
0.9376544286625328 -0.2924647716813376 -0.18779917394632703 9.116193771362305 -0.3329844978840247 -0.9107670760060509 -0.24418160748163004 5.510163307189941 -0.09962678645055104 0.2914921792926389 -0.951371017444175 7.92548942565918
0.9357437544570184 -0.3124628485651479 -0.16355608903748192 9.090188026428223 -0.3459772165616883 -0.9032669227944397 -0.2537885572788702 5.544450759887695 -0.0684353097085847 0.2940677378632637 -0.9533314082380131 7.971451282501221
0.9327132232569991 -0.3311990381524634 -0.14266478292985357 9.070626258850098 -0.3583074614496094 -0.8958508501028172 -0.2628060452873879 5.573439598083496 -0.04076525764760762 0.29624052980127985 -0.9542430205518829 8.008974075317383
0.9288771858417161 -0.34922266162158744 -0.12341274744818001 9.052946090698242 -0.3701023864523205 -0.8882026348608628 -0.2722504416314472 5.596958160400391 -0.01453950360470508 0.29856257641599204 -0.9542793043961363 8.043749809265137
0.9246596261810941 -0.3658333794603532 -0.10569065324453195 9.039233207702637 -0.38066889654741864 -0.8809038500852723 -0.2812465077228769 5.615014553070068 0.009786057020546725 0.3002904350417455 -0.9537976136007204 8.072115898132324
0.9203098089328773 -0.380517547342854 -0.0907537974197773 9.029500961303711 -0.39004913909661115 -0.8748823279183279 -0.2871281619524633 5.628819942474365 0.029858410405169986 0.29964530441905207 -0.9535833297975013 8.092386245727539
0.9160070859629899 -0.3938371820240464 -0.07631050072532386 9.019126892089844 -0.3985458267445141 -0.8717271261182182 -0.28504919149894725 5.641334056854248 0.04574103682824936 0.291520310861919 -0.9554703898629442 8.111711502075195
0.91171281694258 -0.4057584712585671 -0.06434129641634635 9.013321876525879 -0.4066132348562085 -0.8688475529788459 -0.28243513754921 5.6470136642456055 0.05869767169484146 0.28366175752924805 -0.957126214588767 8.121070861816406
0.9075891053499615 -0.4162759331586628 -0.0547390475158324 9.008188247680664 -0.4140992351907015 -0.8659751702525956 -0.2803726590102241 5.6515092849731445 0.06930973426966874 0.27713056846705286 -0.958329175574132 8.133683204650879
0.9043920055639635 -0.42425333288912265 -0.04565314670931944 9.00006103515625 -0.4192249619110549 -0.863501041806703 -0.28038613037989746 5.6623759269714355 0.07953321056430401 0.27271791347692875 -0.9588010263272168 8.14655876159668
0.9016252541863086 -0.4307063163382625 -0.039547061582356505 8.995251655578613 -0.423756162989412 -0.8613488653571764 -0.28019430129179157 5.670641899108887 0.08661763874618768 0.26938856919741216 -0.9591283456575588 8.156781196594238
0.8993903273337328 -0.4357399985367694 -0.03503844707884643 8.99025821685791 -0.4274546622363469 -0.8598365141273226 -0.2792197713375346 5.678300380706787 0.09153988655734444 0.2661049091026897 -0.9595877377918695 8.167375564575195
0.8982740923492306 -0.4382355928447553 -0.03245335388171632 8.985052108764648 -0.42920792601715346 -0.8591303532424707 -0.2787034129348284 5.690211772918701 0.09425609401104931 0.264281292000538 -0.9598287281803494 8.177878379821777
0.8979917274533826 -0.4388977102735296 -0.031299478301438886 8.980912208557129 -0.4295764395567459 -0.8590726806393953 -0.27831315448033084 5.700613021850586 0.09526247951338865 0.26336842881350825 -0.9599802762042902 8.185864448547363
0.8979587867872274 -0.43893452173790515 -0.03172542920634611 8.976463317871094 -0.4296817937265677 -0.858883398732081 -0.27873439601590005 5.7069573402404785 0.09509770434416237 0.26392383941043623 -0.9598440673460062 8.196331977844238
0.8990457637557066 -0.43664698062929114 -0.0324981381042291 8.965531349182129 -0.4275753192565423 -0.8595295413493651 -0.27997913120519563 5.720527648925781 0.09431893254052445 0.2656094536251932 -0.9594558651180065 8.216634750366211
0.9013038914949622 -0.4316174090497996 -0.036847081040096805 8.956156730651855 -0.42391982078538815 -0.8613243644897558 -0.28002200749513 5.737226486206055 0.08912508469180767 0.26800513305057466 -0.9592861762462866 8.236564636230469
0.9043154344002713 -0.42476387518868614 -0.04229947328441692 8.945600509643555 -0.41876890981329756 -0.8635898042145844 -0.2807939640205931 5.754124164581299 0.08274173843490995 0.2716400198632487 -0.9588354938827948 8.258828163146973
0.9081188220258082 -0.4158725957887508 -0.04868458846888428 8.931720733642578 -0.4119058675366434 -0.8664170570915511 -0.2822322438519401 5.774028778076172 0.07519149799906606 0.27635388047346476 -0.958109999622128 8.286229133605957
0.9126716627268255 -0.40480130891367455 -0.056270208434192 8.921099662780762 -0.4039026921614231 -0.8723630719070149 -0.2754002288265411 5.789525032043457 0.06239432121760955 0.274077673433522 -0.9596813937995575 8.30451488494873
0.9180515240266012 -0.3908162512140301 -0.06666376091586054 8.906658172607422 -0.39405594569590074 -0.8809968003130422 -0.26184833300957044 5.814057350158691 0.04360402382973651 0.26665951253460596 -0.962803922655419 8.331628799438477
0.9240082100470726 -0.3742192299078227 -0.07854168149970889 8.890165328979492 -0.3817276670523286 -0.8908548014146929 -0.24629598251529683 5.84255313873291 0.022199458831065732 0.25756104279099534 -0.9660069840658625 8.363224029541016
0.9296670564253565 -0.35672493458058185 -0.0920135057798187 8.873385429382324 -0.36840013019847206 -0.9006843775165231 -0.23032367695793254 5.866082668304443 -0.0007129285812314465 0.24802212229184895 -0.9687541063586184 8.393999099731445
0.9355795818760786 -0.33655296316515493 -0.10687819684732772 8.854270935058594 -0.3521358605428472 -0.9117559009250784 -0.2114273228512514 5.89698600769043 -0.02629033465611863 0.235442732130454 -0.9715325718629391 8.428274154663086
0.9410468479400803 -0.3149836276659019 -0.12335373640254094 8.83592700958252 -0.3340305257133555 -0.9228444273974331 -0.1917857416836894 5.9282097816467285 -0.05342693958761274 0.22168328111053381 -0.973653986281764 8.46033763885498
0.9460636972095874 -0.2915846571123455 -0.14121568099471773 8.81450366973877 -0.31344472262024736 -0.9340279509939214 -0.17130146707956975 5.963123321533203 -0.08195051362646937 0.20632540924174284 -0.9750456085833038 8.501770973205566
0.9500057896743913 -0.26747820062066685 -0.16107269097480995 8.795592308044434 -0.2914291345840603 -0.9447639559567697 -0.1499670865240136 5.994896411895752 -0.11206274626619668 0.18941087539432797 -0.9754821685615952 8.539554595947266
0.9528729700080483 -0.24279368275566887 -0.18189098559846434 8.773089408874512 -0.26773525331735654 -0.9549708678033484 -0.12786115820690294 6.031540870666504 -0.14265671088011267 0.17053407067462903 -0.9749703552313826 8.584980010986328
0.9546371207390169 -0.21768279252857772 -0.20318014062422593 8.74964714050293 -0.24249310247657666 -0.9643237083003587 -0.10619265916780339 6.068096160888672 -0.172815112066059 0.15064523705316724 -0.9733657840682456 8.63126277923584
0.95514086914397 -0.19183572658545306 -0.2256213068314523 8.724764823913574 -0.21526165146071763 -0.9729333176849624 -0.08404273168416329 6.107920169830322 -0.20339208809908402 0.12884026289930894 -0.9705832499866929 8.67806339263916
0.954159641444972 -0.1661950776039589 -0.24891479429277902 8.698799133300781 -0.18695926844716926 -0.9804046817616925 -0.06207166762262791 6.148388862609863 -0.23372122406683932 0.1057632079693537 -0.966534289749065 8.729454040527344
0.9516700972670425 -0.141579968907352 -0.27254199377697913 8.673295974731445 -0.15845321321948755 -0.9865226057816167 -0.040813325057738464 6.185998916625977 -0.2630904885931023 0.08202597567869731 -0.9612778652012125 8.783241271972656
0.9479697506133263 -0.11783866306460165 -0.2957488823465875 8.644654273986816 -0.1295040292183786 -0.9913752214683927 -0.020096683176618987 6.224870681762695 -0.29082994745781204 0.0573517196398098 -0.9550543031241959 8.835607528686523
0.943004375714503 -0.09337429281865244 -0.319411942206169 8.614527702331543 -0.09853270752440006 -0.9951338128368301 9.835847213316568e-06 6.274600505828857 -0.31785854232851996 0.03146324823424 -0.9476159618111861 8.89419937133789
0.9369136688513903 -0.06920935175394036 -0.34264098229667095 8.58234691619873 -0.0666101076966144 -0.9975911735872202 0.019363469046613537 6.326961040496826 -0.34315575278883736 0.004681453905901984 -0.939266848833309 8.949617385864258
0.9298783271329762 -0.0471002756232876 -0.364839500005946 8.547680854797363 -0.035799521458391256 -0.9986483654375684 0.03768071751205972 6.37900447845459 -0.3661211425084988 -0.021977403055952725 -0.9303076387750389 9.004454612731934
0.922007077754744 -0.025287530115112505 -0.38634633347662894 8.509420394897461 -0.004436293572824915 -0.9984893057446027 0.05476701208754173 6.437098979949951 -0.3871476047575304 -0.04878162701610625 -0.9207263898662668 9.071287155151367
0.913362838314428 -0.0076354934017256945 -0.4070749621712495 8.474599838256836 0.023499896804668293 -0.9971686690775262 0.07143108749224546 6.482265472412109 -0.4064678098403144 -0.07480872041859217 -0.9105973725598767 9.13425350189209
0.9037681689433499 0.006635850577262757 -0.4279708661718699 8.4424409866333 0.048609045484913876 -0.9950022228452537 0.08722234363997179 6.522820949554443 -0.42525316871462576 -0.09963203310241138 -0.8995738993979594 9.206586837768555
0.8942900498721238 0.021903436790282598 -0.4469513912680978 8.40481185913086 0.07503119543297525 -0.9920007095721028 0.10151311206116602 6.57659387588501 -0.44115261124877503 -0.1243174632351315 -0.8887798050828837 9.286090850830078
0.8858113086560839 0.0339334940251793 -0.462803244846273 8.35728931427002 0.09798539539053629 -0.9885133826497909 0.11506587075422736 6.6254048347473145 -0.4535826140265481 -0.1472746084887392 -0.878961319938103 9.355846405029297
0.8768430122104978 0.03902906099554745 -0.47919000859307026 8.316993713378906 0.09964196318428756 -0.9898112578097 0.10171112567443619 6.687111854553223 -0.47033797540747435 -0.13693212300620225 -0.8717980170765545 9.431560516357422
0.8681934853065368 0.042056681739797964 -0.4944403984226263 8.274386405944824 0.09921211625606055 -0.9909956366611422 0.08991442657644695 6.737823963165283 -0.4862067750034773 -0.1271175976787427 -0.8645484881145206 9.516000747680664
0.8607024803087487 0.044265278207435046 -0.5071802692688138 8.233102798461914 0.09881908084041192 -0.9917919752664349 0.08113856702554777 6.792176246643066 -0.49942569983154067 -0.1199552539171234 -0.8580120671677375 9.599923133850098
0.8548481513049585 0.04575492572599957 -0.5168569676247994 8.183709144592285 0.09783844570643832 -0.9924501654945345 0.07396152751004678 6.847452640533447 -0.5095706788584318 -0.11379435742460761 -0.8528707800517482 9.686387062072754
0.8501327052790769 0.04867440034348294 -0.5243140148480496 8.134285926818848 0.09835757282697499 -0.9928724389426452 0.06730607591941369 6.911419868469238 -0.5173008518091429 -0.10878935030271077 -0.8488608283919393 9.77364444732666
0.846553456228554 0.04913453759245705 -0.5300311716899913 8.086868286132812 0.09711861113284388 -0.9932744876155167 0.0630378269276492 6.967688083648682 -0.5233691060037047 -0.10484078151038473 -0.8456318285241956 9.863996505737305
0.8445759305607806 0.049568694793746385 -0.5331364197030962 8.033509254455566 0.09696477505615132 -0.9934016081595215 0.06124603909140889 7.034610271453857 -0.5265826904824175 -0.10342238346954122 -0.8438095049724065 9.958039283752441
0.8441836988413878 0.0493445685475131 -0.5337780401677585 7.987120628356934 0.09673383349480211 -0.993430013593382 0.061150417408657246 7.091828346252441 -0.5272536847361746 -0.10325658161450478 -0.8434107126930592 10.044623374938965
0.8452704896244467 0.04883681286546521 -0.5321022129997127 7.945855617523193 0.09644025452394181 -0.9934043653153353 0.062024545784655646 7.14762544631958 -0.5255635800523143 -0.10374359103857479 -0.8444052289280399 10.127772331237793
0.8486955233918071 0.0467206667019969 -0.5268140923301383 7.900839805603027 0.09583753133555406 -0.9931856636822384 0.06631293270229166 7.194370269775391 -0.5201260195012487 -0.1067680512091182 -0.8473898200231073 10.199989318847656
0.8533450647207134 0.0437201364486548 -0.5195101059514746 7.86372709274292 0.09528230217119574 -0.9927727951230833 0.07296204599966818 7.237791538238525 -0.512565589373456 -0.11176192076200084 -0.8513435203593377 10.265583038330078
0.859425613576385 0.04037089662852446 -0.5096644047157535 7.832857608795166 0.09480123089003377 -0.9921734493091557 0.08126852470487446 7.279761791229248 -0.5023946072069134 -0.11816106461682409 -0.856526486139238 10.324389457702637
0.8670656360531845 0.037299003612822255 -0.49679569956389247 7.8026299476623535 0.09515580132718646 -0.9912338559560707 0.09165596696473424 7.316749572753906 -0.48902204065815646 -0.12674473218224933 -0.8630140303694849 10.377494812011719
0.8759080387598784 0.034695084433915085 -0.48122900863512635 7.776696681976318 0.09601014830591037 -0.9899975998218203 0.10337699826030904 7.353950500488281 -0.472828889830243 -0.13675161228723537 -0.870477936238904 10.424680709838867
0.8856571909456242 0.024523323215787783 -0.4636916505014513 7.752686977386475 0.09067598752001121 -0.9885130149483264 0.1209127146541697 7.386595726013184 -0.4554000498611927 -0.14913291352422475 -0.8777073365821887 10.464224815368652
0.8956936974229112 0.010894965129284756 -0.4445380750078742 7.737133979797363 0.08206921955938576 -0.9865762366249063 0.14118063793576716 7.412498950958252 -0.4370325429505085 -0.1629375004775405 -0.8845642584574304 10.499924659729004
0.906527525478873 -0.006419146645956136 -0.42209790346019144 7.72279167175293 0.06915922034444333 -0.9841166545945249 0.16349743848461204 7.428657531738281 -0.41644309069847724 -0.17740689024392056 -0.8916848924948105 10.5243501663208
0.9177836093924067 -0.02654366270683236 -0.39619273125683785 7.710724353790283 0.053028009764643065 -0.9806329742634835 0.18853912052291955 7.439468860626221 -0.3935241752561689 -0.19404742656696322 -0.8986013130035432 10.545896530151367
0.9285838075091365 -0.048139271033742284 -0.3679873951865407 7.7075676918029785 0.034405131776650805 -0.9761153126464196 0.21451149928293858 7.448741436004639 -0.36952455850628746 -0.21185255958218388 -0.9047486356216355 10.558890342712402
0.9391780386670954 -0.07208213029073447 -0.335780848438647 7.701368808746338 0.004937393310112045 -0.9747903197215491 0.2230682736842283 7.449996471405029 -0.34339515697331735 -0.2111587058823531 -0.9151457627598791 10.56711483001709
0.9484006616476314 -0.0998247853347004 -0.3009504896477419 7.696570873260498 -0.034724586026753275 -0.976138555790019 0.2143541999249053 7.453907489776611 -0.31516723832214105 -0.19284328386816235 -0.9292368265169745 10.57882308959961
0.9556970929402121 -0.13013319481181307 -0.2640235181829437 7.688136577606201 -0.07705964184146744 -0.9762944248386488 0.20226469694001828 7.460718631744385 -0.28408604003874116 -0.17295822512110662 -0.9430697610559168 10.597084045410156
0.9606041926682392 -0.16193298202664486 -0.225870082924142 7.673517227172852 -0.1196173522430873 -0.974486172679131 0.18991679309511336 7.461596488952637 -0.25086106527429414 -0.15541688643495996 -0.9554654977236534 10.63224983215332
0.9630201115052254 -0.19647443207204712 -0.18436394001656012 7.653010845184326 -0.16513405136785375 -0.9711011407420037 0.17231749629221713 7.479151248931885 -0.21289201468186233 -0.13550045015255766 -0.9676345477984712 10.66385269165039
0.9618827286209894 -0.23303073647534045 -0.14310238376211734 7.632513999938965 -0.2113111380573386 -0.9655368060483123 0.15194169638034158 7.497663497924805 -0.17357770396439823 -0.11591096593413384 -0.9779751677126898 10.701201438903809
0.9572915528302158 -0.2703507053063789 -0.10248599426388623 7.608938217163086 -0.25678186729421754 -0.9579067737754338 0.12836543687470775 7.521599769592285 -0.1328757145185256 -0.09656660341693288 -0.9864172218669481 10.745023727416992
0.9490872203857237 -0.3086194264707649 -0.06314663653241576 7.583338260650635 -0.30155509952095316 -0.9480649506183607 0.10117989603628448 7.5483078956604 -0.09109319433091004 -0.07698635602404764 -0.9928620905909993 10.793249130249023
