1.0 0.0 0.0 0.0 0.0 -1.0 0.0 0.0 0.0 0.0 -1.0 0.0
0.9995934084913596 0.016547386411453237 -0.02322071712019261 0.17761151492595673 0.016314427409537723 -0.9998150230419511 -0.010186223928494654 0.0310689527541399 -0.0233849772059944 0.009803249592485425 -0.9996784678777986 0.09581830352544785
0.9983787131002767 0.03316437045061059 -0.04626088802487803 0.3848530650138855 0.03230236009002867 -0.9992925814076198 -0.019258615638454137 0.06263954937458038 -0.04686686207598882 0.017733056034148598 -0.9987437288728477 0.21493510901927948
0.9970924126412641 0.03399993656032579 -0.06819622399456297 0.5826447606086731 0.03215879048669342 -0.9990928263323258 -0.02791660018193056 0.09777836501598358 -0.06908352081108592 0.025642322148717936 -0.9972812734966827 0.33474335074424744
0.9954356460720496 0.03394920009509282 -0.08919263614237036 0.7747228741645813 0.03092349539436856 -0.9989056440403278 -0.035089196869881344 0.12977801263332367 -0.09028627781516074 0.03217088928335949 -0.9953961130730832 0.4587189257144928
0.9932936548741305 0.034182428068634405 -0.11045033634228824 0.9660687446594238 0.029888840221421298 -0.9987405513838765 -0.04029848944623813 0.16074110567569733 -0.11168873003580224 0.03672700141262355 -0.9930643256860185 0.5826995372772217
0.9909578566635666 0.035442606564696943 -0.1294076812119403 1.1481605768203735 0.029640613713945562 -0.9984789240022955 -0.046489486358526844 0.1987079679965973 -0.13085855086853027 0.04223339866881533 -0.9905010750632579 0.7030949592590332
0.9881373979616117 0.03691118835667289 -0.14907061052988754 1.3283298015594482 0.029541598057218697 -0.9982435478336289 -0.051352830425939494 0.2377503514289856 -0.1507042691295802 0.0463398681766336 -0.9874921973785369 0.8221385478973389
0.9851324737027888 0.037766161721455305 -0.16759393272148357 1.5072294473648071 0.02884224464580157 -0.9980494435919557 -0.05536635322630205 0.2714157700538635 -0.16935800595193604 0.049709407305024274 -0.9843001781191384 0.9424769878387451
0.9816422237749792 0.0386415753771161 -0.18677626496556815 1.6836060285568237 0.028167220736832865 -0.9978950672303167 -0.05841269102997944 0.30484241247177124 -0.18864027188825827 0.05207939563566347 -0.9806643586733169 1.0618325471878052
0.9778441070579535 0.039370528212497743 -0.20559879328513347 1.8601040840148926 0.02741590728331561 -0.9977810016273707 -0.060674877991753653 0.33772289752960205 -0.20753137189318333 0.05369389443642983 -0.9767536513268755 1.1767011880874634
0.9741442357195524 0.03938551684702307 -0.22246750117053476 2.034247398376465 0.025819707837688805 -0.9976437979364405 -0.06356252926159597 0.36682596802711487 -0.2244467658522738 0.0561750256043352 -0.9728658775991719 1.2930285930633545
0.9702788358404945 0.039119559105892265 -0.23880670178069804 2.207094192504883 0.02408098043180501 -0.9975573076795533 -0.0655707577854969 0.3933965265750885 -0.240788469618995 0.057871219016726094 -0.9688507805168248 1.4055320024490356
0.9664703320392916 0.04115590886977882 -0.2534586523537203 2.3767616748809814 0.024434134642320277 -0.9973330215705909 -0.06877366610234208 0.42872142791748047 -0.25561312632989436 0.06027466507561806 -0.96489838552973 1.512977957725525
0.9625580228953136 0.04266373840599476 -0.26769732532300394 2.5444557666778564 0.024327576688656594 -0.9971478986284309 -0.07144394497340109 0.46040764451026917 -0.2699818911933223 0.062256515210294884 -0.9608506152058954 1.6141021251678467
0.9585824508534821 0.04395598867901391 -0.2814028357621533 2.7085680961608887 0.02444343879682554 -0.9970702715450885 -0.07248028629074767 0.48667147755622864 -0.28376434451057597 0.06259987747794162 -0.9568485000898677 1.7105504274368286
0.9544082760814954 0.04504988545924404 -0.29508532726527853 2.871466636657715 0.024358134225052314 -0.9970030779477639 -0.07342713299427467 0.5104020237922668 -0.29750886347169875 0.06289173540930126 -0.95264532002891 1.8071858882904053
0.9502095207580635 0.04500742443645815 -0.30834428550944115 3.032486915588379 0.02329564968080608 -0.9970054763219248 -0.07373867974164657 0.52774977684021 -0.31073972930200033 0.06288411508233592 -0.9484125730417282 1.8976024389266968
0.946168988185957 0.046306923440302475 -0.320343432329518 3.1859192848205566 0.023630252249743966 -0.9969544926021061 -0.07431924958643327 0.5476162433624268 -0.3228093198372315 0.06274877307143986 -0.9443816678145827 1.9835554361343384
0.9414028285256865 0.0482120014190817 -0.333820786295586 3.3475089073181152 0.024060983926815417 -0.9968090814901341 -0.07610994751849792 0.5704731345176697 -0.33642500426738553 0.06361806329936051 -0.9395589170061279 2.0687596797943115
0.9373031531182182 0.05171646340970933 -0.3446566502579611 3.5019028186798096 0.025980350382157617 -0.9965455556145554 -0.07887950924605204 0.6004897356033325 -0.3475454222812705 0.06497971219749964 -0.9354089033433796 2.147615432739258
0.9332999148941878 0.053769760802247754 -0.35504940738124097 3.6568164825439453 0.026754508399961772 -0.9963899694901921 -0.08056813873740824 0.6220182180404663 -0.35809979773629824 0.0656950646746234 -0.9313692572436665 2.2222304344177246
0.9298019071685006 0.057836825867252334 -0.36348770955758636 3.81024432182312 0.029101926206140754 -0.9960370739211424 -0.08404299652975829 0.6533722877502441 -0.36690801478969015 0.06756514595714093 -0.9278003339807972 2.2919576168060303
0.9255262233606186 0.05490644397340846 -0.3746818547541706 3.976222038269043 0.025196768883827304 -0.996169036068851 -0.08373992127696007 0.6667930483818054 -0.3778443233788824 0.06806272098477577 -0.9233640307606222 2.3675787448883057
0.9207086926333068 0.05338772730828971 -0.3865814970770366 4.148364067077637 0.02227282545157767 -0.9961722250085625 -0.08452703335557149 0.6832966208457947 -0.3896144562973385 0.0692145121657737 -0.9183735224568397 2.4465866088867188
0.915719616145038 0.048166684139550074 -0.39892048724800316 4.321479320526123 0.017131735136844135 -0.9965666778678444 -0.08100222351669552 0.6740742921829224 -0.40145247322489425 0.06734112489740941 -0.9134008345951774 2.524921417236328
0.9108214976700026 0.04863148454920778 -0.40992582023179935 4.49975061416626 0.016264596952058893 -0.9964930030706072 -0.08208019077286355 0.6922675967216492 -0.4124798931683342 0.06809312404246673 -0.9084182209698222 2.5962631702423096
0.9060861229766003 0.052278197822594255 -0.4198510780999078 4.677122116088867 0.018373058074335733 -0.996262589686704 -0.08439954459438259 0.7202872633934021 -0.42269417843901075 0.06875930790201273 -0.9036602177204692 2.6638123989105225
0.9016134650802508 0.05153211847220705 -0.42946198941437147 4.865121841430664 0.01647493225182002 -0.9962486080187047 -0.08495462099315768 0.7281147241592407 -0.43222880074479214 0.0695208730278867 -0.8990801477177432 2.730257749557495
0.8973864052415544 0.0528636213488063 -0.4380674345640533 5.054872035980225 0.016569669121843947 -0.9961344285304304 -0.0862649776070564 0.7443012595176697 -0.4409343326991375 0.07015438570925814 -0.8947934266706051 2.794936180114746
0.8941334816640599 0.05280132261665869 -0.4446766660139001 5.244436740875244 0.016085517967880318 -0.9961702606101716 -0.08594223634260448 0.7486823797225952 -0.44751153401785204 0.06969097650194475 -0.8915585200732447 2.8498196601867676
0.8909160391924457 0.054930357039614575 -0.4508339683133303 5.437655925750732 0.01668083637149259 -0.9959467989922212 -0.08838395371952788 0.7699552774429321 -0.4538616097530082 0.07122239431982487 -0.88822126170215 2.91266131401062
0.8884438629894011 0.056724825403191494 -0.45546657012282205 5.631232738494873 0.017528691239894263 -0.9958030610116428 -0.08982766090274451 0.7857962250709534 -0.45865046309786556 0.07182310117795974 -0.8857094302519839 2.9681448936462402
0.8873071216131516 0.05651220796564719 -0.4577034436023297 5.818310260772705 0.017598353687283762 -0.9958899598287714 -0.08884529171399624 0.7861872911453247 -0.4608431076647244 0.07077823297522529 -0.8846547755225334 3.0117545127868652
0.8857900266680341 0.05847792734166516 -0.4603871856049719 6.019642353057861 0.019099349875128978 -0.995782443500628 -0.08973594625492276 0.8048298358917236 -0.46369304878312695 0.07069411029033398 -0.8831710475782522 3.061271905899048
0.8851441652135963 0.05715262304384648 -0.461793660055585 6.210693836212158 0.018670584148690664 -0.9959913609994213 -0.08747924383570362 0.8023826479911804 -0.46494216422676904 0.0688097848690709 -0.8826630146496453 3.1122772693634033
0.8853860224461962 0.058222592281964 -0.4611959681142843 6.398731231689453 0.020328661297959228 -0.9960257523294029 -0.08671474053746515 0.8158259391784668 -0.4644118180954665 0.06740052258414052 -0.8830508664672994 3.1576993465423584
0.886339177186859 0.05780259905435766 -0.45941454322461667 6.585944652557373 0.021363317540978997 -0.9962259813159071 -0.0841273012452026 0.821040689945221 -0.4625434808181446 0.06475070419477258 -0.8842289718500043 3.204415798187256
0.8872292114169269 0.06070836733223756 -0.45731698038051466 6.7748918533325195 0.02475713953096758 -0.9961407720321984 -0.08420597566289495 0.8533979058265686 -0.4606640972017921 0.06338814109082205 -0.8853081571511177 3.263049840927124
0.889734755364479 0.06188012863384365 -0.4522642090380017 6.956905841827393 0.027696280505080814 -0.9962618152836682 -0.08182488285279375 0.8776541352272034 -0.45563689616041214 0.060276405731832614 -0.88812261190072 3.3095855712890625
0.8933827185570271 0.06269423184585207 -0.44490083330660823 7.14075231552124 0.030309219159159885 -0.9963705081056466 -0.07954345863273572 0.9155072569847107 -0.4482729853756725 0.057578154455959006 -0.8920404064345 3.374829053878784
0.8973276536744323 0.06344180920120171 -0.4367816603251745 7.322001934051514 0.03331235825406704 -0.996527749126578 -0.07630682805796893 0.9518954157829285 -0.4401060880500184 0.053921999833037165 -0.8963253032216123 3.439965009689331
0.9032884623025588 0.060582438925032525 -0.42473488432782847 7.494123458862305 0.03402288569609256 -0.9969772893399007 -0.06984789037168353 0.9686267375946045 -0.4276825892177395 0.048642087068286904 -0.902619272033149 3.4970409870147705
0.9104342521926412 0.057610825484036385 -0.40962234463158165 7.665489673614502 0.03501445264840222 -0.9974331382404633 -0.06245896929596058 0.9852534532546997 -0.41216921347931745 0.042522082813860995 -0.9101145048470616 3.535405158996582
0.9177943037982723 0.05197312464962043 -0.3936399499918678 7.826954364776611 0.03379888445230577 -0.9980241032760055 -0.05296720390869372 0.9917551875114441 -0.39561502919533387 0.03530840684993411 -0.9177374706747541 3.608516216278076
0.9253084143740752 0.04701668934412448 -0.3762894752868497 7.997976779937744 0.03312271475761769 -0.998512352251853 -0.043312448182443036 1.0010464191436768 -0.37776609701721525 0.02761364379413571 -0.9254892017850832 3.671259880065918
0.932298859579362 0.04190978954409504 -0.3592525657074578 8.161256790161133 0.032038873793713805 -0.9989287683858736 -0.03338901401827492 1.0178816318511963 -0.36026704955220656 0.019618492078947912 -0.9326428940250906 3.768024206161499
0.9403780023958976 0.03650220724107153 -0.338166824919937 8.315719604492188 0.030447567557240734 -0.9992672375387881 -0.023193395858445476 1.030583143234253 -0.33876563910725765 0.011514202018774854 -0.9408003321173533 3.83585524559021
0.9464422405446737 0.0334172190628755 -0.32113918288318777 8.522825241088867 0.03032125986729304 -0.9994330090821957 -0.014638359094101543 1.0674532651901245 -0.3214462731357105 0.004117016761147687 -0.9469188685733063 3.9276177883148193
0.952278719950978 0.031108393790902418 -0.30364042445675304 8.725440979003906 0.030457647329889502 -0.9995123795649395 -0.006880030200524623 1.1148929595947266 -0.30370638986964876 -0.0026964666106220813 -0.9527618578743394 4.0220746994018555
0.9582112953587418 0.027467091453731527 -0.2847396571150457 8.89709758758545 0.029347250643170505 -0.9995665427028946 0.0023378598479890577 1.14698326587677 -0.28455202042264316 -0.01059648979871446 -0.9586020352979316 4.124107360839844
0.9636760216494025 0.023654909276988247 -0.2660243796441941 9.073079109191895 0.027778466678246405 -0.9995450653931202 0.011748150376508757 1.1805990934371948 -0.2656254545162915 -0.018711160182120302 -0.9638947091864614 4.227199077606201
0.9690462527022531 0.020144171209872386 -0.2460560352643032 9.238388061523438 0.02619744318202131 -0.9994287227058575 0.021352334796517325 1.2033514976501465 -0.24548534395039845 -0.02713743902443906 -0.9690203843618302 4.301938533782959
0.9738932428642771 0.017086034656489103 -0.22636258286876695 9.412691116333008 0.024615246859810053 -0.9992322113145283 0.030480772521512253 1.2188169956207275 -0.2256679887031671 -0.03525698925312283 -0.9735660756124734 4.350310802459717
0.9776399500975214 0.014341879446595929 -0.20979618315702325 9.576456069946289 0.022821839692263583 -0.9990150059798047 0.038054979440688946 1.2386796474456787 -0.20904375524367275 -0.04199200306141569 -0.9770042886663873 4.394413948059082
0.981016671140307 0.010883197883597096 -0.19361778572387597 9.709765434265137 0.02050100565867964 -0.9986493844664077 0.047740084539590444 1.2798161506652832 -0.19283671774787361 -0.05080317813573207 -0.9799148112869485 4.488623142242432
0.983771565839793 0.008021532182614387 -0.1792460913564485 9.837319374084473 0.018291895080440428 -0.9982789478317298 0.05571847889470945 1.3158050775527954 -0.17849065191064536 -0.05809300592513099 -0.9822251726783908 4.566745281219482
0.9859464668257683 0.0051214174889841054 -0.16698303996720057 9.968781471252441 0.015848239767843053 -0.9978895850024663 0.06296990900316073 1.3490712642669678 -0.16630814126207152 -0.06473134655256997 -0.9839468760677306 4.638967990875244
0.9873888351705017 0.0023239269053038185 -0.1582968336524095 10.09644889831543 0.01357380833377161 -0.9974529333944212 0.07002426286782625 1.3917911052703857 -0.157730909805142 -0.0712898662265767 -0.9849054345801119 4.738787651062012
0.9881525471860791 0.0008526241254598124 -0.15347252692832158 10.227486610412598 0.012705566726398424 -0.9970064375849649 0.07626750283245382 1.4382177591323853 -0.152948069827065 -0.07731388262296751 -0.9852052839332203 4.831974029541016
0.9882523739094434 0.00033732014282390494 -0.15283040167934836 10.362573623657227 0.012737311191240209 -0.9967003163662441 0.0801638338594557 1.4802865982055664 -0.1522990688282999 -0.08116874749896143 -0.9849957502768641 4.912981986999512
0.9875696433364448 -7.000454369943641e-05 -0.15718204305737699 10.497248649597168 0.013112441526480072 -0.9964775191818113 0.0828288454735285 1.5219717025756836 -0.15663417072127617 -0.08386029373086457 -0.9840900302806809 4.994945049285889
0.9862263169428267 4.505313302914562e-05 -0.16540148046375736 10.612658500671387 0.01406004888397347 -0.996403273908129 0.08356333388839135 1.5589455366134644 -0.16480281185334122 -0.08473791191301389 -0.9826797644654413 5.05938720703125
0.9843101416688792 -0.00025638317506341407 -0.17644681713042698 10.671065330505371 0.014878772325443304 -0.9963167070777318 0.08444904577242093 1.6077890396118164 -0.17581856313221994 -0.08574936422768606 -0.9806808244238637 5.149169921875
0.9809118922592361 -0.000965479588515953 -0.19445032135115764 10.710596084594727 0.015598366259468512 -0.9963744743724925 0.0836337120363212 1.6624577045440674 -0.19382608336970486 -0.0850704100619186 -0.9773405111512861 5.239927768707275
0.9763448553491747 -0.0044575192101333596 -0.21617320360232156 10.730510711669922 0.013715600163386368 -0.9964971499848192 0.08249431728483456 1.7128310203552246 -0.21578370129682545 -0.08350784750323845 -0.9728637282065862 5.318885803222656
0.9704870718200814 -0.005135825550662187 -0.24109845857242124 10.744080543518066 0.014161710739108612 -0.9968340340625185 0.07823908539590389 1.8029862642288208 -0.24073697135883837 -0.07934438751769964 -0.9673418107320778 5.382328510284424
0.96314544938365 -0.004549594490498808 -0.26894264169435694 10.751346588134766 0.015374572290378748 -0.9972911329307743 0.07193065205140851 1.8891023397445679 -0.2685413671270315 -0.07341455828120812 -0.9604664683235538 5.41138219833374
0.9547317472808728 -0.0021859355499189315 -0.297460102231851 10.738037109375 0.018110028636826363 -0.9976909806655104 0.06545787929245592 2.0005950927734375 -0.296916347809926 -0.06788172643991902 -0.9524876658617428 5.4714436531066895
0.9457708038319165 0.0007708054731793163 -0.32483379208150903 10.68804931640625 0.021169332388240827 -0.9980176516120739 0.05926741463027518 2.1105682849884033 -0.3241441746898542 -0.06292990489142102 -0.9439122740408611 5.507371425628662
0.9356228570249423 0.004544615998832213 -0.3529719760517932 10.618003845214844 0.02465669425443625 -0.9983162769015879 0.052503892253772624 2.2427945137023926 -0.3521390589538851 -0.05782696376929773 -0.934159582416354 5.589686870574951
0.9242799058189588 0.0091269339326253 -0.38160628241197253 10.55074691772461 0.028122068689365474 -0.9986255034758564 0.04422954962717524 2.3624322414398193 -0.38067808572588896 -0.051612042050103384 -0.9232661545640515 5.646839141845703
0.9128542686358974 0.015245126661636892 -0.40800082150198186 10.477370262145996 0.03227029343897783 -0.9988704458733484 0.03487779411230883 2.4834792613983154 -0.4070082461014564 -0.045004649469238045 -0.9123151150406135 5.670958042144775
0.8998609151056434 0.024566693385059457 -0.4354845703826467 10.424173355102539 0.03820316251245566 -0.9990147521837205 0.022584138091729853 2.632741689682007 -0.43450069256478846 -0.036959470984091435 -0.8999128544838635 5.710354804992676
0.8854797418434924 0.03440589192815669 -0.4634024831454937 10.390195846557617 0.04337956401767063 -0.999020633152501 0.008717107387916914 2.7866055965423584 -0.4626487222617376 -0.027821019683032154 -0.8861050449316817 5.7724528312683105
0.870028919003203 0.044077724531742864 -0.49102630713457884 10.365954399108887 0.047313813393926644 -0.9988630543312736 -0.0058311023077775165 2.939349889755249 -0.4907250586226901 -0.01815909942984162 -0.8711252286253995 5.853352069854736
0.8543607657243728 0.05256998811064231 -0.5170145823290779 10.349177360534668 0.04934650906631115 -0.9985816325936747 -0.01999112526899354 3.0770394802093506 -0.5173321989146167 -0.008433231681807731 -0.8557431136559437 5.935267925262451
0.8393627710035726 0.058611904767051616 -0.5404024271529336 10.312483787536621 0.04843068152840487 -0.9982796120928653 -0.03304973776616363 3.1989903450012207 -0.5414098334348 0.001568661625727788 -0.8407573559361855 6.034073829650879
0.825954686045744 0.06390247435924315 -0.5601029640787866 10.271806716918945 0.046229114889092246 -0.9978859726692161 -0.045677724183497415 3.3125720024108887 -0.5618378107030954 0.011834666061145367 -0.827162750094305 6.1186604499816895
0.8153973099535782 0.06709691429265913 -0.5750002008807232 10.229366302490234 0.04173139090516264 -0.9974891021026254 -0.05721872245706468 3.4152991771698 -0.5773956338019789 0.02266043421697043 -0.816149978121368 6.182013034820557
0.8073194659593421 0.068952935669686 -0.5860723270601124 10.17629337310791 0.0357216390223783 -0.9970389718756869 -0.06809737929339525 3.5147652626037598 -0.5890324646304973 0.034040875776128035 -0.8073920821928566 6.247066497802734
0.8019992660723751 0.06998832751367864 -0.5932105960206797 10.130017280578613 0.02863578499051166 -0.9964749778049309 -0.07885182576605532 3.6134891510009766 -0.5966382229101226 0.046252055311101714 -0.8011763715575679 6.298840522766113
0.7993606586077596 0.06961749812926354 -0.59680477664341 10.084692001342773 0.02014975040004528 -0.9958122879485233 -0.08917328484217227 3.712015390396118 -0.6005135510785619 0.0592561484147367 -0.7974159415550118 6.3531413078308105
0.798255982317271 0.06417228342597357 -0.5988900606410036 10.048998832702637 0.007026534416271615 -0.9952326805990219 -0.09727558420169949 3.8276050090789795 -0.6022773567956755 0.07344269539975704 -0.7949013498438866 6.4299798011779785
0.8013783442933858 0.05711880695357337 -0.5954243790690741 9.993573188781738 -0.006845037519896128 -0.9944893823973017 -0.10461364041263796 3.944772720336914 -0.5981186293361402 0.08791080815937208 -0.7965712743062124 6.493288040161133
0.806475889167858 0.04711593531829138 -0.5893867396116035 9.94647216796875 -0.023029385533348993 -0.993560509644737 -0.11093764499234386 4.055263519287109 -0.5908183202921773 0.10304175034214784 -0.8001975444185999 6.564391136169434
0.8140672631381897 0.039214457200300826 -0.5794451806971765 9.896489143371582 -0.03719979810963399 -0.9921482709607775 -0.11940679817390007 4.197255611419678 -0.5795780069216743 0.11876040912705635 -0.8062166576774968 6.637257099151611
0.8231908897185191 0.027507462380575227 -0.5670979620822263 9.850687980651855 -0.053890152922215113 -0.9905307217291582 -0.12627248603212446 4.320199489593506 -0.5652013893316727 0.13450735602224154 -0.8139134847595614 6.70619010925293
0.8340578166106667 0.011783764385508176 -0.5515511775416256 9.789253234863281 -0.07313475500443373 -0.988586018373921 -0.13171557191933878 4.428015232086182 -0.5468078878007233 0.15019596257058268 -0.823676093295421 6.788191318511963
0.8457706313455595 -0.005112034810699793 -0.5335221703485512 9.72839069366455 -0.09274503528173308 -0.9861395448958787 -0.13757600235193584 4.53712797164917 -0.5254240169462415 0.16583927487975808 -0.8345219813302895 6.875319957733154
0.8582632234059266 -0.022781260937754295 -0.51270386530526 9.662691116333008 -0.1120623293719917 -0.9832262397106595 -0.1439034255330976 4.648612976074219 -0.500825592082305 0.18096180728132238 -0.8464198429980749 6.96590518951416
0.8703545957329762 -0.04108947641088108 -0.49070819497412815 9.598780632019043 -0.1313023986498787 -0.9797988920190418 -0.15084366512070174 4.759870529174805 -0.4745972585206068 0.1957186402122642 -0.8581676153748675 7.065720558166504
0.8823324507516068 -0.061659241008343905 -0.46657002084246507 9.534998893737793 -0.15146326273392863 -0.9758389304721247 -0.1574714635005744 4.862067222595215 -0.4455876192093495 0.20961039996454084 -0.8703534648831182 7.166257858276367
0.8935806119723069 -0.08404911098397132 -0.44096421266356983 9.471454620361328 -0.17229550271989658 -0.9712951775909067 -0.16401200483851006 4.953940391540527 -0.41452135005292073 0.2225340983567539 -0.8824118230275764 7.273085594177246
0.9040179676620416 -0.10546644107294298 -0.4142805136035243 9.414291381835938 -0.1917184842727955 -0.9661920760769135 -0.17238588954530515 5.041645050048828 -0.38209362325526225 0.2352651736521828 -0.8936748632103705 7.370039939880371
0.9135232885788882 -0.1293899443273337 -0.3856597509865174 9.358750343322754 -0.21208687833641915 -0.9605075614450209 -0.180123236825381 5.117808818817139 -0.3471229713826586 0.24634014434092721 -0.9048879356166515 7.4650421142578125
0.9215502013129806 -0.15387030206092336 -0.35646760947340667 9.309322357177734 -0.2322491788059575 -0.9542101054035661 -0.18852955654133824 5.184129238128662 -0.311135895396149 0.2565287603552387 -0.9150887660258109 7.550058841705322
0.9282425978206164 -0.1784848560871497 -0.3263569146483389 9.259675979614258 -0.25150276118450904 -0.9475727010545949 -0.19710996254037252 5.247040271759033 -0.2740657598238085 0.26504552885051413 -0.9244667797863533 7.6342315673828125
0.9335482961730833 -0.20282123426284215 -0.2955522384358313 9.213040351867676 -0.26966719303613174 -0.9405936069311477 -0.20630868038031552 5.305057525634766 -0.23615076479305935 0.2722998595892969 -0.932783792073652 7.710360050201416
0.9370127577245004 -0.2265977813319962 -0.26582049837614746 9.17184066772461 -0.2868614231676286 -0.933420851822002 -0.21549022549092836 5.361413478851318 -0.19929278903103667 0.27817073692123917 -0.9396294085228099 7.780393123626709
0.9385895477627237 -0.25010502704782833 -0.23769126251499156 9.138015747070312 -0.30372840395981393 -0.925746632796888 -0.2252603571275869 5.408278942108154 -0.16370313820629595 0.283620604524123 -0.9448601141072583 7.843554973602295
0.9387945318607804 -0.27327331194836785 -0.2097296448408481 9.104591369628906 -0.3197346444788011 -0.9178282018395225 -0.23528950046281993 5.450536251068115 -0.1281974417385655 0.2879463298686037 -0.9490270423159122 7.90341854095459
0.9375967177395786 -0.29463653071246226 -0.18466648221508253 9.075630187988281 -0.3342074749229998 -0.9102008960457318 -0.24462152918976637 5.4879841804504395 -0.0960091588837312 0.29107326158077723 -0.9518711035655864 7.958328723907471
0.9356078759325956 -0.3143676514773254 -0.16065765527209588 9.05036735534668 -0.3470093553218882 -0.9026437274411683 -0.2545953821855407 5.521499156951904 -0.06498007242212236 0.2939511541323573 -0.9536090966283148 8.004181861877441
0.9324943382084363 -0.33306898462969564 -0.13971170561894308 9.03088092803955 -0.3592604680007558 -0.8951995935665715 -0.2637225887369591 5.550550937652588 -0.037232047232036554 0.29611271360073155 -0.9544270718619221 8.04170036315918
0.9285793764743678 -0.3510185788679046 -0.12052509645725665 9.013431549072266 -0.37096843083498404 -0.8875544672786898 -0.27318398733723576 5.574305534362793 -0.01107993277524899 0.29838402253337554 -0.9543815852092382 8.076250076293945
0.9242467062080161 -0.3676899149471284 -0.10282097310279822 8.998031616210938 -0.3815698997474138 -0.8803100822389712 -0.2818839667578913 5.59135627746582 0.013131552474152867 0.29976371620759723 -0.953923097935588 8.108199119567871
0.9198251549486748 -0.3823365415303252 -0.08797984618238724 8.98855972290039 -0.3909274650143491 -0.8742623955545142 -0.2878210916815112 5.60516357421875 0.03312704968906009 0.29913881849387575 -0.953634398419534 8.128385543823242
0.9154990967988 -0.39552704639467834 -0.07361901473724704 8.978193283081055 -0.3993330004036831 -0.8711023443414069 -0.28585636335666365 5.618117809295654 0.04893422676586465 0.291099744509003 -0.9554404116414691 8.148360252380371
0.9111528453711296 -0.407427203076656 -0.06167306190896839 8.972471237182617 -0.4073979132627617 -0.8682084195230696 -0.28326856609655904 5.623838424682617 0.06186624799712205 0.2832264367293186 -0.9570555641635293 8.157669067382812
0.9069906191230726 -0.41792282539290865 -0.05204352830423915 8.967377662658691 -0.41485855273484434 -0.8653101987160918 -0.28130169075330524 5.628260135650635 0.07252860156859584 0.27672869748821893 -0.9582070913643761 8.170294761657715
0.9037828164570173 -0.425825344392067 -0.043004613129273214 8.959261894226074 -0.41994034233429534 -0.8628958756536963 -0.2811775536204754 5.639508247375488 0.08262402530242517 0.27218281329506827 -0.9586917057060659 8.182974815368652
0.9009717150449352 -0.4323077595022892 -0.03687776787034153 8.954367637634277 -0.42450287734493714 -0.8607408849895024 -0.2809313724619543 5.647897720336914 0.08970660964977539 0.2687659390279932 -0.9590190791655522 8.192935943603516
0.8989617334543348 -0.4368082984028703 -0.032654436623014024 8.949813842773438 -0.42773943494033817 -0.8593434839887218 -0.28029939765016554 5.659716606140137 0.09437572559560851 0.2659460226672218 -0.9593570427352832 8.202933311462402
0.8978425535854364 -0.4392893558267006 -0.03006012023504402 8.94463062286377 -0.4294820037874888 -0.8586552128227887 -0.2797435145180941 5.671802520751953 0.09707706935145045 0.2640759120965297 -0.9596040617132255 8.213337898254395
0.8975572920597806 -0.4399478399939059 -0.028927591586765306 8.940497398376465 -0.4298618840562362 -0.8586174697477523 -0.2792754935177645 5.682318687438965 0.09802891464224772 0.2631006247211597 -0.959775178448265 8.221297264099121
0.8975211480335996 -0.43999336994644717 -0.029353419487653465 8.936076164245605 -0.4299753147495448 -0.8584270175110746 -0.279686045974895 5.688693046569824 0.09786223755095316 0.26364538685554506 -0.9596426899900352 8.231741905212402
0.8982986329417573 -0.4382867803896461 -0.031052603604987253 8.931407928466797 -0.4287393584292406 -0.8588786305287499 -0.28019646777706275 5.695547103881836 0.09613599007995645 0.2650135773064043 -0.9594402926991388 8.242424011230469
0.9005742049413411 -0.43325940936703916 -0.03538906030393922 8.922029495239258 -0.4250817011779094 -0.8606874298701256 -0.28021901325080084 5.712309837341309 0.09094860481594018 0.2674012570248732 -0.9592835446433717 8.262369155883789
0.9035888383674172 -0.4264501613314559 -0.04083467984687248 8.91146469116211 -0.4199691018217437 -0.8629532249676598 -0.28095851123066784 5.729251384735107 0.0845763837773835 0.27102027861082767 -0.9588507933400533 8.28467845916748
0.9074165393881439 -0.41757292849294153 -0.04720247276016065 8.897588729858398 -0.41310874272073433 -0.8657949048916698 -0.28238333759504736 5.749234199523926 0.07704797682313996 0.27573906515663155 -0.9581396439006205 8.31209659576416
0.9119884218040711 -0.40653769788455557 -0.054810753452633795 8.887052536010742 -0.4051611840473132 -0.8717632820105631 -0.2754508941345996 5.764904975891113 0.06419917006238271 0.27341521599372826 -0.9597513147823263 8.33025074005127
0.9174074054207524 -0.39257224055537837 -0.06519730381306353 8.872661590576172 -0.39535031882940314 -0.8804071661622717 -0.2618804062384331 5.789462566375732 0.04540680434309445 0.2660267988670457 -0.9628956144899092 8.357365608215332
0.9234096728232368 -0.375994998663251 -0.07708655600495297 8.85622787475586 -0.3830658772307142 -0.8902773913336361 -0.24630611072736114 5.818051338195801 0.02398144778670094 0.2569706743198484 -0.9661216086506172 8.38892936706543
0.9291218752269451 -0.3585084839569355 -0.09057708267362181 8.839534759521484 -0.3697721953790632 -0.9001292086983032 -0.23029531296297379 5.841667175292969 0.0010317457595357404 0.2474652997473905 -0.9688962075070896 8.41961669921875
0.9350952685663279 -0.3383445915074185 -0.10545034899205043 8.820510864257812 -0.35354395668763244 -0.9112199132108416 -0.21138812752299896 5.872701168060303 -0.024566428200301985 0.2349493714945931 -0.9716971150722715 8.453800201416016
0.9407289984522538 -0.31632914425674796 -0.12233079728675454 8.80095386505127 -0.3351057658547919 -0.9225163262589768 -0.1914882593699012 5.9050822257995605 -0.052278840479613356 0.22113231396481772 -0.9738415798058082 8.488718032836914
0.9457690101146966 -0.29293882459323134 -0.1403845595234853 8.780535697937012 -0.31454995884822773 -0.9337843533280664 -0.17060218307003913 5.940564155578613 -0.08111290215030661 0.20550821522659604 -0.9752881987285266 8.52855396270752
0.9497530209643663 -0.26887313950058017 -0.16023867830259247 8.76163101196289 -0.29257255680900934 -0.9445255656403246 -0.14924059385456723 5.972383499145508 -0.11122274125060566 0.18862314467457708 -0.9757309112259254 8.566362380981445
0.9526803095124509 -0.24387620129715246 -0.18145144338949626 8.73904800415039 -0.26860782775373526 -0.9548495509368854 -0.12693372264708802 6.009848594665527 -0.14230271514163206 0.16966653623062788 -0.9751734223956375 8.612738609313965
0.9544718125225805 -0.21878835704946017 -0.20276886822058943 8.715644836425781 -0.24337896324415462 -0.9642036613462796 -0.1052519819130748 6.046464443206787 -0.17248257694637237 0.14980972687388397 -0.9735536997946809 8.658987045288086
0.9550062014433826 -0.19296865393284918 -0.2252248960573097 8.690779685974121 -0.21616380379973205 -0.9728147080653214 -0.08309484760570116 6.086349010467529 -0.20306739061580667 0.12804156501358474 -0.9707569173059544 8.705794334411621
0.954054254477132 -0.16734554082325348 -0.2485476804974388 8.664862632751465 -0.18786701700160796 -0.9802917856443965 -0.06110645564127036 6.126891136169434 -0.23342335666552666 0.10499278529829469 -0.9666902562860065 8.757132530212402
0.9515924873096135 -0.14275041284927173 -0.27220223681532313 8.639452934265137 -0.15937238685063473 -0.9864140233205299 -0.03984742031972201 6.16456937789917 -0.2628158678722318 0.08130002600225568 -0.9614146479883683 8.810893058776855
0.947916882268465 -0.1190115026575043 -0.29544855143600846 8.610898971557617 -0.13041550986376085 -0.9912749850087522 -0.01912325502819573 6.203557014465332 -0.29059487107897863 0.056658329759188664 -0.9551672390589466 8.86318588256836
0.9430062447985393 -0.09454800969160627 -0.31906095990314054 8.580458641052246 -0.09940107102586439 -0.9950468659917043 0.0010777564652135144 6.2532758712768555 -0.317582507940643 0.030698670059844196 -0.9477335819241021 8.922070503234863
0.9369418134056534 -0.07045312853873913 -0.3423103781237572 8.548236846923828 -0.06747707624341316 -0.9975079041859466 0.020611289823806986 6.305822372436523 -0.3429094377146338 0.0037865242194211456 -0.9393608357604492 8.977449417114258
0.9307524401732505 -0.04965930598698455 -0.3622621266989292 8.51567554473877 -0.03839066077475743 -0.998530719741872 0.038243416388405796 6.362483978271484 -0.3636290036243225 -0.021687670706429577 -0.9312913575581554 9.010470390319824
0.9229912523841421 -0.027775536973020327 -0.38381723198446066 8.47763729095459 -0.007006292559530017 -0.9984393740313193 0.055405128359366715 6.421097755432129 -0.384757144036239 -0.0484493129962439 -0.9217454118048374 9.077188491821289
0.91445500549322 -0.010074813761136923 -0.4045621596937524 8.442951202392578 0.020920622905679018 -0.9971764746862369 0.07212077280206337 6.466748237609863 -0.4041464715491565 -0.07441489407374623 -0.9116622472573709 9.140031814575195
0.9049615866571354 0.004363349109751596 -0.42547090130765264 8.410958290100098 0.046156603208554095 -0.9950532892986743 0.08796885492114141 6.508466720581055 -0.4229823810222454 -0.09924672609429071 -0.900686400865649 9.21225357055664
0.8955238287255899 0.019466938577000915 -0.4445875734735495 8.374166488647461 0.07238904286728912 -0.992108887023177 0.10237081010908287 6.561387062072754 -0.439086436430707 -0.1238587687330671 -0.8898663420708249 9.291699409484863
0.8870115300155603 0.03016280275430888 -0.460761056242234 8.330737113952637 0.09403655533083662 -0.988752090949381 0.11630317667517685 6.602776050567627 -0.4520704280098013 -0.14649064124793623 -0.8798709110692338 9.366079330444336
0.8780652067023087 0.035252136324618336 -0.4772407984061952 8.291213035583496 0.09568296035823139 -0.9900777816252893 0.10291140572857464 6.66455078125 -0.46887766408298576 -0.1360267371383167 -0.8727258807366642 9.441377639770508
0.8695091581716755 0.03800920044108726 -0.49245215456672864 8.248696327209473 0.09499474189429723 -0.9912896714160245 0.09121834440695477 6.714564800262451 -0.48469559815209773 -0.12609555117346216 -0.8655461218827342 9.52542781829834
0.8620937377014661 0.040119477735585767 -0.5051582078142848 8.207454681396484 0.09450332790521651 -0.992101453208639 0.08248531721552842 6.768764019012451 -0.49785892422528233 -0.11884920718091081 -0.8590758741355238 9.609273910522461
0.8562271326998961 0.04175319842620748 -0.5149094751989868 8.158472061157227 0.09367927757848671 -0.9927526230037033 0.07527564328280209 6.824847221374512 -0.5080347332426073 -0.11268939586513266 -0.8539331413399202 9.695659637451172
0.8515244219830213 0.04471461287527054 -0.5224047876521578 8.109517097473145 0.09422292209260069 -0.9931866420674106 0.06857357341711748 6.889281272888184 -0.515779216059365 -0.1076145780750721 -0.8499358227930572 9.782746315002441
0.8479893636981165 0.045118412852071424 -0.528089355958415 8.062131881713867 0.09291306576749538 -0.993595376020287 0.06430700553430849 6.945661544799805 -0.5218057121808353 -0.10359805776564798 -0.8467504007454835 9.873023986816406
0.8463286885562242 0.0460100732944507 -0.5306701650574877 8.007686614990234 0.09283772671144488 -0.9937552755156169 0.06189999098490721 7.015471935272217 -0.52450825296248 -0.10165394994942299 -0.845315069683445 9.966341972351074
0.8459422126164343 0.04588280008035457 -0.531297037042743 7.961410999298096 0.09272601048768532 -0.9937707931741103 0.0618182627800008 7.073601722717285 -0.5251510829205719 -0.10155973262511955 -0.8449271926127512 10.052713394165039
0.8470888806878093 0.04539860209670001 -0.5295086355695622 7.918580532073975 0.09278832193297845 -0.9936752312541671 0.06324446303700197 7.129427433013916 -0.523288405688427 -0.10270589914723625 -0.8459436995169486 10.136429786682129
0.8504936570351538 0.043300622124468814 -0.5241999575225129 7.8737592697143555 0.09219392004845464 -0.9934492878971448 0.06751883798433889 7.176549434661865 -0.5178424668266108 -0.10575239240929829 -0.8489143720368035 10.208610534667969
0.8550724582761464 0.040246907377778196 -0.5169441725603571 7.8373308181762695 0.09155463567949979 -0.9930372791089817 0.07412631776517947 7.220032215118408 -0.5103614795252299 -0.11071200813983476 -0.8528036183497718 10.274223327636719
0.8610668354718546 0.03688976008009892 -0.5071519007671362 7.8064284324646 0.0912364268158585 -0.9923876657321175 0.08272022319018392 7.26215124130249 -0.5002397617866466 -0.11749836809076152 -0.8578777967890573 10.333327293395996
0.8684177379262714 0.03320697183931301 -0.4947200516214007 7.779522895812988 0.0907811214689318 -0.991537677616815 0.09279990221490841 7.296625137329102 -0.48745196731561286 -0.1255003222606085 -0.864083473208823 10.386797904968262
0.8772076065918023 0.03056606388719653 -0.47913727748519624 7.7538557052612305 0.09156923139553164 -0.9903035204317913 0.10447015498233284 7.333878517150879 -0.4712980912321985 -0.1355162468445938 -0.8715006919343448 10.433942794799805
0.8868549021826752 0.02042966421630022 -0.4615961560656307 7.730051040649414 0.0862431549471519 -0.9887841126970348 0.12193480513248953 7.3669538497924805 -0.4539278584745801 -0.1479479884890155 -0.8786699562422372 10.47333812713623
0.8967796067834815 0.0067529988251338186 -0.4424259642743994 7.714630603790283 0.07758404039229692 -0.9867930476857443 0.1421977415977032 7.3928422927856445 -0.4356226044796928 -0.16184522867835333 -0.8854598062139132 10.50896167755127
0.9075594233503176 -0.010614012038912483 -0.41978951372857926 7.699819564819336 0.06463659340034386 -0.9842359533839494 0.16462593617042004 7.409075736999512 -0.41491927393366274 -0.17654158381193485 -0.8925665607132814 10.534250259399414
0.91863801282935 -0.030679480502198875 -0.3939073125254958 7.687848091125488 0.04852765204053597 -0.9806707933906417 0.18955173958052235 7.419798851013184 -0.3921087455953719 -0.19324483037505735 -0.8993926657255659 10.555707931518555
0.9292761556829394 -0.052325128335464724 -0.36566091864432837 7.684715270996094 0.029830383446457095 -0.9760524462304818 0.21548032492765823 7.4289774894714355 -0.3681792697892894 -0.211148533388629 -0.9054613863358594 10.568692207336426
0.9397685643728995 -0.07630883811525369 -0.33318464346665116 7.67769193649292 0.00030712514569320587 -0.9745726915653035 0.2240713603504576 7.4303083419799805 -0.34181127993476795 -0.21067755001579963 -0.9158493428663341 10.5771484375
0.948789291150266 -0.10402663635555545 -0.29829069701739747 7.6729254722595215 -0.03930706404281315 -0.9757644142082542 0.21526440179731712 7.434329509735107 -0.3134546788850184 -0.19251562766012434 -0.9298838085436902 10.5889310836792
0.9558879710771262 -0.13430041072084759 -0.2612309063458353 7.664474964141846 -0.08158734273222965 -0.9757532260777111 0.20309886091466064 7.441317558288574 -0.28217316005592846 -0.1728266225995018 -0.9436679851859449 10.607181549072266
0.9605736453205863 -0.1675504355179033 -0.2218673555827482 7.651326656341553 -0.1262934979802592 -0.9738849991125059 0.18867421888415253 7.451094150543213 -0.24768573693983867 -0.15321507778738935 -0.9566487943102074 10.632580757141113
0.9626069873771557 -0.2021364478794545 -0.1803569912461215 7.630868911743164 -0.17168366786280076 -0.970191743495328 0.17103420430624966 7.468807220458984 -0.20955311031300036 -0.1336743703638547 -0.96861687816493 10.664237976074219
0.9610746998913661 -0.23869389524364856 -0.13914253699762255 7.61057710647583 -0.21772615019313832 -0.9643461403140846 0.150438842003662 7.487553596496582 -0.17009040170096493 -0.11428799602207543 -0.9787785802797598 10.701468467712402
0.9560901950013587 -0.2760020946389617 -0.0985615684593635 7.5871477127075195 -0.26304627183255963 -0.9564351445340837 0.12664309367295803 7.511805057525635 -0.12922150710023195 -0.09515596699614859 -0.9870395858565009 10.745305061340332
0.947497353355863 -0.31421715964827096 -0.05929875180986505 7.561734676361084 -0.30761581697707613 -0.94632080920433 0.09924432080672578 7.538727760314941 -0.08729991139262938 -0.07579249731626038 -0.9932946304201005 10.793558120727539
