1.0 0.0 0.0 0.0 0.0 -1.0 0.0 0.0 0.0 0.0 -1.0 0.0
0.9999962961250978 -0.001827098949744938 -0.0020172866710984542 0.1244930550456047 -0.0018333916157269087 -0.9999934460582153 -0.0031219410305732068 -0.06192512437701225 -0.002011569354740923 0.0031256279437634872 -0.9999930919954839 -0.047179389744997025
0.9999874586167677 -0.002652629213645219 -0.004248078086927952 0.25318771600723267 -0.0026839514574084422 -0.9999691313780227 -0.0073846256273850525 -0.11945866048336029 -0.004228358280940324 0.00739593464933763 -0.9999637099099697 -0.09638180583715439
0.9999818484390368 -0.0024229905565985354 -0.0055165124136159335 0.37452608346939087 -0.0024838182372205466 -0.9999359011848519 -0.011046455024236427 -0.1712934821844101 -0.005489393355498856 0.011059956527973423 -0.9999237690555154 -0.14495576918125153
0.9999649199358563 -0.0017710463869346168 -0.008186714381951768 0.5015783905982971 -0.0018973796633992568 -0.9998788479064152 -0.01544957797975626 -0.22044618427753448 -0.008158360625104102 0.015464569312948111 -0.9998471324396924 -0.19085441529750824
0.9999449067891738 -0.0017171400502196694 -0.010355424493385518 0.6244738101959229 -0.0019236702745307976 -0.9997987831736653 -0.019967289679190252 -0.27043262124061584 -0.010319054174931137 0.019986110039368406 -0.9997470042597921 -0.23349787294864655
0.9999239055681909 -0.0006441365369375565 -0.012319422120274438 0.7464144825935364 -0.0009412410304843446 -0.9997084781524476 -0.02412618443600186 -0.3153163492679596 -0.012300290182685034 0.024135944113276943 -0.9996330121915656 -0.2748439610004425
0.9998849832973953 -0.00045283146522916444 -0.015159654350680507 0.8735917806625366 -0.0009026195477997834 -0.9995591512435924 -0.02967639538658992 -0.36074838042259216 -0.01513953283030681 0.029686665505802165 -0.9994445939804903 -0.31620723009109497
0.9998382312489726 -0.0007295636778825 -0.017971618451492852 0.9984272122383118 -0.0013463532015560555 -0.999409574583686 -0.03433204863553547 -0.4070349633693695 -0.01793596013551501 0.03435069092894679 -0.9992488835954341 -0.348224014043808
0.9997755255845334 -0.0006523870623522047 -0.021177177179486292 1.126286506652832 -0.0014833364448016003 -0.9992284775171533 -0.03924601166671131 -0.4504251778125763 -0.021135234920908803 0.03926861481989137 -0.9990051439982505 -0.3789795935153961
0.9997471663562116 0.00041719791812579643 -0.022481755016509824 1.2460765838623047 -0.0005704136466639316 -0.9990355408353004 -0.04390515660136315 -0.48663562536239624 -0.022478389421774696 0.043906879800500904 -0.9987827130638511 -0.40958908200263977
0.999689452130386 0.001297877651087843 -0.02488603650346212 1.3743607997894287 9.380964368436474e-05 -0.9988317319053294 -0.048323519519495185 -0.5227169394493103 -0.024919680957018575 0.04830617820323905 -0.9985216685923232 -0.43370088934898376
0.999657154130637 0.003289791613010569 -0.02597597864525738 1.4944868087768555 0.001935821274162581 -0.9986463510992293 -0.0519780533705303 -0.5520190596580505 -0.026111813254356762 0.051909948057556 -0.9983103377713926 -0.45920878648757935
0.9996265069947089 0.004080599101583002 -0.027022124722706844 1.6181918382644653 0.002574157613146599 -0.9984525689203466 -0.0555503494943409 -0.5849846005439758 -0.02720698855331188 0.05546004261928493 -0.9980901579749833 -0.4774799942970276
0.9995763848056912 0.004428311039672432 -0.028765274205563213 1.747902274131775 0.0027256380541389224 -0.9982564075824419 -0.058963680497370004 -0.61776202917099 -0.028976228808855628 0.05886029886038651 -0.997845600973459 -0.4899313747882843
0.9995543628010202 0.005052522645170973 -0.029420194091243496 1.8718082904815674 0.003221943467964437 -0.998074673421165 -0.061940014171162 -0.649408757686615 -0.029676503933847152 0.061817621194563466 -0.9976461731616624 -0.5020202398300171
0.9995647078280213 0.005132091944599041 -0.029052650429089822 1.996912956237793 0.003256296205791063 -0.9979286324415445 -0.06424827692918439 -0.6806052327156067 -0.029322199775986487 0.06412570612181356 -0.9975109535311762 -0.5114763975143433
0.9995826655500303 0.0055018536715566975 -0.028358849378501236 2.118347644805908 0.003646749632841267 -0.9978749035863189 -0.06505672916547331 -0.7099654078483582 -0.028656516693609392 0.06492616112763139 -0.9974785198951491 -0.5135167837142944
0.9996371459756234 0.007147784791442315 -0.025970859791031663 2.234292507171631 0.005442864442864473 -0.9978616204662228 -0.06513494935271115 -0.732138991355896 -0.0263808948363546 0.06496995900490372 -0.9975384467851524 -0.5197036266326904
0.999679854468315 0.008780208732308932 -0.0237296545450163 2.3584394454956055 0.007219491550901519 -0.9978543101385382 -0.06507422438791255 -0.7528877258300781 -0.02425010333906205 0.06488207512525332 -0.9975982401826327 -0.5228407979011536
0.9997491336743662 0.009453026052143184 -0.02030541838553291 2.4783272743225098 0.00814661972383167 -0.9979496099021474 -0.06348392460479103 -0.7789278626441956 -0.020863899549923848 0.06330257810396837 -0.99777626815883 -0.5257105231285095
0.9998085694337794 0.009979780773886886 -0.016829392813896962 2.6046736240386963 0.008929212559837158 -0.9980742690750609 -0.0613842208824384 -0.8036368489265442 -0.01740958499908988 0.06122219684058959 -0.9979723187364323 -0.5263965129852295
0.9998767464563276 0.010487392270812664 -0.011683599585176774 2.7262649536132812 0.00978976891886832 -0.9982542640569347 -0.058245898711090587 -0.8270728588104248 -0.012274050693385778 0.058124339957590594 -0.9982338948282965 -0.5211042761802673
0.9999186028531288 0.011591607997752282 -0.005331256162750601 2.8438572883605957 0.011290477755563256 -0.9985086400328127 -0.053413677011356735 -0.8506662249565125 -0.005942455746368855 0.05334913686132938 -0.9985582390706378 -0.5195295810699463
0.9999230407918496 0.01233701753113634 0.0013078577971486322 2.962336301803589 0.0123853709858165 -0.9987845221963185 -0.04770828865737476 -0.8737471103668213 0.0007176901314792807 0.047720815369271856 -0.9988604550693592 -0.5153989195823669
0.9998549110027404 0.014196385030806186 0.009413798157979924 3.0698633193969727 0.014578651583500458 -0.9990169137332388 -0.04186488973974693 -0.88882976770401 0.008810213488275058 0.04199605608829679 -0.9990789315220892 -0.5108158588409424
0.9996939383441183 0.016857861351216717 0.018106411811543793 3.1633613109588623 0.017483092798946914 -0.9992362501207124 -0.03494650069578336 -0.8976757526397705 0.017503459778268685 0.035252360989870314 -0.9992251497737785 -0.5052469372749329
0.9994835761116823 0.019025833186467146 0.025895921581675602 3.2582714557647705 0.019753586898192767 -0.9994086940158546 -0.028143527322991826 -0.9082742929458618 0.025345155112153368 0.028640530670453117 -0.9992684039412316 -0.5037373304367065
0.999136842406253 0.02100031103849735 0.03584071822311575 3.332659959793091 0.02172678703225436 -0.9995638405927032 -0.0200018825319087 -0.9184767007827759 0.035405040202172895 0.02076332140702872 -0.9991573287588051 -0.4985364079475403
0.9987062726877431 0.02328678695726386 0.04520515952147711 3.4045534133911133 0.02384217518330518 -0.9996462598550202 -0.011785832189449955 -0.925000786781311 0.044914714478484365 0.012848373868949103 -0.9989081978401417 -0.494297593832016
0.9981344512992192 0.025486637767906422 0.05548016244473573 3.4612538814544678 0.025679472367341662 -0.999666402701922 -0.002765503197163556 -0.9327203035354614 0.05539117103421514 0.0041850453147023 -0.9984559597534446 -0.493221253156662
0.9974394486647926 0.02753264045819196 0.06600378744189253 3.5070526599884033 0.02714542779808747 -0.9996086621012623 0.006756360098678376 -0.9412329792976379 0.0661639780918093 -0.004947359045402356 -0.9977964981104828 -0.48525798320770264
0.9965935575616593 0.03015003602944799 0.07676103408643178 3.5416808128356934 0.028965991073621765 -0.9994443340520403 0.0164922555278662 -0.9459869265556335 0.0772156226920318 -0.01421261618058256 -0.9969131101322648 -0.4827314615249634
0.995750901010147 0.03226553893336106 0.08625009063659075 3.5776710510253906 0.030192221117624318 -0.999225484153326 0.025236117025716882 -0.950107753276825 0.08699754549103578 -0.02252480445844001 -0.9959538444439301 -0.4823133051395416
0.994834619898351 0.0342168560120012 0.0955682259768255 3.60211181640625 0.031038377999575765 -0.9989208772582273 0.03454996481631958 -0.9565927982330322 0.09664728730212276 -0.0314052183929271 -0.9948231069465735 -0.4780593812465668
0.9936794965869457 0.03687159103703763 0.1060261469502297 3.6085641384124756 0.032377543551827676 -0.9985155215570963 0.043800089989740935 -0.9577972292900085 0.10748373242618513 -0.04009038518095515 -0.9933982123397339 -0.475845605134964
0.9924939488094763 0.040603395191820074 0.11535651639794633 3.6268293857574463 0.034624096302038776 -0.9979741903575011 0.05337309561527172 -0.956058919429779 0.11728995494858 -0.04897835929455656 -0.9918892008631676 -0.4802764356136322
0.9912884130503318 0.04323979997958023 0.12440901032433528 3.6530873775482178 0.035623011639959914 -0.997389487861125 0.06281091104116869 -0.9615644812583923 0.12680017032265356 -0.05783190470534599 -0.99024097451292 -0.4807239770889282
0.9899054916941002 0.0460180745430857 0.13405019332029572 3.6768712997436523 0.036601026980775546 -0.9967409606187537 0.07188756671884639 -0.9650688171386719 0.13692144586519012 -0.06625552233701776 -0.9883636595009121 -0.4836798310279846
0.9886816265755098 0.04927468436431492 0.1417061987098731 3.7146544456481934 0.03808561131535059 -0.9960172819780655 0.08061674895307615 -0.9699984192848206 0.1451141877375915 -0.07430733127911678 -0.9866206429197777 -0.48331788182258606
0.9874466851788724 0.05369943898601748 0.1485443172317418 3.761104106903076 0.04072481779274621 -0.9951942953804285 0.08904944501792482 -0.9672224521636963 0.15261236235968886 -0.08188213904655751 -0.9848882079506056 -0.4794165790081024
0.9861636946694048 0.05598592945653063 0.15603442895360503 3.8064968585968018 0.04101784556532564 -0.9943849421248458 0.0975506187604479 -0.9785811901092529 0.16061974866487727 -0.0898006825043971 -0.9829227506577394 -0.47883206605911255
0.9851281806526686 0.0599917060465004 0.16100764854376573 3.86867356300354 0.04336278916611643 -0.9935392348330585 0.10487829786507422 -0.9781596064567566 0.1662592439526219 -0.09633682604783375 -0.9813649065191457 -0.47523874044418335
0.9840761379730418 0.062090387426462876 0.1665501079594203 3.930280923843384 0.04365795128897469 -0.9927332264486015 0.1121370785877681 -0.9910402297973633 0.17230246069430447 -0.10308018671976447 -0.9796358186308352 -0.4672040045261383
0.9833068251254954 0.06445541442415825 0.17015636107130513 4.005591869354248 0.044490593346348944 -0.9919396474282568 0.11864368067282503 -0.9998441338539124 0.17643206841532003 -0.10909278349788072 -0.9782486850608981 -0.4613175094127655
0.9824687023501626 0.06641989354718125 0.17419427844670665 4.081631183624268 0.04491857641348834 -0.9911904479572726 0.12459461212767961 -1.0124105215072632 0.18093526575925784 -0.11458574788970236 -0.9767970802501329 -0.45278680324554443
0.9817831219819705 0.07030085988981892 0.17652107661717722 4.173474311828613 0.047723938291448664 -0.9904906962360257 0.12903722867384862 -1.0131839513778687 0.18391391221245149 -0.1182622922516943 -0.9758020819439183 -0.45564231276512146
0.9810786435556608 0.07145586567884389 0.17994097481972066 4.260188579559326 0.04753978518293571 -0.9898564022624771 0.13388155856855416 -1.02874755859375 0.18768234862060057 -0.12279398258901732 -0.9745239729509906 -0.4459843635559082
0.9804277525843048 0.07279317254626623 0.18292778901287396 4.348464012145996 0.04756073721378894 -0.9891885003120837 0.13872305909981847 -1.0401556491851807 0.191048156856249 -0.12730775656251403 -0.9732899551936463 -0.429279088973999
0.9801952544886624 0.0738741192491641 0.18373861211804748 4.457205772399902 0.04784231985601044 -0.9886696054855185 0.1422797372077422 -1.0516080856323242 0.19216757142843122 -0.1306714417700718 -0.972623564796283 -0.42444607615470886
0.9800332649920166 0.07357985827942562 0.18471817442977195 4.552025318145752 0.04690645524712622 -0.988344398351329 0.14482794862766973 -1.0688538551330566 0.19322159290627267 -0.13327173257345026 -0.9720617579822971 -0.41508468985557556
0.9800449989085801 0.07327320317364142 0.1847778065974257 4.6443915367126465 0.04623702618029429 -0.9881150118722933 0.14659761499635923 -1.0833321809768677 0.19332340138815107 -0.13512868314792478 -0.9717851107453869 -0.40804189443588257
0.9804902077237313 0.0737477225110277 0.1822092917013595 4.742342472076416 0.047001327480925975 -0.9880229746981154 0.14697440826116062 -1.089634656906128 0.1908659942810804 -0.13554288949673468 -0.9722130925542872 -0.4039742648601532
0.9808487074267424 0.07338903674593701 0.18041580425448409 4.821475028991699 0.04683675117652223 -0.9879884914397606 0.14725847860756552 -1.0964560508728027 0.18905589617496024 -0.13598819826767983 -0.9725045388343404 -0.3943673074245453
0.98143658706083 0.07167160963333714 0.17789155671632303 4.898934364318848 0.04556784660543482 -0.9881291002751579 0.14671214177821407 -1.108621597290039 0.18629491923864647 -0.1358825285383436 -0.9730519726632759 -0.3796176314353943
0.9823476581300127 0.06974523236830424 0.1735761536858418 4.978209972381592 0.044415118938659987 -0.9883230930768284 0.14575582630109643 -1.119940996170044 0.18171509506957426 -0.1354734891148152 -0.9739746187508757 -0.3759065568447113
0.9832066766977585 0.06765104755129389 0.1694932643563206 5.044500350952148 0.043284959865633965 -0.9886980377873105 0.14353606628632523 -1.1277433633804321 0.17728802313292194 -0.1337891095744884 -0.9750227848685824 -0.3672199547290802
0.9840189667731162 0.06472130811326579 0.16588497613369593 5.102201461791992 0.04151718674832588 -0.9893211371205487 0.13971403240551555 -1.1362544298171997 0.17315598815886726 -0.13059418027849684 -0.9761978097917009 -0.35931891202926636
0.9849670782905493 0.062162576919131046 0.1611696891929485 5.158719539642334 0.04052288178182038 -0.9901205238444981 0.13423577881471485 -1.136529564857483 0.16792185901744633 -0.12568676259920755 -0.9777551262823709 -0.3492673635482788
0.9860629861115854 0.05809271526739071 0.1559006858662436 5.2085771560668945 0.038037236447921466 -0.9909572637285023 0.12867350196184205 -1.1423585414886475 0.1619659101913369 -0.12095014632724146 -0.9793559649276206 -0.34673312306404114
0.9872566656535473 0.054246712726386544 0.14960471343183296 5.2570295333862305 0.036143598387624036 -0.991972983099485 0.12117442426643817 -1.1404905319213867 0.15497714805168572 -0.11422300538459627 -0.9812926111118316 -0.3390394151210785
0.9885465653759387 0.048824607060775446 0.1428000204089479 5.300745964050293 0.032735995510687205 -0.9930646970007229 0.11291971558938198 -1.1440354585647583 0.14732291974217498 -0.10695169618207802 -0.9832890175337143 -0.3346930146217346
0.9899293308336797 0.043032587845054676 0.1348633246607131 5.341320037841797 0.029070800880146175 -0.9941695049494544 0.10383585105705948 -1.1474976539611816 0.13854533009585762 -0.09886956969621441 -0.9854085445624648 -0.331392765045166
0.9911509138817742 0.03579565361313034 0.1278222871557688 5.369176387786865 0.023840245484415514 -0.9952994011640861 0.0938655673697974 -1.1549499034881592 0.13058142519732976 -0.089987628176433 -0.9873452882191791 -0.3270833492279053
0.9923276947713372 0.02930575891285571 0.12011210881649358 5.407456398010254 0.019373366044930514 -0.9963577560502225 0.08304152362917194 -1.1550884246826172 0.12210822608609441 -0.08007742786270527 -0.9892811464235031 -0.32343363761901855
0.9933494712218254 0.02155101834105099 0.11310341122965184 5.449729919433594 0.013367940398378375 -0.9972703575302815 0.07261633535871931 -1.1628791093826294 0.11435963533006502 -0.07062143867047929 -0.9909260750466133 -0.3116934895515442
0.9943209378847585 0.014177463374224705 0.10547450884572558 5.5052900314331055 0.007628244145234525 -0.9980321144743135 0.06223912249696283 -1.1690293550491333 0.10614933996608374 -0.061081077349730555 -0.9924723772551866 -0.30091041326522827
0.9951128146540711 0.006561232508780584 0.09852632307773236 5.564742565155029 0.0014343723700932336 -0.9986452025110701 0.05201636355539767 -1.1789186000823975 0.09873413131818139 -0.051620826510131654 -0.9937740495622003 -0.2903400659561157
0.9958147032598439 -4.147459682067199e-05 0.09139515879611787 5.635530471801758 -0.0038846113897860394 -0.9991154236149442 0.04187218753637531 -1.182936191558838 0.09131257616484231 -0.042051974681206805 -0.9949339902021397 -0.2814560532569885
0.9963660200683709 -0.00612482990456342 0.08495434368974272 5.712837219238281 -0.008832780094111852 -0.9994635810418352 0.031536204065169604 -1.1843655109405518 0.08471561868347433 -0.032171985168328116 -0.9958856497215959 -0.27066755294799805
0.996826780392271 -0.012245262706808938 0.07865382021249744 5.8017897605896 -0.014081591380024447 -0.9996400732984285 0.02283489960823225 -1.1907172203063965 0.07834589125783596 -0.02387001041376519 -0.9966404286029449 -0.26165342330932617
0.997158292298501 -0.017916319476454435 0.0731733940497133 5.895275592803955 -0.019075421997177124 -0.9997029186615403 0.015172432080163363 -1.194819688796997 0.07287982145948636 -0.016525129833534706 -0.9972038165330184 -0.24864114820957184
0.9974205979799013 -0.02281131559213963 0.06805728914945017 6.001785755157471 -0.023427471633134005 -0.9996913406821517 0.008269034889299566 -1.2002582550048828 0.06784765506850449 -0.009842115934978583 -0.9976471462674705 -0.23573151230812073
0.9975025575409776 -0.028124770947223925 0.06478923489573293 6.110385894775391 -0.028406930987257877 -0.9995905301122628 0.003437787336379195 -1.2099473476409912 0.06466601867359267 -0.005269664984720558 -0.9978930487080543 -0.21622234582901
0.9975431175030649 -0.031057515931780265 0.06279458118670699 6.226171970367432 -0.031096925709845583 -0.9995163124263624 -0.0003498642634484853 -1.2078479528427124 0.0627750741430312 -0.001603713738080578 -0.9980264115586237 -0.19682401418685913
0.9974020299733437 -0.03504865375868049 0.06293474775319 6.3441338539123535 -0.035056222136386136 -0.9993848570205877 -0.0009843004948222995 -1.2182694673538208 0.06293053229218606 -0.0012245111856937292 -0.9980171585086994 -0.17636990547180176
0.9972332577380011 -0.03567968362431735 0.06521341762031961 6.468624114990234 -0.03571424375277428 -0.9993618404573391 -0.0006361060349073849 -1.2153441905975342 0.06519449711763269 -0.0016947017993860652 -0.9978711367362975 -0.16095004975795746
0.9969471423030751 -0.03682436600996994 0.06885028338137637 6.603864669799805 -0.037023814907256716 -0.9993130662130467 0.0016225984075360306 -1.2183085680007935 0.06874323663783409 -0.0041667449937228184 -0.9976256841384508 -0.14247535169124603
0.9965900499364256 -0.036408577994548365 0.07404517415826384 6.749724864959717 -0.03695290391907113 -0.9992990307056292 0.005994174066386665 -1.2144246101379395 0.0737750314107736 -0.008709918438489126 -0.9972368735968072 -0.11764609813690186
0.996200994665593 -0.034995847191256924 0.07974251630497456 6.917087554931641 -0.03615261345007041 -0.9992603036823164 0.013108547801121981 -1.2172417640686035 0.07922478632355359 -0.015941648725608874 -0.9967292997940296 -0.09835396707057953
0.9955412245825092 -0.03223115569513616 0.08865000146257115 7.082328796386719 -0.03445358894674646 -0.9991263256293518 0.023654505766960324 -1.2173011302947998 0.087810138170069 -0.02660334634865361 -0.9957819247192664 -0.07553692162036896
0.9945423403334616 -0.027211117381316485 0.10072282946234731 7.252764701843262 -0.031006991528551346 -0.9988592647388718 0.036314401023133436 -1.2108604907989502 0.09961977595030633 -0.039239321301225705 -0.994251565703283 -0.0497344508767128
0.9932101803859492 -0.02086725266644664 0.11444691059117867 7.427793502807617 -0.027024543149237242 -0.9982543799509298 0.05251539751691615 -1.2066330909729004 0.11315127770063219 -0.05525170291438431 -0.9920403407522171 -0.024559322744607925
0.9915291672550901 -0.014219319921736976 0.12910352986417817 7.6208319664001465 -0.02348228136113235 -0.9972344837626019 0.07051217523813424 -1.2116649150848389 0.12774385677794475 -0.07294652380819822 -0.9891209793143585 -0.005221081897616386
0.9892939109669868 -0.0056355015786404075 0.14582797689607144 7.812253475189209 -0.01907724890316306 -0.9956734466829807 0.09094199329638945 -1.2098733186721802 0.14468454063213101 -0.09275035683160966 -0.9851211879812952 0.016699494794011116
0.9866692814545179 0.0046806088694622255 0.16267089762657755 8.018952369689941 -0.013751406053787966 -0.9936132853096089 0.11199793787293462 -1.200170874595642 0.1621561835563763 -0.11274187845187338 -0.9803033413069517 0.04287748783826828
0.9834466885003859 0.016109587884060823 0.18048017081062012 8.223142623901367 -0.008451702058930382 -0.9908776654428553 0.1344991481713695 -1.1923373937606812 0.18100049615935304 -0.13379810650649226 -0.9743392053516811 0.0632084384560585
0.9798063505020862 0.028479245593168754 0.19791020207717316 8.444188117980957 -0.0032053158185983872 -0.9874401130362076 0.15796122662712253 -1.1823673248291016 0.19992308887741453 -0.15540577768373381 -0.9674088085169721 0.08250527083873749
0.9760193630796965 0.04107207000385284 0.21377391786441802 8.671995162963867 0.0016074472706075066 -0.9833721314785668 0.18159478831886364 -1.1728523969650269 0.217677787123024 -0.17689639933277132 -0.95985626262286 0.09880134463310242
0.9719235053157855 0.05549946528369211 0.2286580616726653 8.915982246398926 0.00777920609196291 -0.9788326185556613 0.20451451978782867 -1.155342936515808 0.23516841575189243 -0.1969936907738206 -0.9517821715224832 0.10531598329544067
0.9671858451969596 0.06938072210732629 0.24441328984019933 9.149564743041992 0.012524602067316728 -0.9738423909021378 0.22687911324109078 -1.1402281522750854 0.2537610592539736 -0.21637308770240882 -0.9427555418688492 0.09874210506677628
0.9625115628827559 0.08428579417107945 0.2578127153922875 9.40330696105957 0.018137814046702554 -0.96836716034217 0.2488695691972986 -1.1228795051574707 0.27063353638934223 -0.23486367891138935 -0.9335933490067321 0.09482508897781372
0.9579426090736768 0.09822040151842706 0.26962698389937934 9.666707038879395 0.02334169069147731 -0.9631552378461524 0.2679312473101731 -1.1034523248672485 0.2860089564974856 -0.2503692084404165 -0.9249400717171566 0.08458449691534042
0.953268839756558 0.11241602695546919 0.2804303051254138 9.921833038330078 0.02855848500071982 -0.9575701495244545 0.28678183637423244 -1.0758172273635864 0.3007705638583156 -0.2653715237610483 -0.916032216842339 0.066780224442482
0.9489278800691483 0.12607536424979165 0.2892073321282763 10.176899909973145 0.03419735823089064 -0.9523858641498788 0.30297146145720893 -1.0497697591781616 0.3136342122879787 -0.27760793990225 -0.9080569434709083 0.05745594948530197
0.945393322483549 0.1394157077215263 0.29460944697008895 10.437929153442383 0.040690628066595874 -0.9473129597243112 0.31771438293837306 -1.020626425743103 0.3233817227226389 -0.28837721265535377 -0.9012562591350292 0.039656031876802444
0.9423528208791948 0.15158571423730868 0.29831683194246517 10.69762134552002 0.047461751655236965 -0.943042994999551 0.32926781153354995 -0.9891926646232605 0.33123789504046885 -0.2961278116311295 -0.8958737500718043 0.021585211157798767
0.9403090707994773 0.16258342337149356 0.2989740487350519 10.957841873168945 0.05482476019648181 -0.939397385926137 0.33841808016791686 -0.9586406946182251 0.33587660984596973 -0.3018264099775665 -0.892237480269929 0.010102329775691032
0.9394549927721851 0.17236515388423107 0.29616645705055644 11.221796035766602 0.06333181625209924 -0.9367308115542605 0.34427382667740897 -0.9271755218505859 0.33676905678168245 -0.3046730057149167 -0.8909326360522518 0.00567851634696126
0.9398411056287981 0.17975225403483416 0.29049582327433815 11.484814643859863 0.07209049187985098 -0.9355788630917632 0.34568070804782464 -0.9001445174217224 0.33391863851986486 -0.30394295205732386 -0.8922539015009794 0.012803878635168076
0.9416471936213372 0.18500225172562026 0.2812022930232088 11.751049041748047 0.08145138735597271 -0.9358249006540557 0.34292481218718285 -0.8794119358062744 0.3265979703593512 -0.30000987012476366 -0.8962855814888887 0.03237634152173996
0.9446986019621681 0.18799786997082635 0.26870309327798414 12.015040397644043 0.09124257040732553 -0.9376938428348758 0.33526862432238913 -0.8608617782592773 0.31499102335810936 -0.29221063977205775 -0.9029914712818807 0.05919507145881653
0.948660190645022 0.19024700547242548 0.2526854162671943 12.275768280029297 0.10247009436150548 -0.9406576003870657 0.3235168598320517 -0.842086911201477 0.29923857112159613 -0.2810148674764773 -0.911859047117636 0.09771770238876343
0.9534754704328637 0.19095813044959103 0.2332799170482234 12.53830623626709 0.1137369080347173 -0.9444789304730196 0.3082587640980272 -0.8308930397033691 0.2791924838414016 -0.26738463364175946 -0.9222564798681171 0.1484999656677246
0.9588792512893162 0.1897287707989866 0.21107717777615465 12.801179885864258 0.12455358384725464 -0.9495809602863049 0.2877193156750938 -0.820585310459137 0.2550235012653651 -0.24959766303562414 -0.9341648785998699 0.20548273622989655
0.9646401234944157 0.18671376150690822 0.18603065179862058 13.062358856201172 0.134076333080417 -0.9552819176436096 0.26355264128985073 -0.8147124648094177 0.22692062280098582 -0.22929114480740215 -0.9465371634862116 0.2724571228027344
0.9701814178398751 0.18233754274940817 0.1596904411112875 13.320014953613281 0.14208478103945404 -0.9616115932203435 0.23476596597719085 -0.8136131763458252 0.1963668288565567 -0.2050759963729078 -0.9588450887585958 0.34698057174682617
0.9750539675704285 0.17789383514742535 0.1327536957741902 13.572944641113281 0.1487923694013944 -0.967637957224818 0.20380778823612222 -0.8133996725082397 0.16471366407522045 -0.1789708556003511 -0.96996847459729 0.4280942678451538
0.979223429224141 0.1748611540628224 0.10268910584055144 13.829249382019043 0.155991594364111 -0.9731037994369401 0.16951583409562196 -0.8110113143920898 0.12956889343610506 -0.1499752390270129 -0.9801629096902892 0.514224112033844
0.9824175947418909 0.17249450960483434 0.07142348141714507 14.080008506774902 0.161834660716183 -0.9775561316778201 0.134883475674281 -0.8115587830543518 0.0930871211953377 -0.12095310486004124 -0.9882839340454141 0.6121485829353333
0.9843992336187138 0.17114967145259966 0.04081591371703192 14.319263458251953 0.16654313308568805 -0.9811883073111326 0.09763652194705179 -0.825645923614502 0.05675855594438425 -0.0893157072276849 -0.9943848202630242 0.7321600914001465
0.9855197994075864 0.16944001341415146 0.006388022373371876 14.51999282836914 0.16875124118081172 -0.98379669502132 0.06055643207012357 -0.8809503316879272 0.01654519796092039 -0.058601576082390014 -0.9981443341045892 0.9083566069602966
0.9848032116207059 0.17104360274097302 -0.03011179740452341 14.622299194335938 0.17168147975058684 -0.9849487661178569 0.02003491037065328 -0.9385944604873657 -0.0262317344487872 -0.024900082013910797 -0.9993457269751589 1.1507792472839355
0.9828982174091753 0.1725519424142994 -0.0643189037757818 14.679065704345703 0.1717732301126662 -0.9849812766660332 -0.017488339944442727 -0.9786109924316406 -0.06637056298184447 0.006140992297966626 -0.9977761455271766 1.4122357368469238
0.9802177712292871 0.17329091700733604 -0.09562101782058924 14.728008270263672 0.16853998120601607 -0.9841160165589461 -0.055766842184472434 -1.010554552078247 -0.1037660623776609 0.038547685208176724 -0.9938544562780441 1.6753971576690674
0.9764550008667945 0.17651958650843114 -0.12400188249023032 14.770614624023438 0.16555630015023381 -0.9817261597212303 -0.09383420911145007 -1.0311394929885864 -0.1382994676880359 0.07109558986250936 -0.9878353477879336 1.940694808959961
0.9737214570592578 0.1709851132624113 -0.15043475364767558 14.8117094039917 0.1518434790243717 -0.9797224443897778 -0.13071912574942685 -1.0560933351516724 -0.16973532908670383 0.10444148123020687 -0.9799397405240127 2.192826509475708
0.9684781428455761 0.1755135463371664 -0.17676278421244376 14.863862037658691 0.14659811303434658 -0.9753033839229254 -0.16520382127317687 -1.0512776374816895 -0.20139285013414096 0.13408319939739718 -0.9702899646776756 2.454331159591675
0.9627596511511735 0.18083164696718315 -0.20098201305193183 14.914196014404297 0.14090402230892005 -0.9700564395944126 -0.1978296249265489 -1.0301928520202637 -0.2307377528980427 0.16214320663089063 -0.9594111057992888 2.7186248302459717
0.9571587662374172 0.18648253187663563 -0.22152056680982285 14.947708129882812 0.13505675251500485 -0.9642148290115118 -0.22814345731228408 -0.9955310821533203 -0.2561381849997504 0.18845166175754685 -0.948092401280515 2.98451566696167
0.9517988477276035 0.1924970248317891 -0.23879666851804207 14.979079246520996 0.12948277237541023 -0.9579361576817341 -0.25611038531057906 -0.945243239402771 -0.2780524503081816 0.2128455149559538 -0.9366875795273207 3.2563223838806152
0.9464669264933355 0.19884084870470037 -0.25428856431356345 15.038517951965332 0.12424814071126676 -0.9514692156941452 -0.2815470318013691 -0.8745557069778442 -0.29793079160109 0.2348800725322656 -0.9252397499800716 3.5170185565948486
0.9416536168208777 0.2052403956747057 -0.26676740039114666 15.083582878112793 0.11999434714812468 -0.9452015557089705 -0.30363691432010953 -0.7876623868942261 -0.3144675222986556 0.253910218519524 -0.9146801508454813 3.7877094745635986
0.9377896933717138 0.21118147269372634 -0.27559549451450766 15.118545532226562 0.11660866997751218 -0.939219953357957 -0.3229060193002799 -0.6830340027809143 -0.3270365562010809 0.2706811127603587 -0.9054163827228616 4.058035373687744
0.9349596984863329 0.21639544055449064 -0.2811109665480405 15.15190601348877 0.11369149266365028 -0.9333896779087139 -0.340379132247232 -0.5704699158668518 -0.33604256680107775 0.2862808454659434 -0.8972840524700347 4.320810794830322
0.932472471312729 0.22222583340977264 -0.28479952459451885 15.208051681518555 0.11278331414665155 -0.9280765856768505 -0.35489966915805576 -0.44975659251213074 -0.3431836451435728 0.2988135373167215 -0.8904692333945281 4.566715240478516
0.9307327706272921 0.22675902739351672 -0.28690913749128205 15.269038200378418 0.1117721040737914 -0.9233948478924132 -0.3672178531017591 -0.33151373267173767 -0.3482003825835959 0.30971325186580884 -0.8847791787713724 4.82285213470459
0.9291329035773759 0.2324542779223664 -0.28753618235878786 15.34892749786377 0.11269145778327204 -0.9186924111393298 -0.37855632217370977 -0.2102663367986679 -0.35215434518482924 0.3193262632333829 -0.8797829589034152 5.094878673553467
0.9285582177957641 0.23600859789933615 -0.2864953365790505 15.437887191772461 0.11325967858370845 -0.9151751589204971 -0.38681607218671504 -0.12488694489002228 -0.35348533402542887 0.32673287286777913 -0.8765236724792425 5.3405632972717285
0.927861865841012 0.24173775059135505 -0.28396340936301495 15.54080581665039 0.11663223395212109 -0.9113603072515211 -0.39473955004502714 -0.04740557074546814 -0.3542164309025953 0.3331444886313514 -0.873810889021865 5.58784294128418
0.9282523674187269 0.24562498518049808 -0.279313281167597 15.630367279052734 0.11996336960217041 -0.9085157469411564 -0.4002598250057646 -0.014047835022211075 -0.3520743278559544 0.33803476776070296 -0.8727978938160572 5.8490753173828125
0.9287918571071925 0.25026946132368943 -0.2733329158738911 15.729622840881348 0.12467456897755227 -0.9055540241756908 -0.4054974243438234 0.007930677384138107 -0.3490013438679497 0.342545042334528 -0.872273441043806 6.091407775878906
0.9295255962626032 0.25371488699316697 -0.26760217116214935 15.845491409301758 0.12942346609074695 -0.9039818297509041 -0.40751247576640437 0.015790069475769997 -0.3452994820698534 0.344159276496002 -0.8731109093832461 6.316142559051514
0.93040706446273 0.2569512821469063 -0.26137852436821646 15.95077896118164 0.13481907465498857 -0.9030434345331819 -0.4078435637051141 0.009694866836071014 -0.3408320869680817 0.3442217220768843 -0.8748399250968182 6.52665901184082
0.9312884050203247 0.2597605940327192 -0.25539448009396876 16.06804656982422 0.13964975736693602 -0.9021038675289499 -0.40829714358132224 -0.0003151288256049156 -0.33645185679686135 0.3445766184422266 -0.8763943758838624 6.726572036743164
0.9323894376212645 0.2621895846097656 -0.24881028582930625 16.17223358154297 0.1443458164236013 -0.9011753669074098 -0.408714134035391 -0.015919547528028488 -0.3313822896494418 0.3451660177384995 -0.878092363197198 6.9190497398376465
0.9327864613747099 0.2658708748823927 -0.2433559026720295 16.298419952392578 0.14966955188361455 -0.8999414014002802 -0.4095173980243796 -0.014574081636965275 -0.3278848009819992 0.34556931567338445 -0.8792459299593167 7.09745979309082
0.933972508186792 0.26764453144144723 -0.23677364452311994 16.38594627380371 0.15424203481492624 -0.8996295891067685 -0.4085045863876416 -0.033145394176244736 -0.322342595149049 0.34501160443248163 -0.8815113409137181 7.277029514312744
0.9348462014449798 0.2690249390877729 -0.2317070602996643 16.492130279541016 0.15760741228730502 -0.8992081424589021 -0.40814779201621365 -0.04367116093635559 -0.31815481017264485 0.3450366628119844 -0.8830216407764747 7.4404168128967285
0.9355238443904748 0.2699197378688423 -0.2279001353349372 16.591567993164062 0.15991887005826716 -0.8988271605334022 -0.40808784653153946 -0.05489956960082054 -0.31499379609153305 0.3453303789073265 -0.8840395001511916 7.588509559631348
0.9364592153822716 0.27019165415963686 -0.2236975814533979 16.665578842163086 0.16200575679451176 -0.898774964263143 -0.4073790598192596 -0.07043682783842087 -0.31112420781909256 0.3452535787450516 -0.8854387012507848 7.735665798187256
0.936856605527417 0.2700521855621188 -0.2221970246262736 16.752174377441406 0.16357056758529276 -0.8999616718513264 -0.4041208465526008 -0.08245253562927246 -0.309102523605795 0.34225839109025286 -0.8873076262654573 7.875165939331055
0.9369273764972698 0.26996297888807297 -0.22200693953077505 16.82709503173828 0.16501391920527492 -0.9015728531054062 -0.3999209884613369 -0.08206447213888168 -0.3081192912468454 0.3380626873425336 -0.8892559371678584 7.998709201812744
0.9367777424302086 0.27032781054783606 -0.22219436566163234 16.891357421875 0.16654983222763362 -0.9028883468878963 -0.39630012167420414 -0.07824212312698364 -0.3077476477120646 0.33423869898390757 -0.8908287587573922 8.132034301757812
0.9365853828083397 0.26989519211742236 -0.2235271929355695 16.956308364868164 0.16701002405124674 -0.9045175287369471 -0.3923718798206721 -0.07398141175508499 -0.30808354804526256 0.33015848539679493 -0.8922330984357936 8.256452560424805
0.9366930962493308 0.2688760482735364 -0.22430272870308315 16.996374130249023 0.16733208718153617 -0.9064361454463824 -0.38778020427527726 -0.0716656893491745 -0.30758090974296953 0.3256979964524067 -0.8940440699812148 8.362397193908691
0.9366551765240634 0.26853246822954585 -0.22487194977858818 17.02785301208496 0.16836572528511087 -0.9081819471455645 -0.3832212591025055 -0.06097155064344406 -0.3071319957931679 0.32108544717168197 -0.8958649857956646 8.475935935974121
0.936751731761279 0.267881709131481 -0.2252456058506838 17.052648544311523 0.16931443157438097 -0.9100986534632851 -0.37822356381505307 -0.051351070404052734 -0.3063148972918054 0.3161642466774379 -0.8978927290161107 8.572011947631836
0.9367305522413163 0.2674124291504378 -0.22589038322500696 17.080392837524414 0.17037208160016268 -0.9120001141038809 -0.37313421939797425 -0.03930741548538208 -0.30579278328454046 0.311040808593294 -0.899857982728788 8.656828880310059
0.9371978851200249 0.2664411852955219 -0.22509824278494542 17.081222534179688 0.17176865566427993 -0.9142308406001443 -0.3669843307647343 -0.034013859927654266 -0.3035714957927357 0.30527211610933486 -0.9025814545337667 8.739529609680176
0.9376102762746994 0.2659263865141753 -0.223986889749368 17.086374282836914 0.17357744492340196 -0.916206031734434 -0.3611611524337921 -0.021199237555265427 -0.30126041963382016 0.2997493358941016 -0.9052030132479121 8.82007122039795
0.9380172015594863 0.2654196537053152 -0.22288144159050255 17.09434700012207 0.17560043945168027 -0.9183733094074085 -0.35461944423911823 -0.00873167160898447 -0.29881133720608194 0.2935010596148417 -0.9080577695070278 8.893800735473633
0.9385244819529885 0.26467081586976854 -0.2216329307700143 17.112274169921875 0.17776776101241676 -0.9208873491760268 -0.34693675687678743 -0.0033941268920898438 -0.2959229966047031 0.28620945014863136 -0.9113252606649898 8.94504451751709
0.9392077743242705 0.26514325782413517 -0.21814630292364426 17.113019943237305 0.1821626228653374 -0.9233513776577126 -0.33799262152956117 0.010561829432845116 -0.2910421541283514 0.27770719509585723 -0.9155179836094541 8.987896919250488
0.9406463895786046 0.26445130252718996 -0.21272018795687575 17.105390548706055 0.1862074540469355 -0.9261528176756852 -0.32797521608918445 0.008643543347716331 -0.2837448745441833 0.26889861826171857 -0.9204251079076691 9.0165433883667
0.942108416003138 0.26456837437220315 -0.20599831984292477 17.09746742248535 0.19145023447274534 -0.9287981717999966 -0.3173023223698728 0.009952343069016933 -0.27527902247790154 0.25949476168707847 -0.9256802517287367 9.041668891906738
0.9437781694967371 0.26514058286375625 -0.19744173343053875 17.096099853515625 0.19760152560017136 -0.9312804725295138 -0.3060560709505537 0.01057856809347868 -0.26502151584705935 0.24983425066206025 -0.9313143633243577 9.057987213134766
0.9458175866855876 0.2661613767951302 -0.1859763808088854 17.07667350769043 0.2050110828351286 -0.9336796864625176 -0.2936199908078856 0.01081790216267109 -0.2517926699310742 0.23958373189717097 -0.9376566998529929 9.066838264465332
0.9477831899124398 0.2680787839570413 -0.17274487115834689 17.065980911254883 0.21371175059930256 -0.9359375308285836 -0.2799075312353631 0.011103827506303787 -0.23671567876923869 0.22837404401246705 -0.944357444745479 9.075580596923828
0.949751167548442 0.2706198146711125 -0.1572820258254083 17.055696487426758 0.22350560166914163 -0.9381280358252182 -0.26450148283371444 0.011607911437749863 -0.21913002022289574 0.21605717832576507 -0.9514732418365859 9.082423210144043
0.9515733954399023 0.27386840394609413 -0.13965733210610382 17.055620193481445 0.2341153875709837 -0.9400011149203057 -0.2481690739215311 0.013358978554606438 -0.19924371607020297 0.20345515788153734 -0.9585968601752956 9.083494186401367
0.9530480515009754 0.2784236805250573 -0.11907840128703087 17.052610397338867 0.24625778609584859 -0.9414433808994098 -0.23030732369566598 0.013252540491521358 -0.17622858541498201 0.1901699626217816 -0.9658047789274313 9.08842658996582
0.9541452419680002 0.28350693593917914 -0.09607639930911585 17.045927047729492 0.25882665748059813 -0.9425931426998341 -0.2110140486144742 0.011369748041033745 -0.15038490152687423 0.17647091717795516 -0.9727499148204145 9.089237213134766
0.9544592374028671 0.2897631700442612 -0.07102724422527965 17.049518585205078 0.2721776323238887 -0.9432141142154566 -0.19043757824366828 0.011545133776962757 -0.12217569561454944 0.1624328785395733 -0.9791264777190172 9.098525047302246
0.9538828427697696 0.29694887689926197 -0.043919093544037204 17.051767349243164 0.2859411774560966 -0.9433862703740912 -0.16810707273842843 0.012973582372069359 -0.09135187630521896 0.1477961751126501 -0.9847898889192492 9.108036041259766
0.9522629180656468 0.30490179048846505 -0.015173431847396425 17.046619415283203 0.2996110099758115 -0.9429605545171744 -0.14511593753250307 0.013350678607821465 -0.058554056890821916 0.1336423988919359 -0.989298302657007 9.110084533691406
0.9497206430768806 0.31269225767260983 0.01594528473381854 17.02920150756836 0.3122588971933565 -0.9422174395166388 -0.1213288003497034 0.00893479585647583 -0.02291465114779583 0.12020752331828301 -0.992484292117744 9.117233276367188
0.9458634611054842 0.32111041616063907 0.04722725461738178 17.020944595336914 0.32429138108338773 -0.9409796451325959 -0.09691443443142246 0.008409389294683933 0.013319650918203623 0.10698321400703333 -0.9941716043119228 9.1255464553833
