1.0 0.0 0.0 0.0 0.0 -1.0 0.0 0.0 0.0 0.0 -1.0 0.0
0.9999965170257177 -0.0017264642284178862 -0.0019963110231997813 0.12473035603761673 -0.0017327342605790068 -0.9999935584486748 -0.0031433569855929397 -0.061433371156454086 -0.0019908712704670905 0.0031468051138660684 -0.9999930670005466 -0.04743840545415878
0.9999878769765951 -0.002571775372755969 -0.004199032183004383 0.2532461881637573 -0.0026027787906785396 -0.9999692709604453 -0.007394773654559562 -0.1189960390329361 -0.00417988545400644 0.007405613159452775 -0.9999638420719639 -0.09673015028238297
0.9999865476074222 -0.0017392414229676037 -0.004886680208612898 0.36950942873954773 -0.0017897430040502425 -0.9999448434855841 -0.010349241835513659 -0.16912978887557983 -0.004868410846268891 0.010357848515166001 -0.9999345046301625 -0.1481408178806305
0.9999730897553558 -0.0008292752227021758 -0.007289174694854151 0.49605533480644226 -0.0009351815172037075 -0.999893882144854 -0.01453787759002202 -0.21729624271392822 -0.007276345281593667 0.014544303073629762 -0.9998677502787283 -0.19453391432762146
0.9999526132120999 -0.0011964858067378924 -0.009661250023005533 0.618440568447113 -0.0013808960122788276 -0.9998165567606461 -0.01910355866034217 -0.26935553550720215 -0.00963662059520982 0.019115994585690188 -0.9997708308880111 -0.2362055480480194
0.9999316038990624 -0.00013788669954125732 -0.0116948070145171 0.7405471801757812 -0.00040974910343930123 -0.9997296630857717 -0.023247211705536567 -0.3144482374191284 -0.011688439995180686 0.02325041362358733 -0.9996613419737763 -0.2775108814239502
0.9998950746254237 4.006252372239195e-05 -0.014485790790040361 0.8674787282943726 -0.0003772093739386861 -0.9995850732260173 -0.028801720379625584 -0.3600815534591675 -0.014480934117205215 0.028804162524401225 -0.9994801762758286 -0.3189086616039276
0.9998503835534707 -0.0002140182359793366 -0.017296378354217597 0.9928754568099976 -0.0007918967446314579 -0.9994414017472733 -0.03341043808439408 -0.40638428926467896 -0.017279566184468315 0.03341913627908353 -0.999292038356574 -0.3508492708206177
0.9997880716424323 -0.000168439139940444 -0.020586000820035855 1.1212886571884155 -0.0009579677523299467 -0.99926395290673 -0.03834885551098116 -0.4499719440937042 -0.020564389105730243 0.03836044902595316 -0.9990523418976782 -0.38144832849502563
0.9997830230494822 0.0014248541000992706 -0.020781641244916445 1.234427809715271 0.0005402751288797109 -0.9990959352865307 -0.042509060172127654 -0.4849988520145416 -0.02082342250505656 0.04248860888198019 -0.99887992431045 -0.41525548696517944
0.9997227012996145 0.0015092279608111706 -0.023499845471070435 1.3641135692596436 0.00039938702937353026 -0.9988872290946668 -0.04716083164639838 -0.5246872901916504 -0.023544871972526246 0.04713836847560031 -0.9986108417302789 -0.43965187668800354
0.9996903147185662 0.0035205041852354522 -0.024634948917670787 1.4844081401824951 0.002264754448893132 -0.9987053741422321 -0.050817777860810924 -0.554000973701477 -0.024781960075440524 0.0507462482328127 -0.998404062864887 -0.46524620056152344
0.9996608469275602 0.004216810035809642 -0.025698436395917467 1.6080846786499023 0.002813668364874451 -0.9985155953194679 -0.05439383397170261 -0.5875160098075867 -0.02588965798162705 0.05430307925827539 -0.9981888103924347 -0.4834625720977783
0.9996077495279956 0.004502044877689285 -0.027641973075279217 1.7387363910675049 0.002896549606017022 -0.9983211160443299 -0.057849453414728594 -0.6205669641494751 -0.02785600624560298 0.057746695593100764 -0.9979425645116666 -0.49549952149391174
0.9995863013403968 0.005159980492312714 -0.02829488953758812 1.8623790740966797 0.003431368022491616 -0.9981438019573597 -0.06080441042885824 -0.6522536873817444 -0.028556118190671217 0.06068216554660665 -0.9977485769964568 -0.5078412294387817
0.9995969713983166 0.005251468266423486 -0.0278983306375124 1.9874765872955322 0.003481173503028092 -0.9979993096727566 -0.06312891036397576 -0.6835533380508423 -0.028174034186730004 0.06300634867811193 -0.9976153686786793 -0.5175798535346985
0.9995970148337749 0.005964072294284046 -0.02775315796578464 2.109839677810669 0.004188362994551437 -0.9979662977616623 -0.06360602288546727 -0.7125208377838135 -0.028076067225149506 0.06346415030195604 -0.9975891118469664 -0.5200549364089966
0.9996502670206803 0.007685767501828861 -0.025303608900530673 2.2253782749176025 0.006061269335483035 -0.9979530914001046 -0.06366229951091722 -0.7345256209373474 -0.02574110835853648 0.06348666271653307 -0.997650659799106 -0.5268265604972839
0.9996924010994571 0.009248807595612085 -0.02301223027134226 2.349111795425415 0.007770823145755949 -0.9979511723779878 -0.063506470985538 -0.7561460733413696 -0.023552441309539793 0.06330811249325749 -0.9977160745427035 -0.5297162532806396
0.9997588054935665 0.009883726524939608 -0.019612312154794864 2.469001054763794 0.00865238539760758 -0.9980445397416918 -0.06190503144919322 -0.7826642394065857 -0.020185813459164245 0.06172040701238562 -0.9978893346925887 -0.5325498580932617
0.9998185319925866 0.010319532329876308 -0.01601281788698536 2.5952625274658203 0.009342838053929997 -0.9981597902655298 -0.05991447633228205 -0.8075814843177795 -0.016601640319172023 0.05975399860734163 -0.9980750699166604 -0.5335091948509216
0.9998824628084707 0.01091261199776979 -0.010769190659178434 2.7163455486297607 0.010284763412626446 -0.998336736531272 -0.05672727856716363 -0.8312351107597351 -0.01137032143846011 0.05660985242408262 -0.9983316284676701 -0.5284783840179443
0.9999236743808999 0.011583799362275883 -0.004296627157947045 2.8332390785217285 0.011345033366541331 -0.998584883400299 -0.051956913518059616 -0.8562227487564087 -0.00489240539120943 0.05190420249599832 -0.9986400843811258 -0.5265241861343384
0.9999296082717232 0.011665979226571768 0.002164123435342387 2.950671911239624 0.011754074690993772 -0.9988473429368602 -0.04653844900867528 -0.8846240043640137 0.0016187123638070578 0.04656061035531778 -0.9989141551372788 -0.5229289531707764
0.9998594912927431 0.01329468220161287 0.010210244706912697 3.058490514755249 0.013699809782167739 -0.9990778654293567 -0.040690711729490035 -0.9011124968528748 0.009659859406292716 0.04082487274050165 -0.9991196209073129 -0.5182858109474182
0.9996926769269493 0.01603740824944721 0.01890378891310688 3.1519789695739746 0.01666957941636995 -0.9992905232600849 -0.0337724035962384 -0.9096187353134155 0.01834875529053879 0.03407714276793822 -0.9992507550760529 -0.5129268765449524
0.9994777214859032 0.018224780086017064 0.02668598216600096 3.246896743774414 0.018943797669791707 -0.9994574451798282 -0.0269434185740634 -0.9203063249588013 0.02618046567946796 0.027434880452218233 -0.9992806965769823 -0.5117120146751404
0.9991244639649911 0.020208223799204627 0.0366324063849198 3.3211865425109863 0.02090695271532361 -0.999604794579816 -0.018792391577519288 -0.9307765364646912 0.036238168204641305 0.01954181014964721 -0.9991520969408246 -0.5065745115280151
0.9986898146229842 0.02249829229922847 0.04596173421366514 3.3932666778564453 0.023007853108471595 -0.9996792172180505 -0.010587792859914577 -0.9374357461929321 0.04570878322213482 0.011631401717933266 -0.9988870895303571 -0.5023526549339294
0.9981144648644624 0.02473000616283986 0.05617776983392513 3.450166940689087 0.02485868436189166 -0.9996897062619798 -0.0015927980512980716 -0.9449405074119568 0.05612094831810497 0.002986300223065077 -0.9984195116136574 -0.5011995434761047
0.9974139290004078 0.02675017418874125 0.06670743899177443 3.49593186378479 0.02627941885942665 -0.9996232245951968 0.007924707837603616 -0.9536800980567932 0.06689429258449571 -0.006151181250180059 -0.997741106995621 -0.4932289719581604
0.9965613217165423 0.029350659678219388 0.07748593959571809 3.53029727935791 0.028062799735687396 -0.9994501917230032 0.017657676399981725 -0.9586482644081116 0.0779616016355015 -0.01542248492640258 -0.9968370657379881 -0.4907795786857605
0.9956523915726077 0.03298870779067114 0.08710947315905698 3.565549850463867 0.030784953658623524 -0.9991740843463974 0.026522364124918138 -0.9550361633300781 0.08791246660163254 -0.0237253941767056 -0.9958456225174548 -0.4922027587890625
0.9947170974017775 0.03518815172893491 0.09643490091499055 3.589568614959717 0.03184866130408885 -0.9988458534498724 0.03595307802029452 -0.9606745839118958 0.09758872327128798 -0.03269181891387211 -0.99468974362179 -0.48831215500831604
0.9935526755090802 0.03785489736919594 0.10686481055013264 3.5961673259735107 0.03317896928553924 -0.9984268198506969 0.0452000154864235 -0.9618864059448242 0.10840773489884079 -0.04136293205264011 -0.9932456246398023 -0.48606836795806885
0.9923581258086973 0.04153376748543013 0.11619077545104745 3.61444091796875 0.03535097913858993 -0.9978726331182941 0.054776969133984 -0.9606276154518127 0.11821868894296064 -0.050250912748214666 -0.9917152753449847 -0.49053099751472473
0.9911853084140726 0.04446376131915497 0.1247984707977345 3.6402482986450195 0.0366263621226192 -0.9972512762626177 0.06440808637308874 -0.9629682898521423 0.12731926005818026 -0.05926943497228325 -0.9900893596520993 -0.4939761459827423
0.9897922877859265 0.047237849270123804 0.1344611937914972 3.663844585418701 0.03757724728597705 -0.996586993745597 0.07350043798183624 -0.9665071964263916 0.1374742795067864 -0.06769748513383854 -0.9881891888604345 -0.49670901894569397
0.9886116907609496 0.050167652725337776 0.14188069463745517 3.7020552158355713 0.03861534964375662 -0.9957980752083794 0.08303642684495399 -0.9736868739128113 0.14545026525471627 -0.07661200970681345 -0.9863948602390505 -0.49561503529548645
0.9873750286656775 0.0545946267793544 0.14869424835640352 3.748547077178955 0.041238963909055494 -0.9949537203589784 0.09146825787963539 -0.9711092710494995 0.15293757099928204 -0.0841814770044507 -0.9846438840038509 -0.4917539954185486
0.9860822358393165 0.05691322220891926 0.15621366553516577 3.7936525344848633 0.0415396867716862 -0.9941226381233087 0.09997317036917015 -0.9824840426445007 0.1609853365528819 -0.09209270062578849 -0.982650831122838 -0.4911986291408539
0.9850470191737402 0.060874650726567 0.1611727238581262 3.8556652069091797 0.04382511326424665 -0.9932598434545252 0.10730443992709851 -0.9825162291526794 0.16661851477043382 -0.09863650581610653 -0.981075486522869 -0.4873410761356354
0.9839981575490484 0.06296668484230411 0.1666818002664003 3.917309045791626 0.04409515637633827 -0.9924333236214906 0.11459369681508708 -0.995711624622345 0.17263615821786724 -0.10541012648494344 -0.9793290877484462 -0.4792775809764862
0.9832179527069244 0.06532958067862163 0.17033644167693598 3.992262363433838 0.04491214539006853 -0.9916263703649731 0.12107865539908662 -1.0046995878219604 0.1768201251873386 -0.11139653264417564 -0.9779189413461574 -0.4735105633735657
0.9823255474706266 0.0677042515379696 0.17450688556677965 4.0666985511779785 0.04572606915740597 -0.9908451244324868 0.1270238795966405 -1.015137791633606 0.18150935343928123 -0.11679928814874273 -0.9764283286048193 -0.4634559154510498
0.9816351323785194 0.07156279885939658 0.17683674024256393 4.158327102661133 0.048499048657886464 -0.9901333496948631 0.13146783675602755 -1.0162848234176636 0.18450016032374186 -0.12047703366799455 -0.9754204094640803 -0.46640172600746155
0.9809348450184856 0.07268609297935494 0.1802319664098361 4.244716167449951 0.04825902166754526 -0.989478656513759 0.13639301716516958 -1.0323827266693115 0.18824955951143982 -0.12509484478236269 -0.9741218523124433 -0.45701876282691956
0.9803630430800513 0.07424909947723143 0.18268928537175388 4.336263656616211 0.04860290392497844 -0.9888077150526248 0.1410569402137545 -1.0431251525878906 0.19111792561892577 -0.1294077813704709 -0.9729992623984313 -0.44378137588500977
0.9801556831663397 0.07530702113409922 0.18336763434323422 4.446016311645508 0.04890725341463538 -0.9883012542293447 0.1444600687115325 -1.0548744201660156 0.19210132045397904 -0.13262534997734177 -0.9723721505798205 -0.43967247009277344
0.97998556333657 0.07513696128807712 0.18434406065913747 4.540783405303955 0.04808479848099434 -0.9879580064576498 0.14706063249989404 -1.0716239213943481 0.19317387972225417 -0.13525314977707814 -0.971797529153286 -0.43023979663848877
0.9799804988439929 0.07483131055276464 0.18449524884515284 4.632546424865723 0.047406715780924404 -0.987728305460523 0.14881329877047408 -1.0862888097763062 0.193367073682015 -0.13708781693877622 -0.971501984178424 -0.4229407012462616
0.9804305880655444 0.07540121308333414 0.18185301496266768 4.731377601623535 0.04828941568856364 -0.9876339259107485 0.1491554917613796 -1.0920932292938232 0.19085071212313484 -0.13745503066706405 -0.9719475912961606 -0.4200538694858551
0.9807880230381176 0.07496901071026528 0.18009581143964726 4.810018539428711 0.04803476549427593 -0.987592105336055 0.1495141959206822 -1.0995856523513794 0.18907013293720076 -0.13799087256417492 -0.9722196274094073 -0.4099125564098358
0.9813812224438022 0.07322847047822253 0.17756262936251113 4.887536525726318 0.04674860656635192 -0.9877354988878618 0.14897366217171065 -1.1120375394821167 0.18629402571959428 -0.1378991491930484 -0.9727684003055509 -0.3951985239982605
0.9822442927475259 0.0710554115900598 0.17362971476299768 4.966803550720215 0.04542916594616073 -0.9880415805086038 0.14734322538717592 -1.1239382028579712 0.18202291132258305 -0.13683918908641313 -0.9737261915363189 -0.3913414180278778
0.9831073087248832 0.06900849197891218 0.1695224102191613 5.033388614654541 0.04435683417056585 -0.9884186969834854 0.14512391503757643 -1.1315034627914429 0.17757390234514225 -0.1351529041059244 -0.9747826433198596 -0.3826829493045807
0.9839222028963607 0.06603981897177194 0.16593926888397564 5.090606212615967 0.04255614379336489 -0.9890536302345322 0.14128655684576488 -1.1402387619018555 0.17345337492539953 -0.13195324486373458 -0.975962226675254 -0.37403902411460876
0.9848514640445736 0.06348294056555508 0.16136142669922868 5.146441459655762 0.04154557841010522 -0.9898563916984553 0.13586128487646718 -1.1405506134033203 0.16834951346478597 -0.1270993315122663 -0.9774989520430728 -0.3640440106391907
0.9859543846077347 0.059325149665084155 0.15612327850131366 5.1960129737854 0.03897103293669162 -0.9907024784001971 0.13034514906030953 -1.1469221115112305 0.1624044644233362 -0.12243008579970194 -0.9790994147819959 -0.36119091510772705
0.9871558437611019 0.05545973839818383 0.14982508983849216 5.244384288787842 0.03707272688851766 -0.9917336311874747 0.12284143312724576 -1.1450345516204834 0.15539933413421245 -0.1157092139309192 -0.9810516932160773 -0.3535936176776886
0.9883269243015154 0.050267668650562564 0.14381603592487266 5.284985065460205 0.033831159069601074 -0.9928432231331639 0.11453290773641431 -1.146659016609192 0.14854407890156499 -0.10833049324630573 -0.982954302526978 -0.34692829847335815
0.9896332187633583 0.04446137882251402 0.13656235979681944 5.324110984802246 0.030170276945450512 -0.9940154377777781 0.1049907798260726 -1.1500630378723145 0.1404131286921201 -0.099782239164357 -0.9850521093009432 -0.34474486112594604
0.9908720335346041 0.03729902061956054 0.1295430284493132 5.351870059967041 0.025045123904872464 -0.9951654142733711 0.09496599392781985 -1.1570806503295898 0.1324588801386587 -0.09085472632136826 -0.9870157363373094 -0.34049463272094727
0.9920559855533042 0.03083943271396339 0.1219583983075511 5.389176845550537 0.020641804413241878 -0.9962509094314478 0.0840121501187702 -1.1568914651870728 0.12409205227744373 -0.08082731498011198 -0.9889732593526874 -0.33583196997642517
0.9931027553527118 0.023229398486779712 0.11492307147302758 5.4322686195373535 0.014834092071827896 -0.9971941176695017 0.07337466454948122 -1.1636570692062378 0.11630506017906847 -0.07116380211376258 -0.9906608129150242 -0.3245762586593628
0.9940954148203208 0.01594253775368578 0.1073319231318727 5.487788200378418 0.009209509262803629 -0.9979750242770994 0.06293676078621213 -1.1694409847259521 0.10811795027816731 -0.06157667098093936 -0.9922292186881781 -0.31393417716026306
0.9949326413867985 0.008225918643727329 0.10020665329984314 5.548142910003662 0.0029426738206679813 -0.998603011126288 0.05275762352775113 -1.18023681640625 0.10050064563908702 -0.052195406234433535 -0.9935669377521321 -0.30405721068382263
0.9956536292125991 0.0015532719541022826 0.09312055617325479 5.61873197555542 -0.002427787150596077 -0.9990882710961632 0.04262314403737284 -1.184773325920105 0.0931018608048792 -0.04266396493899542 -0.9947420920069446 -0.29500558972358704
0.9962254925802053 -0.0045392965588301176 0.08668427031519763 5.6960554122924805 -0.007362839271369631 -0.9994517179093053 0.03228083279598119 -1.1863126754760742 0.08649021060901191 -0.032797230902762375 -0.9957127020952979 -0.28434082865715027
0.9967051565594092 -0.010623943449512212 0.08041121012312821 5.784866809844971 -0.012556193310234783 -0.9996435184221775 0.02356221734230784 -1.1925331354141235 0.08013222134347908 -0.024494242223667664 -0.9964832458202437 -0.2756061553955078
0.997050849953488 -0.016303069255150057 0.07499208318141755 5.878201484680176 -0.017541345547968136 -0.9997199743750069 0.015883136717984078 -1.196732997894287 0.07471213959855284 -0.0171517570090407 -0.9970576279373771 -0.262889564037323
0.9973420322614399 -0.02116368244873081 0.06972065138702031 5.985626220703125 -0.021835060934188594 -0.999722136154028 0.008881474969131314 -1.2018247842788696 0.0695133138227592 -0.01038022296659944 -0.9975270172644659 -0.24993591010570526
0.9974384046784582 -0.026459343805599108 0.06645699359638041 6.09410285949707 -0.026786874454634884 -0.9996329951426574 0.004042076084336109 -1.2114787101745605 0.0663256528761223 -0.005811897065247874 -0.9977811030597138 -0.23048338294029236
0.997486898623436 -0.02939427992795607 0.06446598624171399 6.209908962249756 -0.029471758575706664 -0.9995655818570275 0.00025102445720548395 -1.2094905376434326 0.06443060236452208 -0.0021503195901571505 -0.9979198733388397 -0.21126039326190948
0.9973522937958851 -0.03338369501236505 0.06460596696442275 6.32792854309082 -0.03342809667185798 -0.9994410473964827 -0.0003938678950307833 -1.2200156450271606 0.06458300405666809 -0.0017668294607040783 -0.9979107745187809 -0.1910267472267151
0.9972142475908353 -0.03403201924440341 0.066374438362916 6.454542636871338 -0.034105089528894114 -0.9994182516988276 -3.224104792539208e-05 -1.2170652151107788 0.06633692237412055 -0.002231554930448855 -0.9977947849595737 -0.1751331090927124
0.9969253222072707 -0.035176731869642236 0.070017851130273 6.589755535125732 -0.03541954411724241 -0.9993700453525316 0.0022289788258131513 -1.2201613187789917 0.069895334869049 -0.004702125801220175 -0.9975432482737243 -0.15684480965137482
0.9965604309252262 -0.03475548605654909 0.07522874253303073 6.735382080078125 -0.03534939587385445 -0.9993533710385748 0.006577233855544571 -1.2164890766143799 0.07495150248982023 -0.009213901606269857 -0.9971446115241805 -0.13225124776363373
0.9961608926595488 -0.03339605778072268 0.0809208209327967 6.902618885040283 -0.034613931253641976 -0.9993069344178108 0.013694034746761456 -1.2197332382202148 0.08040741072127161 -0.016442449610200863 -0.9966264566786881 -0.11301593482494354
0.99548489995082 -0.030627855410019538 0.08984290980867354 7.067570686340332 -0.03292640225153623 -0.9991644134766461 0.024214187507329343 -1.2198675870895386 0.08902620965017291 -0.027063061815933015 -0.9956615512715506 -0.09031929075717926
0.9944508911532016 -0.025799377652751285 0.10198929942564416 7.236724376678467 -0.029717293376552986 -0.9988701957362883 0.03708388523497565 -1.2146621942520142 0.10091733032029168 -0.03990894865164557 -0.9940940439709641 -0.06361906230449677
0.9930899257837529 -0.01949571148103542 0.11572517677959467 7.410911560058594 -0.025825440253076842 -0.9982364504966794 0.05345124447124937 -1.211117148399353 0.11447901966104955 -0.056070546043700445 -0.9918420478704288 -0.038455165922641754
0.991371955716425 -0.012935130517482706 0.1304389812038037 7.603066921234131 -0.02238493640775764 -0.9972078200502478 0.07124239084037826 -1.2164909839630127 0.12915324247192256 -0.07354757663667955 -0.9888934188929869 -0.018262745812535286
0.9891132936404445 -0.004693513089371345 0.14708114521797858 7.797257900238037 -0.018181186307839145 -0.9957311426107656 0.09049274059005685 -1.2178412675857544 0.14602854792194522 -0.09218168239915986 -0.9849762436840133 -0.0017479900270700455
0.9864582745189714 0.005577723432067922 0.16391754523042798 8.004055976867676 -0.012917188651227068 -0.9936750667189251 0.11154823180350502 -1.2082784175872803 0.16350296287958407 -0.11215503012551527 -0.9801469432422583 0.024277038872241974
0.9832263993172858 0.016967201372609833 0.18159835286462991 8.209616661071777 -0.007655476938918197 -0.990946932767139 0.13403570461723066 -1.2003874778747559 0.18222854155812976 -0.13317766523325572 -0.9741952926003166 0.04434434697031975
0.979547981159615 0.029367978710853785 0.19905595804336387 8.430451393127441 -0.002393987779350546 -0.9875199491337638 0.15747577237581928 -1.1900923252105713 0.20119647469236365 -0.15473161244324757 -0.9672528659466861 0.06343594193458557
0.9754672785591009 0.04345879352136185 0.2158122372020853 8.658262252807617 0.0037449221002635452 -0.9834548958441897 0.18111444834291104 -1.173937439918518 0.22011261667374832 -0.1758630180161869 -0.9594908206310647 0.07634580880403519
0.9713248678413174 0.057857608220933054 0.2306089726875358 8.903019905090332 0.009873425705234806 -0.9789180927516098 0.20401441897178293 -1.1563653945922852 0.23755108203898131 -0.19588737798669928 -0.9514187398656836 0.0822841078042984
0.966519173876727 0.07171927711007037 0.24636767608486826 9.136585235595703 0.014561138891369653 -0.9739273573614412 0.2263923051191153 -1.1411136388778687 0.25618091217504063 -0.21522510976595943 -0.9423637792081122 0.07528900355100632
0.9617907969334403 0.08657973833424948 0.25973527262216584 9.390347480773926 0.020099376780164567 -0.9684504290000748 0.24839440738998153 -1.1236560344696045 0.2730466589929034 -0.23368293792988826 -0.9331869086808222 0.0708116888999939
0.9571658795481279 0.10049848874878214 0.2715391919927385 9.653732299804688 0.025256981130876877 -0.9632351460374498 0.26746988305670494 -1.1040526628494263 0.28843641228702893 -0.2491547856201518 -0.9245141042026148 0.060088254511356354
0.9524343075561555 0.11467980316093623 0.28234275718883894 9.908795356750488 0.03042502063256449 -0.9576461409837197 0.28633579374311174 -1.0762187242507935 0.30322138432098544 -0.26412574922933724 -0.9155841745489636 0.04186581075191498
0.9480442050993902 0.12829644304690582 0.2911223245973722 10.163860321044922 0.035972009166460144 -0.9524406774664467 0.30259340783266353 -1.0497589111328125 0.31609840197950034 -0.27639967186805514 -0.9075709457983094 0.032320812344551086
0.9443974725359908 0.14163037949523596 0.2967393628618692 10.42255973815918 0.042295588187774714 -0.9473048749441132 0.31752882881239036 -1.021566390991211 0.32607437355223545 -0.2873226574970265 -0.900622669824252 0.011775681748986244
0.9413232111042614 0.1538140481440175 0.30041945814129956 10.682247161865234 0.049053968357112884 -0.9430141260639638 0.3291171010935739 -0.9899485111236572 0.33392262640435366 -0.2950687998372045 -0.8952262747137453 -0.006755102425813675
0.9393492778626152 0.1647652133177356 0.30079122104766304 10.942985534667969 0.05635882580045631 -0.9392753410331623 0.33850482490125644 -0.9595200419425964 0.3382995964132633 -0.3010220227946745 -0.8915935872690121 -0.019195877015590668
0.938480725261878 0.17453623383760258 0.29797823979231347 11.206925392150879 0.06484155811953882 -0.936590181447864 0.34437538291243736 -0.9280553460121155 0.33918947603451705 -0.30386828576415 -0.8902890341086914 -0.02406364493072033
0.9388754670463322 0.1818401134220317 0.2923132404274468 11.469902992248535 0.07352577149353699 -0.9354395457561167 0.3457554296925367 -0.9011262655258179 0.3363135713955234 -0.3031287340161819 -0.89163117504321 -0.01751602068543434
0.9406136056742472 0.1872585405075389 0.2831612329177114 11.735995292663574 0.0830588618388837 -0.9356987704660616 0.3428834151987084 -0.880172848701477 0.32916146537910723 -0.29900175577291693 -0.8956844755572085 0.0018592160195112228
0.9436818180225568 0.19027017377360517 0.27066933203782867 11.999958992004395 0.09288914404750304 -0.9375536183510833 0.3352086210629345 -0.8616482019424438 0.3175472142087921 -0.29118803836860097 -0.9024263366387764 0.028210129588842392
0.9476659097212193 0.19254231705420563 0.25466994266236304 12.260680198669434 0.10416270845343348 -0.9404940475283662 0.3234518151616343 -0.8428930044174194 0.3017937271049525 -0.2799971476767375 -0.9113298763746268 0.06636304408311844
0.9525066193422128 0.1934098705808428 0.23521003820239195 12.523470878601074 0.11557686119748427 -0.9442171693030895 0.3083762739722337 -0.8315519690513611 0.28173237170230636 -0.26654560426906754 -0.921726809624105 0.11672993004322052
0.9579215401911263 0.19235467753388324 0.2130399044045419 12.786348342895508 0.1265650166425369 -0.9492366044137182 0.28797771685217033 -0.8210904598236084 0.25761913632363365 -0.24889665902126976 -0.9336395630691294 0.17338716983795166
0.963947710222388 0.19044220963022032 0.18584019142310054 13.055179595947266 0.13796843483240076 -0.9549040767082254 0.26291237185782934 -0.8111777305603027 0.22752916944188284 -0.2277936985018926 -0.9467526118136226 0.23761899769306183
0.9694961243305522 0.1861192125261116 0.1594895094879235 13.312792778015137 0.146011804911546 -0.9611847213917946 0.23410357577245777 -0.8101742267608643 0.19687005291438048 -0.20367515825853272 -0.9590404643047397 0.3122771382331848
0.9743983988961843 0.1816293057836705 0.13250869974871204 13.565552711486816 0.15268094546263658 -0.9672008293692606 0.20300513431943074 -0.8101245760917664 0.16503420591255558 -0.1775763242889002 -0.9701702736792422 0.394166499376297
0.9785727936861683 0.17862336532819978 0.10241572543353118 13.821900367736816 0.1598824416244305 -0.9726172906147594 0.1686807957575944 -0.80797278881073 0.12974163679196643 -0.14869196130266485 -0.9803355590442022 0.480427086353302
0.9817628207907015 0.1763019581182286 0.07112934188338188 14.07266616821289 0.1657394692870693 -0.9770190302663347 0.13403075325413633 -0.8086909651756287 0.09312460487714974 -0.11979747101299316 -0.988421152093259 0.5784721970558167
0.9837340514309688 0.17500680044510536 0.040496121458470966 14.311949729919434 0.17046489548269533 -0.9805990727796862 0.09678418192914327 -0.8230352401733398 0.056648349166466536 -0.08830672829171528 -0.9944812146416478 0.6985766887664795
0.9848498719206157 0.17330256161466515 0.006078808743664572 14.512605667114258 0.17263912987246446 -0.9831739411834898 0.05970537843948627 -0.8789490461349487 0.016323621375945327 -0.05775139405693257 -0.9981975334920717 0.8745806813240051
0.9841061046770062 0.17495974632283467 -0.030401676008058393 14.614897727966309 0.1755830140381111 -0.9842776114876687 0.019188243937960404 -0.9374226331710815 -0.026566518754667454 -0.02422128590268341 -0.9993535657566238 1.1168897151947021
0.9821743444596812 0.1765340166229736 -0.06457010190602569 14.67134952545166 0.17570229563806197 -0.9842716514531312 -0.018385305361633887 -0.9783564805984497 -0.06680015263987002 0.006712460106781514 -0.9977437960150916 1.378339409828186
0.9794764240892807 0.1772826628016892 -0.0958999067946296 14.720257759094238 0.17244006577938809 -0.9833873533393173 -0.056689831595214846 -1.0112545490264893 -0.104356879827237 0.03898936729720143 -0.9937753623784845 1.641312599182129
0.9756842032249367 0.18053856035026974 -0.12428259654502143 14.76284408569336 0.1694524200193321 -0.980976108227106 -0.094719335075755 -1.03276526927948 -0.1390187502710063 0.07135617222254365 -0.9877155884964226 1.9065797328948975
0.9711869646403851 0.183472255949949 -0.1520980309183247 14.806153297424316 0.16397925436883695 -0.9775697262247128 -0.13216744873674613 -1.044111728668213 -0.1729354904270246 0.103418381661949 -0.9794886188645523 2.170487642288208
0.9658456774683751 0.18796401742538943 -0.17835822231947596 14.857325553894043 0.15860694582053775 -0.9731688474770032 -0.16669202451755966 -1.0427242517471313 -0.2049047682537835 0.13270991844466484 -0.9697433235105432 2.4321486949920654
0.9600216067836892 0.1932185159470867 -0.2025465862552838 14.907097816467285 0.15276939562196037 -0.9679590190827384 -0.19929086566544885 -1.0252184867858887 -0.23456348025590998 0.16038061750594557 -0.9587794487047826 2.696626901626587
0.9543045883467405 0.19881873408539633 -0.2231005684372827 14.940033912658691 0.1467928437360729 -0.9621650157744062 -0.2295437724001977 -0.9939637780189514 -0.26029716419553073 0.18630510834788544 -0.947383656664631 2.963022232055664
0.9488351827477316 0.20478941929472605 -0.24036033309389412 14.97085189819336 0.14109037152409898 -0.9559236074859233 -0.2574947838584117 -0.947023332118988 -0.2824983239654186 0.21040758160301 -0.9359077660542742 3.2355053424835205
0.9433260215300687 0.21124912811896668 -0.25594886788815674 15.029613494873047 0.13583440835422572 -0.949451221819682 -0.28300422415958915 -0.877415657043457 -0.3027953609474725 0.2321985858141473 -0.9243369440494089 3.500175714492798
0.9384390789905169 0.2175146483665932 -0.2683644402102996 15.074190139770508 0.13138851501536022 -0.9432278859020778 -0.30505444330275777 -0.7945639491081238 -0.3194826335585217 0.25101500553284517 -0.9137408351670931 3.771563768386841
0.9344820689691212 0.22341590791318422 -0.27717971582804984 15.106863975524902 0.12788524476832103 -0.9372648711406323 -0.3243145471548892 -0.6935465931892395 -0.33224783964043697 0.2676189332186006 -0.9044288140241891 4.044205665588379
0.9315967272855455 0.22853764689468098 -0.2826624871869339 15.139690399169922 0.12481912804142821 -0.9314712149347865 -0.34173317226001143 -0.5847839117050171 -0.34139086541065944 0.28307581970163964 -0.8962814052039717 4.307830810546875
0.928973542147672 0.2345970739259019 -0.2863081746912101 15.194307327270508 0.1240207913767785 -0.9260657462074019 -0.3564001641520462 -0.4652678966522217 -0.34875062909747584 0.2955781565114933 -0.8893854912788842 4.557098388671875
0.9271482277648492 0.239235300194198 -0.2883793246637001 15.25489616394043 0.12305147941559338 -0.921356052218992 -0.36872938376683273 -0.3495793342590332 -0.3539131209296055 0.3063812921515058 -0.8836718885725857 4.814846992492676
0.925474448581454 0.2449119218545613 -0.2889899575354808 15.334022521972656 0.12390755386050273 -0.9166402654209901 -0.380023080753319 -0.2315087914466858 -0.3579720144357102 0.31589361237993124 -0.8786735813363217 5.088827610015869
0.9248035196206722 0.24852810794349323 -0.2880490056557119 15.423223495483398 0.12438843505572293 -0.9130491355631166 -0.38841832252332525 -0.14811253547668457 -0.35953576640107054 0.32338066672185756 -0.8753050765698335 5.336613178253174
0.9240790023156139 0.254027772119173 -0.28556590915504937 15.526240348815918 0.1275287388593731 -0.9092748646101284 -0.396176275606164 -0.07513788342475891 -0.3602976800429309 0.3296803172474858 -0.8726376511332065 5.584601402282715
0.9243854423012254 0.2580043119837441 -0.28097211438034714 15.615079879760742 0.13091281131996957 -0.906404031657706 -0.40161370398301743 -0.04519207030534744 -0.3582923246371182 0.33446301199452766 -0.8716427615219888 5.846670627593994
0.9248592843264972 0.2628660978268613 -0.27483944187171994 15.712166786193848 0.13576627326770088 -0.9032615901550821 -0.4070454750927869 -0.02508000284433365 -0.35525036697810675 0.3391458600127556 -0.8710782183008189 6.090493679046631
0.9257560748115532 0.2657962780602369 -0.2689387077362261 15.827738761901855 0.14029623394775226 -0.9019312211738086 -0.4084568998217558 -0.023721003904938698 -0.3511305408100861 0.3404003684505167 -0.8722585238730367 6.3132405281066895
0.9265892172207069 0.26923448455492077 -0.2625742082855133 15.931436538696289 0.14577845948172174 -0.9007431698765695 -0.4091581389534438 -0.03064519539475441 -0.3466714053415049 0.3408438561088577 -0.8738674970906004 6.52295446395874
0.9274129986800487 0.2720843156286347 -0.25666175225026666 16.049190521240234 0.15059189886805513 -0.8997280228675378 -0.4096480988143171 -0.04312921687960625 -0.3423845935123151 0.3412617910867968 -0.8753931574267863 6.7232232093811035
0.9285948518216608 0.27438991850758315 -0.24984349859804217 16.149085998535156 0.1552965029953382 -0.8988047436428176 -0.4099183198670045 -0.06214128062129021 -0.33703797609131075 0.34184821986748853 -0.8772372525410116 6.917201995849609
0.9289837496220107 0.27804968126493895 -0.24428992547113987 16.274423599243164 0.16061920465553137 -0.8974988665988598 -0.4107277146110141 -0.06405261158943176 -0.3334526413661372 0.3423217188584855 -0.878421981034012 7.095510959625244
0.9302070154886709 0.27978690421863284 -0.2375588275846922 16.362926483154297 0.16524053167590938 -0.8971678827151864 -0.409616109199593 -0.08499228954315186 -0.3277353734754958 0.34177343146023464 -0.880783995381827 7.271961688995361
0.9310841724775434 0.28112578029969426 -0.23248776185575054 16.46885871887207 0.16858126334974463 -0.8967382836654598 -0.40919531797923764 -0.09805204719305038 -0.32351602960164455 0.34180220341538675 -0.8823313619786926 7.434995174407959
0.9317547099896432 0.2820943875622922 -0.22859553127297022 16.5677433013916 0.17094448400958612 -0.8962651708934121 -0.40925142251444835 -0.11082038283348083 -0.3203297422950491 0.34224479535744357 -0.8833217739034452 7.587099552154541
0.9327449443011699 0.2821700669635948 -0.2244257609775843 16.640289306640625 0.17287996183461288 -0.8962879200011165 -0.40838766295780154 -0.12879414856433868 -0.3163848727051756 0.34212281094635083 -0.8847895764267895 7.733996868133545
0.9332094351259249 0.28184817983036964 -0.22289404145974787 16.72687339782715 0.17429668435529372 -0.8974913074061698 -0.4051296322822059 -0.14303076267242432 -0.3142305141368408 0.3392211029058656 -0.8866725592509476 7.873650550842285
0.9332665023854054 0.2817808677199339 -0.22274015828384752 16.802236557006836 0.17576794997694836 -0.8990831106084427 -0.40094287371089193 -0.14389851689338684 -0.31323994522763743 0.33503597240542454 -0.8886121954531903 7.997738361358643
0.9330980722252982 0.2821788001238329 -0.2229419484307658 16.866622924804688 0.17734503191111206 -0.900369650007419 -0.39734523150777123 -0.14103031158447266 -0.31285256474237016 0.3312244225690365 -0.8901761930246896 8.130824089050293
0.9328930304534148 0.28177055342687096 -0.2243121685351899 16.93170928955078 0.17783144001362466 -0.9019842709311331 -0.3934467612466943 -0.1379208266735077 -0.3131877594576857 0.3271539854783181 -0.891562503199595 8.255233764648438
0.9331047928480415 0.2804828611008766 -0.22504401834458956 16.970396041870117 0.17795582107465285 -0.9039721916573386 -0.38880072332221044 -0.1406286060810089 -0.31248547375783686 0.3227439253322892 -0.8934143424813853 8.358394622802734
0.9330520168505814 0.28020086045784126 -0.22561341194562812 17.002588272094727 0.17905114012048573 -0.9056730295078008 -0.3843137427203408 -0.13018424808979034 -0.3120170236904014 0.31818837411327194 -0.8952103303171473 8.471639633178711
0.9333210215402724 0.27947772004490334 -0.22539759259922248 17.0186710357666 0.1801711085187266 -0.9075714741805226 -0.3792787772983431 -0.12316089123487473 -0.3105643933327768 0.31337872176058074 -0.8974093460297529 8.570322036743164
0.9333794980060369 0.2789146184693852 -0.22585249236188612 17.04339027404785 0.18125332773064434 -0.909498278668582 -0.3741124326796074 -0.11259251832962036 -0.3097578794616308 0.3082523587954575 -0.8994612495313349 8.65417194366455
0.9338694295279025 0.27796938157732254 -0.22499091425822215 17.044015884399414 0.18266093544811657 -0.9116494066558981 -0.36814445806662344 -0.10709573328495026 -0.3074457208263741 0.3027018041728027 -0.9021356585880426 8.737000465393066
0.9342882555568292 0.2774465794458578 -0.22389473214519973 17.048694610595703 0.1845034155348731 -0.913637054667877 -0.3622510482990668 -0.09491287171840668 -0.3050638378840458 0.29713755718791285 -0.9047902115539582 8.817248344421387
0.9346747368570432 0.27698976819322285 -0.22284479935031343 17.056772232055664 0.18661185926168344 -0.9158102742741208 -0.35562277136996856 -0.08293356001377106 -0.3025874258195711 0.290806137917039 -0.9076743027571406 8.887899398803711
0.9351660684367207 0.2763402645843468 -0.22158628706230932 17.07390594482422 0.1889112630786869 -0.9182895930549129 -0.34793211689790526 -0.07697571814060211 -0.29962803461395615 0.28351416447242217 -0.9109570568456464 8.938697814941406
0.9359317449534316 0.27677997059244497 -0.21777193728134436 17.069734573364258 0.19342848559035453 -0.920724755277719 -0.33889724988705094 -0.06390797346830368 -0.294307984517319 0.27506139841429866 -0.9152726573823363 8.979037284851074
0.9373836531587828 0.2761696185305068 -0.21223154476045547 17.060890197753906 0.1976230676468588 -0.9234797940960305 -0.32883155722983476 -0.06548387557268143 -0.28680482897702386 0.26629947746300103 -0.9202323502129192 9.00873851776123
0.9388383397668333 0.276302282183588 -0.20552279835579568 17.053409576416016 0.2028913786718853 -0.9260668732123817 -0.31817484941343854 -0.06434183567762375 -0.278240292273563 0.25701594347196355 -0.9254864367221914 9.033885955810547
0.9405226987918656 0.27684282825310874 -0.19691394440741328 17.05059814453125 0.20896807710354232 -0.9284242906791789 -0.3071818341447164 -0.06347615271806717 -0.26786077691389254 0.24776275935193287 -0.9310554329734628 9.05284595489502
0.9424027001376747 0.27833453260027974 -0.18549134409832801 17.030664443969727 0.21683034489410957 -0.930629505002426 -0.2948106611912829 -0.061390310525894165 -0.25467970532871675 0.2376102110203257 -0.9373791310417332 9.065656661987305
0.944287932962761 0.28043082540197706 -0.1722755113917298 17.020307540893555 0.22572451859866105 -0.9327574986258503 -0.28109053783549776 -0.059538666158914566 -0.23951772661813336 0.22654359607283658 -0.944091763397006 9.075078964233398
0.9460625996859967 0.2834240292216789 -0.156959794645388 17.009746551513672 0.23594185269036652 -0.9347292846084413 -0.26573032691890597 -0.05793625861406326 -0.2220292765029217 0.21436413915377767 -0.9511840075508254 9.081605911254883
0.9477662282085272 0.2869408325302826 -0.1392987268219293 17.00935173034668 0.24685560903838435 -0.9364195815172517 -0.24936053343972375 -0.05471346527338028 -0.20199377454186668 0.2019488201943344 -0.958339808767457 9.085504531860352
0.9491436450091949 0.29162462546250567 -0.1186651547949667 17.004920959472656 0.2591498546798282 -0.9376699065141579 -0.23155236823914085 -0.053225837647914886 -0.17879511726578012 0.18902440118033445 -0.9655579121939463 9.093692779541016
0.9501165068621479 0.29688408341847927 -0.09559531578921589 16.99784278869629 0.2719550188702893 -0.9386392677884597 -0.21212447448798807 -0.052713315933942795 -0.1527058973953891 0.17554533881112852 -0.9725557788231766 9.095327377319336
0.9503129550710288 0.30315999043978414 -0.07070578208830575 17.004085540771484 0.2853251244363906 -0.9390882178795119 -0.1915799895741743 -0.05215058848261833 -0.1244783547028448 0.1618868099519923 -0.9789268614018314 9.105978012084961
0.9496493075981527 0.3102459007471455 -0.04374555575074668 17.00836181640625 0.2990090792771563 -0.9391196043475121 -0.16925702124284203 -0.05131242051720619 -0.0935936060218675 0.14765449468189246 -0.9846006231523818 9.116235733032227
0.9479403330189338 0.31809394669091084 -0.01501219885803675 17.00370216369629 0.3126214515805982 -0.938538127492043 -0.14633527003210697 -0.051643747836351395 -0.06063788459035307 0.13402396920823503 -0.9891211364792876 9.117809295654297
0.9453311333053539 0.32570687588768266 0.016250520087089118 16.985326766967773 0.3251752451053339 -0.9376702660578174 -0.12261946061595705 -0.057305462658405304 -0.024700371946617353 0.12120026052178223 -0.992320708478439 9.126001358032227
0.9414010830074786 0.33389970745913017 0.04769681615216757 16.976821899414062 0.33708242708389086 -0.9363202490044207 -0.09838612023823788 -0.05732514709234238 0.01180839801072918 0.10869855869792792 -0.9940046202475183 9.13364028930664
