1.0 0.0 0.0 0.0 0.0 -1.0 0.0 0.0 0.0 0.0 -1.0 0.0
0.9998295884513876 -0.0012954623043677858 -0.018415098005359207 0.019123500213027 -0.0009412914682718485 -0.9998146759126415 0.01922830725964253 0.05139348283410072 -0.01843659479135942 -0.01920769655938538 -0.9996455153530083 -0.14354677498340607
0.9993100588970453 -0.0047907857335405465 -0.03683007682912469 0.02703525871038437 -0.0033281060832184312 -0.9992071548518978 0.03967348488189981 0.09077976644039154 -0.03699094344677853 -0.03952353811124193 -0.9985337050085422 -0.3200227618217468
0.9983005203202651 -0.00967160961446798 -0.0574676526034706 0.05608231574296951 -0.006176425188831136 -0.9981375991009425 0.060689249730842845 0.12170501798391342 -0.057947587526786845 -0.060231164927063846 -0.9965010205069305 -0.48990416526794434
0.997207702926616 -0.016937031964390205 -0.0727319336471939 0.016101639717817307 -0.010876709115043562 -0.9964963679353502 0.08292578543783698 0.14126288890838623 -0.07388162439097641 -0.08190314792419563 -0.9938980732134752 -0.676656186580658
0.995377876424071 -0.026222597809515063 -0.09238646269679873 0.0354151725769043 -0.016483694901997917 -0.9943732929246087 0.10464244894232907 0.15108445286750793 -0.0946106279858897 -0.10263590834786096 -0.9902094219859376 -0.864068329334259
0.9934961303587693 -0.033723223881211295 -0.10875745093192224 0.017880257219076157 -0.01971229198362167 -0.9916532045154056 0.12741800311996693 0.1836821585893631 -0.11214662057727917 -0.12444543440956424 -0.9858683833797042 -1.0437328815460205
0.9911803302209368 -0.04224893380486584 -0.1256048588847852 0.004533653147518635 -0.02302438384100218 -0.9883054532385864 0.15073887636444205 0.22069892287254333 -0.1305045237984375 -0.14651743476878243 -0.980561681168971 -1.2157478332519531
0.9885484111273904 -0.04957898457254678 -0.14252706110162536 0.00221019028685987 -0.02442144966246293 -0.9845987368597978 0.17311533776784171 0.2633390724658966 -0.14891484698946264 -0.16765217464394938 -0.9745343075968435 -1.3768353462219238
0.9856182571864327 -0.056679522500720614 -0.15919825008419286 0.004998921416699886 -0.024831864124264965 -0.9804243461210786 0.19532403860551698 0.31084486842155457 -0.16715271348348776 -0.18856174920207372 -0.9677315935283715 -1.5338635444641113
0.982084906636908 -0.06676840554471687 -0.1762135527619602 0.016454149037599564 -0.027386023586247407 -0.9757663917458157 0.21709434458659854 0.3253842294216156 -0.18643830579607135 -0.20837929062257482 -0.9601139668661856 -1.6810072660446167
0.9782955241555717 -0.07627711521362654 -0.19266465454738238 0.028808817267417908 -0.028900004652943852 -0.9709213674364341 0.23764782344137866 0.3399272561073303 -0.2051893202587183 -0.22692179258513714 -0.9520524370546579 -1.8168290853500366
0.9742804717811534 -0.08649011886797653 -0.20807936381125516 0.031989142298698425 -0.030518288710184582 -0.9655443097486053 0.2584430691008981 0.342225581407547 -0.2232626174712086 -0.2454458091927688 -0.9433504960456701 -1.936729907989502
0.9702784347781077 -0.09592630605846 -0.22216638541985553 0.02227427065372467 -0.0312765870704021 -0.9600869489124431 0.2779475231572018 0.3462848663330078 -0.23996152630322362 -0.262737881421721 -0.934551909505434 -2.0477354526519775
0.9656513484195379 -0.10299011315996878 -0.2385592376891431 0.06376820802688599 -0.028841735009237673 -0.9549064819037729 0.2955025636772319 0.36638590693473816 -0.2582356048595646 -0.2784719867589133 -0.9250771454172666 -2.1575698852539062
0.9628442844383746 -0.10775083867051452 -0.2476300480356846 0.005348913371562958 -0.026078054916184285 -0.949766040358991 0.31187241563272605 0.39832648634910583 -0.2687951245393844 -0.29382686287438753 -0.9172867358014357 -2.250835418701172
0.9601604397173249 -0.11121534070928114 -0.2563651263193798 -0.0418531596660614 -0.022309016666962653 -0.9449717484786895 0.3263904140021294 0.4313614070415497 -0.2785574227644746 -0.30766790955191736 -0.9098055944292531 -2.348656415939331
0.9563874694277429 -0.11789379943204392 -0.26725280237459687 -0.04036278650164604 -0.02142611171713734 -0.9407821284095425 0.3383340192796109 0.41248106956481934 -0.2913141432513758 -0.31785222811974806 -0.9022782447898366 -2.4266586303710938
0.9530767188642615 -0.12191707369946664 -0.2770938380756474 -0.04854293540120125 -0.018210774081235538 -0.9367519678611016 0.34951983980271606 0.4100036323070526 -0.30218063416820157 -0.3280731288126367 -0.8950166962044848 -2.4879138469696045
0.9505087515064994 -0.12286287033982485 -0.2853731388926006 -0.06422413140535355 -0.013009186620704931 -0.933423614727342 0.3585402578969486 0.4233323633670807 -0.31042531206881924 -0.3370831804780567 -0.8888256606701757 -2.5400390625
0.9486058698940598 -0.1211792878523968 -0.2923396719539108 -0.08584362268447876 -0.006614044196252458 -0.9311709294973491 0.3645229135163014 0.43619996309280396 -0.3163908311280595 -0.3438550279618271 -0.8841156947614193 -2.5881717205047607
0.947029379468781 -0.11807505440340081 -0.29865303606461013 -0.10948528349399567 -0.001437366729876724 -0.9315067023327843 0.3637213184375989 0.4263743758201599 -0.3211437192284152 -0.34402550056171033 -0.8823339314360552 -2.6153204441070557
0.9461125015984222 -0.11472386053243758 -0.302835879881677 -0.14766563475131989 0.003280437748305172 -0.9317026042136989 0.36320723565148216 0.40511730313301086 -0.3238215141823581 -0.34462834057277647 -0.8811191371356653 -2.642043352127075
0.9452978242316269 -0.1079945612533298 -0.307813577092781 -0.15736563503742218 0.011387856279272204 -0.9321095843674935 0.361997292061172 0.40157246589660645 -0.32600972413766327 -0.3457005893399078 -0.8798913355055414 -2.6572370529174805
0.9451695329372786 -0.09859856214113981 -0.31134045280179484 -0.1729397177696228 0.02096770439893643 -0.9330476584271253 0.35914122915073043 0.39668458700180054 -0.3259062892602192 -0.34597744239669503 -0.8798208340186516 -2.6711485385894775
0.9445410751562513 -0.08843032423403392 -0.31626292084045543 -0.15165455639362335 0.031823434523767236 -0.9338808475617013 0.356165455332981 0.39049580693244934 -0.32684771126288165 -0.34647747446739136 -0.8792746631905834 -2.680501937866211
0.9432606627164601 -0.08183436063283435 -0.32181121731773066 -0.11075815558433533 0.04013445989540973 -0.9339527749118501 0.35513580411352336 0.3562171459197998 -0.3296187908791126 -0.3479013533377964 -0.8776765355443437 -2.673685073852539
0.9426127206714173 -0.07642227349475433 -0.3250244528375082 -0.09585371613502502 0.04625461330732275 -0.9341783484566969 0.3537955963865412 0.32080361247062683 -0.33066867038807696 -0.3485261100529073 -0.877033511922532 -2.671584129333496
0.9426817380566022 -0.06499417096845897 -0.3273024571779238 -0.07961194217205048 0.057446680653704355 -0.934595514044577 0.3510428805852985 0.30592474341392517 -0.328711149212276 -0.3497241525372183 -0.877292424175468 -2.6717476844787598
0.9434724725764254 -0.05133150136691722 -0.32745193610352047 -0.07749536633491516 0.06812516890987573 -0.9368102260344613 0.3431407317096913 0.2875838875770569 -0.32437425121536195 -0.34605155304474444 -0.8803576930905945 -2.6783447265625
0.9447450913527068 -0.03846092937801944 -0.32554180879933875 -0.09539207816123962 0.07727492668731485 -0.9389754923111863 0.33519190107226005 0.2734347879886627 -0.31856757222045745 -0.34182712260782444 -0.8841204217634718 -2.6792261600494385
0.945955696360555 -0.023435512254214676 -0.3234479823532675 -0.10588836669921875 0.08789952687207969 -0.9415204390901298 0.3252890037354376 0.2589122951030731 -0.3121562008012681 -0.33613991066356813 -0.888576652158049 -2.6808815002441406
0.946649937902554 -0.008206144156615428 -0.3221592063982829 -0.08498065918684006 0.09891976663088481 -0.944016841003885 0.3147174664214508 0.2538575530052185 -0.30670633322248475 -0.3297951835596248 -0.8928417340503813 -2.6923952102661133
0.948520906303335 0.006011574870197801 -0.31665746678876827 -0.11318792402744293 0.10799190527742289 -0.9460417069237536 0.30552060021435984 0.24151794612407684 -0.2977345104284218 -0.3239891197685048 -0.8979895386760232 -2.715585947036743
0.9502426954268465 0.017778160280993563 -0.31100282443242416 -0.137195885181427 0.11503252112048788 -0.9478322864135816 0.2972902216970265 0.21547651290893555 -0.2894932449515644 -0.3182733005594814 -0.9027157732522392 -2.743237018585205
0.9516136468458817 0.03019495011650783 -0.30580996079942063 -0.1391952782869339 0.12305562605339507 -0.9493302227813164 0.2891875533465842 0.2089882791042328 -0.28158263446684456 -0.31282645844211787 -0.9071112538521796 -2.7761247158050537
0.9530475646401881 0.040969458558106964 -0.3000364027894972 -0.13914577662944794 0.12971515902218228 -0.9505342561820604 0.2822385610512255 0.19940441846847534 -0.27363171792256796 -0.3079060429577048 -0.9112187177933033 -2.8106584548950195
0.954455965171374 0.05019385525957242 -0.29409928160905463 -0.13663017749786377 0.1350576543112953 -0.9516529750855625 0.2758913645309116 0.19080379605293274 -0.266032405095153 -0.30304651772455465 -0.9150899231956986 -2.843907356262207
0.9559629463727474 0.058151265592124725 -0.2876686904624314 -0.14008846879005432 0.13970264081893555 -0.9521670792543956 0.27177384961097606 0.1908838450908661 -0.25810466348082806 -0.29999380575969914 -0.9183603318933481 -2.8826346397399902
0.956882258925469 0.06565282542061554 -0.28295944774469334 -0.11225300282239914 0.14457384742679066 -0.9525392278523038 0.2678944233140203 0.2018813192844391 -0.2519419480632527 -0.29725195696046586 -0.9209595696279324 -2.9230451583862305
0.9579981243764906 0.07133689819756495 -0.2777600414866696 -0.0822315663099289 0.1480315962435959 -0.9525621833254165 0.26591715516658354 0.2175678014755249 -0.24561400653199555 -0.29586539820307833 -0.9231128998889762 -2.976470470428467
0.959904562614279 0.07394724503344335 -0.2703979208948418 -0.0905231237411499 0.14863770558203807 -0.952084116821833 0.2672876109641026 0.22751405835151672 -0.2376763832432592 -0.29676192385067524 -0.9249012365657476 -3.0272722244262695
0.9616420154179516 0.07622305576469843 -0.26350461087577204 -0.08501186966896057 0.14917982870908014 -0.9514615622210995 0.2691956060601926 0.24540865421295166 -0.23019559702398715 -0.298179377867881 -0.9263363566896713 -3.084148645401001
0.9631090926795242 0.0762029165093493 -0.2580968638195607 -0.06193430349230766 0.14810916527092144 -0.9508469765149435 0.2719443002071223 0.2504718601703644 -0.22468767380694166 -0.30013853929120754 -0.9270557191837855 -3.1418957710266113
0.964849440058429 0.07359561899249079 -0.2522880157360792 -0.04010554403066635 0.14497867202407663 -0.9497525089921829 0.2774010748378395 0.25522297620773315 -0.21919567212212746 -0.3042266532179019 -0.927037971603517 -3.2048025131225586
0.9669397969868982 0.07185786785967564 -0.24467095420093862 -0.030475463718175888 0.14200799954483972 -0.9486681101120706 0.2825996194648275 0.2773367166519165 -0.2118045256084232 -0.30800205142669734 -0.9275093418660199 -3.2744901180267334
0.9690544839931421 0.06924384966314774 -0.23693605959543587 -0.01815868355333805 0.13837164481154957 -0.9472450156561745 0.28910234905078097 0.30025020241737366 -0.20441794188605586 -0.31294115996199773 -0.9275134152327438 -3.3455417156219482
0.9713321276568638 0.06455958912567505 -0.22879238893266066 -0.008978499099612236 0.13251676032915374 -0.9460633876515658 0.29564061760371985 0.30594030022621155 -0.19736566574117057 -0.31748405628813436 -0.9274969908249715 -3.422369956970215
0.9736620252913827 0.05993934330000919 -0.21997621605584192 0.0031639467924833298 0.12641552430363895 -0.944861634851457 0.3020854286470438 0.31509485840797424 -0.18974028491735453 -0.32193751895452594 -0.927553156519283 -3.512568712234497
0.9755235918449492 0.055863742851723214 -0.2126804269050759 0.05082385241985321 0.12114716426523409 -0.9437069889530629 0.3077994210384997 0.3343302011489868 -0.1835131775770372 -0.32603122739354246 -0.9273761655444024 -3.6079554557800293
0.9776537882203066 0.05111598736030137 -0.20391230030252055 0.07561539858579636 0.1149289085493023 -0.9421582834933421 0.31484776452207025 0.3335219621658325 -0.1760239084844724 -0.3312475278112433 -0.9269793195971469 -3.692234992980957
0.9801939087214012 0.047462324763430264 -0.19226863767529107 0.06584195792675018 0.1083383629806548 -0.9412125670591082 0.31997140921756706 0.34201422333717346 -0.16577907109202167 -0.3344640957383237 -0.9277128156114974 -3.765815019607544
0.98246424532294 0.04542615862366867 -0.18083271489065136 0.0759200006723404 0.10300696378758395 -0.9406605043096457 0.32333787443351986 0.3487497866153717 -0.15541419521166552 -0.3362949297040034 -0.9288445231480293 -3.8450658321380615
0.9847457759348651 0.04441565340039383 -0.16823497410305793 0.08163918554782867 0.09827265069649246 -0.939867911804695 0.32709447333296177 0.35550516843795776 -0.14359053904601676 -0.33863779779123676 -0.9298958000784691 -3.925079345703125
0.9866415029651653 0.043550562928181435 -0.15697736491379516 0.09914806485176086 0.09395176489273388 -0.9393251558795505 0.3299110749965802 0.3614139258861542 -0.13308497473486913 -0.3402522593613409 -0.9308688358191622 -3.996417760848999
0.9889564117698688 0.049732039397268085 -0.13961353758376832 0.01417762041091919 0.09320976931170011 -0.9411017793971628 0.32502212189380864 0.3729293942451477 -0.11522653567701047 -0.33444605704490327 -0.9353441507824765 -4.0362091064453125
0.9910765308489045 0.05389182706451098 -0.12191382602539025 -0.03142169117927551 0.09078739775191505 -0.9425921910618646 0.3213683396954787 0.38059449195861816 -0.09759589340712982 -0.3295688582448922 -0.9390736974621439 -4.097769260406494
0.9926469686339807 0.05903570941025275 -0.10567298934068839 -0.04409361258149147 0.08993913056478542 -0.9439916523925376 0.3174755313507755 0.3826497793197632 -0.08101202660728546 -0.3246452605962929 -0.9423600725398682 -4.152719497680664
0.9938809260243495 0.06719394123417266 -0.08766800526075821 -0.07519705593585968 0.09128611153904498 -0.9465339389581415 0.3094193727620594 0.3864433467388153 -0.062189635189980164 -0.31552888403726803 -0.9468759013794434 -4.190387725830078
0.9945264786142979 0.0783662067690937 -0.06910731489262141 -0.09162977337837219 0.09561113567544624 -0.94931040373511 0.2994466030783008 0.393370658159256 -0.042137798588626964 -0.30441500455284015 -0.9516070149663666 -4.2273783683776855
0.9945758017456148 0.09108194710873467 -0.05023000590234101 -0.0995979756116867 0.1017355741625225 -0.9523672192247876 0.28748313462856767 0.4040185511112213 -0.02165288737996473 -0.2910339476022118 -0.9564676648016825 -4.26540470123291
0.9937603205624548 0.10757427242674475 -0.029465253901214766 -0.12089073657989502 0.11153083833326197 -0.9557088406366929 0.2723627801839816 0.4089120924472809 0.0011390242694214719 -0.27394960821421993 -0.9617433726223377 -4.268812656402588
0.9917155004266562 0.12807771171130347 -0.009821709438937478 -0.09193851798772812 0.12634562289683168 -0.9587887343931758 0.254481721102997 0.4411143660545349 0.023176492148689613 -0.2536143973900697 -0.9670277077975342 -4.296333312988281
0.9887142138419036 0.14937801112787227 0.011419857199995217 -0.08175569772720337 0.1425581792098424 -0.9615268997094963 0.23482586457930762 0.4601220190525055 0.04605832050087659 -0.23054767603800766 -0.9719703700144944 -4.293034076690674
0.9844536884470177 0.172384990477121 0.03368011818959739 -0.07396610081195831 0.16145155539293035 -0.9636258205286118 0.21297575747432715 0.4769073724746704 0.06916885545002092 -0.20422706252787062 -0.9764768181411022 -4.291107654571533
0.9792485741287781 0.1945146236052601 0.05688841068670607 -0.05968824774026871 0.18074645210512666 -0.9652039206983304 0.18897648403963047 0.4746251404285431 0.09166760670031963 -0.1747725741421564 -0.9803323911865608 -4.300082683563232
0.9726066824260492 0.21789021708974105 0.08099441089840966 -0.04514387249946594 0.20254952572240464 -0.9653318693004501 0.16464529067825823 0.4731537699699402 0.11406108420413973 -0.1437297304300148 -0.983021786971526 -4.307302951812744
0.9646281999313503 0.24167817739651018 0.10528102615145843 -0.017483385279774666 0.22633521723189268 -0.9640457382044537 0.1392414596678089 0.4851454794406891 0.13514734676565088 -0.11048743467078528 -0.9846459878768988 -4.328615188598633
0.9553838810316051 0.2652179863108909 0.1300040753291368 -0.004633481614291668 0.2512486153440985 -0.9611384073705944 0.11439884249759993 0.48144349455833435 0.15529254055704353 -0.07663146621534486 -0.9848917936672157 -4.331871032714844
0.9449171855702553 0.28806875977375745 0.15539595250969904 0.012607862241566181 0.27706103198514254 -0.9567360564704203 0.08884426151843629 0.4820716977119446 0.1742661670242255 -0.04089630657941713 -0.9838489696792118 -4.348787307739258
0.9331573631135919 0.3103629323787666 0.18136202985228353 0.02626325935125351 0.3036970887528097 -0.9506060739566806 0.06415738803702606 0.4859136641025543 0.19231592224762742 -0.004789818568448078 -0.981321376353397 -4.371973991394043
0.9204885808711335 0.331583296175171 0.20676868762812234 0.03983750939369202 0.33066425908278885 -0.9428991233841496 0.04002987492652039 0.4955752491950989 0.20823525218146305 0.03152397213251195 -0.9775706209425034 -4.398256301879883
0.9068724005981925 0.35213624880824373 0.23147896515348945 0.05278049781918526 0.3579252017039512 -0.9335777927825804 0.017945885556075073 0.507583498954773 0.2224230181848488 0.06657752697768636 -0.9726743719678639 -4.42722225189209
0.892396776432415 0.3704148356070873 0.25772241457663037 0.038780711591243744 0.38427895794572875 -0.9232095331521466 -0.0037202657351425167 0.5092782974243164 0.23655374842343746 0.10235725406227776 -0.9662118383913805 -4.464738845825195
0.8775066533546776 0.3885629857972661 0.28107095080528594 0.06148688867688179 0.4114966487949917 -0.9110625399980012 -0.025210240833470017 0.5366955995559692 0.24627744790939582 0.13778190839404086 -0.9593558069718091 -4.508832931518555
0.8631292182833272 0.4049775484628191 0.3016639484370937 0.07810188084840775 0.4368352465505133 -0.8984796742946488 -0.043694876708075495 0.5589154958724976 0.2533434820885762 0.1694917700669467 -0.9524125261475767 -4.546314716339111
0.8488097318933162 0.419231414250414 0.32212894987690016 0.08762986958026886 0.4607301245385702 -0.8853901339768667 -0.06174190634487492 0.5799393653869629 0.2593256473738575 0.20082164216543857 -0.9446803039399657 -4.578818321228027
0.8349500354889697 0.4322070569235841 0.34066919171304944 0.1018400639295578 0.48312825944675664 -0.8720973243526234 -0.0776745890297668 0.6024081110954285 0.2635251850600169 0.2294413145064539 -0.9369691350501547 -4.610614776611328
0.8224669716678031 0.44272297605938093 0.3571336542314627 0.10747639834880829 0.5026366352355893 -0.8595932979357926 -0.09195528839013566 0.614115297794342 0.26627897670420453 0.25513864586336715 -0.9295158836471645 -4.6559247970581055
0.8118291950289462 0.4520109829507241 0.36962065606588257 0.10416615009307861 0.5184576907820149 -0.8492086744067635 -0.10023098413808167 0.6288123726844788 0.2685795617086937 0.2730031109790287 -0.9237609649839824 -4.703139305114746
0.8023795437819997 0.46059293029799864 0.379527627821339 0.1042429730296135 0.5330153508206809 -0.8391163193126151 -0.10852851446857449 0.6458451151847839 0.26848035963492056 0.2893751116159648 -0.9187928717984001 -4.771794319152832
0.7946007488853859 0.46661340416680436 0.3884347833583534 0.09872055053710938 0.5398396346865622 -0.835765517302921 -0.10034524856145582 0.6617966890335083 0.2778179596287172 0.28942690120175035 -0.9159963155867434 -4.816983222961426
0.7905010529094193 0.46897221046586407 0.393920234514376 0.09931083768606186 0.5430819910300525 -0.8340764237027608 -0.09684250328263282 0.6585845947265625 0.2831431375963996 0.2904850860783976 -0.9140286529415215 -4.941692352294922
0.7870477155324046 0.47236383646411884 0.3967723522073108 0.12261269986629486 0.5467820764295338 -0.8319654613162882 -0.09414261560092295 0.672916054725647 0.2856313259616853 0.2910427411526954 -0.9130765950629195 -4.97446346282959
0.784129779454408 0.47737890499297553 0.39654743731423786 0.13616423308849335 0.5512048523981457 -0.8293300428733799 -0.09156904870302157 0.6953767538070679 0.28515557098804895 0.2903808896180076 -0.9134359524778595 -5.03010368347168
0.7833761725383764 0.47830607549834764 0.39691947601559324 0.14010371267795563 0.5532264742959379 -0.8276521471141657 -0.0945113300900883 0.7099009156227112 0.2833059131702163 0.2936242863229822 -0.9129745549817417 -5.100522994995117
0.7846069009255044 0.480048993546008 0.39235822256649616 0.1477680206298828 0.5543385907180172 -0.826598027200761 -0.09718244835654417 0.7220133543014526 0.27767019620556693 0.29374932378351865 -0.9146641989910217 -5.163315296173096
0.786203469587799 0.48168657966145306 0.38712032158252474 0.15645192563533783 0.5551163689408705 -0.8257488648220671 -0.09992311633936757 0.7342655658721924 0.27153254195769994 0.2934567280181493 -0.9165987276005089 -5.244021415710449
0.7883771425819792 0.4835113884931408 0.3803659004849264 0.1651042252779007 0.5556981215585588 -0.8249654091251792 -0.10310999681512405 0.7460147142410278 0.26393385298321054 0.29265818106514774 -0.9190702423128911 -5.31213903427124
0.7917314312294282 0.48277263764818606 0.3742885533136359 0.1626233011484146 0.5545836889202431 -0.8249510444253839 -0.10905368533471661 0.7620617747306824 0.25612159765825354 0.29391555698819616 -0.9208775013938076 -5.412109375
0.7957701466159447 0.4819557266848005 0.3666995381379203 0.16311384737491608 0.5527502194518562 -0.8254213459961884 -0.11465948050538921 0.7779386043548584 0.24742083309770618 0.2939358417913113 -0.9232467992144194 -5.518063068389893
0.8002253068566321 0.4803256064520721 0.35906374093280236 0.1641455888748169 0.5501638851792153 -0.8262729490866618 -0.1208003023677598 0.7934162616729736 0.23866117763624783 0.2942113617691883 -0.925462326026943 -5.62372350692749
0.803259671120935 0.48044678983906064 0.35205792546685943 0.13911740481853485 0.5504525128006713 -0.8245842830531271 -0.13062461978198034 0.7960132360458374 0.22754325281606128 0.29871665885099496 -0.9268184427506738 -5.665960788726807
0.8082881025606765 0.47679046529745756 0.3454579503503942 0.12400251626968384 0.5452031096129433 -0.8276249806677405 -0.13338088559872263 0.7896755337715149 0.2223148949738603 0.29615493171000284 -0.9289070695697204 -5.716253280639648
0.8115588929340208 0.4764857276124931 0.338132392239045 0.11284636706113815 0.5407464600769142 -0.8317227793097154 -0.12581925246800957 0.7979901432991028 0.22128133498782188 0.2849536273833262 -0.9326499884882279 -5.816863536834717
0.814180611585055 0.4773917205016437 0.3304649405239025 0.10009407997131348 0.5369202777605601 -0.835673314687587 -0.11561455984686608 0.80731600522995 0.2209672985953102 0.271564460700479 -0.9367103056099837 -5.9178900718688965
0.8172215337143192 0.47526148937540347 0.3259992048307623 0.08807731419801712 0.5320182737356909 -0.8396031715632102 -0.1096497638496972 0.8160392045974731 0.22159765622612423 0.26304568237793247 -0.9389895887268487 -6.0154900550842285
0.8167992569508261 0.4783906883247332 0.32246135143419347 0.0591028593480587 0.5320604697287764 -0.8407269627422859 -0.10044814916226569 0.7922957539558411 0.22304849337436056 0.25361491171127737 -0.9412379328103543 -6.085375785827637
0.8188477547484231 0.475332010788094 0.32178849274579974 0.027182001620531082 0.5266821583147124 -0.8450774183432944 -0.09192421399820988 0.7659960389137268 0.22824166722231623 0.24475219411964372 -0.942338635956946 -6.1617631912231445
0.8171297751284079 0.47779475997467713 0.32250751609743633 -0.01671847328543663 0.5265537603016511 -0.8463450416772025 -0.0802571363842841 0.7396293878555298 0.23460619793771187 0.2353980411327904 -0.9431583611038266 -6.252483367919922
0.8177135414356363 0.4749385099695593 0.3252352623881442 -0.0636126846075058 0.5216860781381908 -0.8502604484413202 -0.07000575471458513 0.7170140147209167 0.2432862512136344 0.22691536211605423 -0.9430382910604195 -6.372079849243164
0.8163882429274768 0.4735222270676023 0.3305857487592668 -0.09317202866077423 0.5195257251014674 -0.8521774214981558 -0.06234310905424088 0.7156139016151428 0.2521968631200266 0.22264398209179742 -0.9417146061683049 -6.525421142578125
0.8137050951800915 0.47246297514177943 0.3386188937406419 -0.10572300851345062 0.5187436266704172 -0.8530753142562011 -0.05628106249446729 0.7243371605873108 0.26227670096060884 0.22145258031204246 -0.9392388869751704 -6.729658603668213
0.8095121886645972 0.4734851294734942 0.34713376178488 -0.12560643255710602 0.5192052208816491 -0.8533672054086588 -0.046801189538874396 0.7300270795822144 0.2740729009090307 0.21811979483871724 -0.936647105417416 -6.915259838104248
0.8040649501998456 0.4739253175220494 0.3589907370277749 -0.14800968766212463 0.5207096691453993 -0.8527733936888047 -0.040484311467141654 0.7356145977973938 0.28695120895129406 0.2194819637876979 -0.9324626916146763 -7.100505828857422
0.7978790384713949 0.47502691843320516 0.37113133353546884 -0.17459969222545624 0.5224948462992851 -0.8520128213282888 -0.03276107267621167 0.7428987622261047 0.30064626317093784 0.22005358223865076 -0.928002287381496 -7.283790588378906
0.7906564433198287 0.47663658717486634 0.3842914940551435 -0.20266330242156982 0.5247153388024579 -0.8509349657571881 -0.024155688299752925 0.7518312931060791 0.31549358450253817 0.22074249209907243 -0.9228957418471659 -7.471113204956055
0.7827075525958768 0.4770795217807683 0.3997049124126528 -0.22712379693984985 0.5273715567595608 -0.849425658418932 -0.018849189387387194 0.7534593343734741 0.3305270461405093 0.2255464047973226 -0.9164500483128538 -7.680949687957764
0.7742176958623221 0.4776446550308116 0.41526201720616573 -0.25500813126564026 0.530031424608307 -0.8478792177887735 -0.01294298920598383 0.7558391690254211 0.3459098847117923 0.230122609846131 -0.9096097713284967 -7.889731407165527
0.7643866583350438 0.47982073663111263 0.43067980827775226 -0.28634804487228394 0.5336241880570165 -0.8457075661899596 -0.004892689397973951 0.7560707926750183 0.3618815586346931 0.23356106950395572 -0.9024915314463031 -8.093711853027344
0.7528362488364718 0.48255574642740573 0.44763549236819844 -0.3080453872680664 0.5401205147864356 -0.8415869135023956 -0.0011386519868267359 0.7578917145729065 0.37617470933685304 0.24263433106508375 -0.8942153932045308 -8.358561515808105
0.742607319698742 0.4834512935690732 0.46347515087245045 -0.33428165316581726 0.5437223424591915 -0.8392544385283004 0.004242843532063514 0.7612403631210327 0.3910247857112649 0.24885102804074904 -0.8860997589450762 -8.623085021972656
0.7322493606498978 0.4847099312007004 0.47840062335163 -0.36475682258605957 0.5471112909819418 -0.8369926063202983 0.010611891689380523 0.7651933431625366 0.4055614738950051 0.2539678317436411 -0.8780775770577133 -8.886102676391602
0.7233061594966098 0.48289107337024106 0.49360349562538663 -0.3868722915649414 0.5491852220203205 -0.8356039119244393 0.012715907009129876 0.7586559653282166 0.4185974098686659 0.26188225147174454 -0.8695940977348765 -9.131072998046875
0.71325201080258 0.48261078249490297 0.5082896828637521 -0.41295403242111206 0.5518548224170609 -0.8337616577310888 0.017255522957623837 0.7530049085617065 0.4321201500290289 0.26819457622622483 -0.861013266577075 -9.37585735321045
0.7029772817305268 0.4847151772836389 0.5204557025162182 -0.4441116452217102 0.5549705983206961 -0.8315001100743661 0.024803264823123616 0.7495453357696533 0.4447814928370203 0.271401480941442 -0.8535283590909349 -9.622482299804688
0.6936611809307385 0.4849178670195121 0.5326244721330594 -0.47919729351997375 0.558306734419422 -0.8291689514382807 0.027792809729549978 0.747170090675354 0.4551129050814692 0.27808903649009387 -0.8458952248430753 -9.868223190307617
0.683991452348337 0.4877294257400331 0.5424718429390695 -0.5159792304039001 0.5616406064950832 -0.8266381985158799 0.03505877764920036 0.7453429102897644 0.4655271444827337 0.2806943106329705 -0.8393421124476204 -10.095824241638184
0.6766766990362044 0.4876083044075699 0.5516763421193992 -0.5538439750671387 0.564011734191595 -0.8249232398379066 0.03731503811495998 0.7430363893508911 0.47328575794719974 0.2859017136151968 -0.8332231402669025 -10.323385238647461
0.66989479505769 0.4873737533818741 0.5600962310791602 -0.5940007567405701 0.5666366467358488 -0.8230685556536729 0.038484584837697344 0.7427434325218201 0.4797539725010818 0.2915904271553528 -0.8275331707314156 -10.55034351348877
0.6642585906958275 0.4883231037719246 0.5659514740764856 -0.6364284157752991 0.5679505801729721 -0.821958929922619 0.04261051515350944 0.7444660663604736 0.48599656703311933 0.2931280673067954 -0.8233366704993804 -10.78029727935791
0.6611251928631715 0.4877359152130513 0.5701115297666954 -0.679655909538269 0.5671446948835204 -0.8223417207530775 0.04583655063752111 0.7459672093391418 0.4911826283849144 0.2930320312186958 -0.8202876655495511 -11.010498046875
0.6599987539168609 0.48400215208156777 0.5745812054084278 -0.7244804501533508 0.5656079582615446 -0.8235002090089544 0.0439891272181607 0.7467848062515259 0.49445857498823687 0.2959549332966417 -0.8172645808292335 -11.245139122009277
0.6558604062033111 0.4848649651363167 0.5785785107988255 -0.7354335784912109 0.5647635073541816 -0.8237301097152288 0.050108752823640884 0.7760525345802307 0.5008885188700491 0.2938956820572495 -0.814086002663277 -11.471334457397461
0.6570714911731894 0.48449592772368905 0.5775125552804918 -0.7441790699958801 0.5645644654258912 -0.8239396004820052 0.048892730910959706 0.8057421445846558 0.4995237930928004 0.2939170474414776 -0.8149164063616987 -11.701676368713379
0.658986824195544 0.4829560271952127 0.5766193209843806 -0.7793335914611816 0.5641632036509334 -0.8243957387371251 0.045733418835520165 0.8260870575904846 0.4974497413638755 0.2951696829755499 -0.8157319492756961 -11.937568664550781
0.6546248095939958 0.4869200764216843 0.5782518463796947 -0.8082000017166138 0.5669012900607587 -0.8222309259148203 0.050588850517726644 0.858148455619812 0.5000892780209075 0.2946950010549187 -0.8142883827992201 -12.129237174987793
0.6579169904841428 0.48256054207479243 0.5781700068879143 -0.849453866481781 0.565682812262084 -0.8234700712758954 0.043588962182317476 0.8523504137992859 0.4971400100007526 0.29838291664462635 -0.8147511555751837 -12.3524169921875
0.6571617446456315 0.485385559505797 0.5766622061463316 -0.8895689845085144 0.5628390305229718 -0.8248720790403934 0.052898761228785354 0.8910473585128784 0.5013488477041421 0.28980495482793817 -0.8152683123137472 -12.547218322753906
0.6561023413382653 0.48130745202465836 0.581268315252068 -0.9337033629417419 0.5617882078949951 -0.8257890403497424 0.049663571240709026 0.8759896755218506 0.5039084511700277 0.2939652997613535 -0.8121949737443844 -12.732443809509277
0.6537359695656524 0.47861265621533927 0.5861392389241262 -0.9783807992935181 0.5598395584190238 -0.8270353652743447 0.05091339131037659 0.8755767345428467 0.5091256730172316 0.29486001745918106 -0.8086090644920587 -12.904208183288574
0.6532149728246891 0.4781353507571081 0.5871088362765612 -1.0248620510101318 0.5592270146757176 -0.8274048883434747 0.051636196628016176 0.8810606002807617 0.5104658121113749 0.29459758502353606 -0.8078594664691224 -13.080745697021484
0.6535880319114179 0.47027670037192565 0.5930113908091926 -1.0682952404022217 0.5567988700954456 -0.8294746337534818 0.04412312568214116 0.8423862457275391 0.5126379841589911 0.3013497254799165 -0.8039842287946851 -13.252097129821777
0.6536886379600282 0.4714531012335908 0.5919654871182889 -1.1012884378433228 0.5562255435301051 -0.8297245312944153 0.04658698201109518 0.8592172861099243 0.5131318634879367 0.29881294400593245 -0.8046157562264766 -13.419672966003418
0.6477155798632918 0.4833003465380647 0.5889696958575591 -1.1438473463058472 0.5590603511728247 -0.826688237346466 0.06354590450619499 0.9231798648834229 0.5176060773878887 0.2881099326111114 -0.8056529124765474 -13.567362785339355
0.646172690130937 0.47319114469274287 0.5987912784212204 -1.1831777095794678 0.5546790106766948 -0.8300823509019515 0.057397611760527184 0.8710854649543762 0.5242061137030651 0.2950481847181249 -0.7988457417116699 -13.710512161254883
0.6436240131088204 0.4650355175118823 0.6078569710072862 -1.2198659181594849 0.5518951113855115 -0.832268718355154 0.052350420019739094 0.8394299149513245 0.530245146869324 0.30177930329948904 -0.7923189612281181 -13.854633331298828
0.6405643838624738 0.4561582306204697 0.6177353306749513 -1.243659257888794 0.5485323546861278 -0.8347720593868936 0.04762210337077055 0.8209222555160522 0.5373914085556086 0.3083427922040122 -0.7849427982384781 -13.987478256225586
0.6307121897608472 0.4601149809312324 0.6248970619307861 -1.2742161750793457 0.5503337579188095 -0.8329387955214946 0.05784218019890666 0.8547189235687256 0.5471150597287906 0.3074201802709986 -0.778561458190751 -14.107035636901855
0.6206454585176044 0.46015993411313916 0.6348638041804432 -1.3080967664718628 0.549926893369931 -0.8326105505642043 0.06587930659675595 0.8816011548042297 0.5589093189149464 0.3082409870964018 -0.7698102799416664 -14.222922325134277
0.6110935444859322 0.44690497860148765 0.6533304064474759 -1.3277686834335327 0.5447685111712242 -0.8362554134409685 0.06248321956303829 0.8674785494804382 0.5742751510590616 0.3177307407096124 -0.7544900445229303 -14.327309608459473
0.5974504684174343 0.4369423133514879 0.6724093638482722 -1.3471674919128418 0.5357347495748305 -0.8414167570415788 0.07075393323078451 0.8750629425048828 0.59669189359818 0.31796109160191716 -0.7367900164507762 -14.42175006866455
0.5809268524632613 0.4274948599196571 0.6926558574280605 -1.3693333864212036 0.5263964070385823 -0.8463829992426483 0.08088659499503457 0.8725931644439697 0.6208307456497303 0.31762235962742347 -0.716718370017616 -14.512479782104492
0.5628037441469191 0.41563039371080546 0.7144951514167258 -1.3906681537628174 0.514567490231907 -0.8526424595929731 0.09067046981063664 0.8674778938293457 0.6468943063365494 0.31662629695438443 -0.6937402572334319 -14.597012519836426
0.5433642853868462 0.3937251515276731 0.7414416756701451 -1.4065746068954468 0.5001566803968855 -0.8611651761820937 0.09076251641306114 0.8449548482894897 0.6742392367849926 0.32151989734038916 -0.6648506653330627 -14.672663688659668
0.5230947174079288 0.3904614285180509 0.7575696598066493 -1.40654718875885 0.49990329976164116 -0.8604817564306593 0.09832516329724861 0.8986498713493347 0.6902670552093169 0.32727819922758516 -0.6453064177605916 -14.777544021606445
0.4996816876339118 0.38046185745502814 0.7781818463991533 -1.4088867902755737 0.4831677385379153 -0.8680542203368358 0.11415256016211191 0.8873003125190735 0.7189347310288204 0.31895241898640253 -0.6175776930421304 -14.82957935333252
0.47107162232224253 0.3548519129927315 0.8075714497727676 -1.4026864767074585 0.4755047893161701 -0.8732615832461516 0.1063456748711946 0.8550935387611389 0.7429580889795032 0.33390766249342646 -0.5801025348575032 -14.865701675415039
0.44273990550924 0.3372756153748072 0.8307987333543635 -1.4173990488052368 0.46255883011982857 -0.8796616492711548 0.11061063004850863 0.8834275007247925 0.7681280523114914 0.3353215502694355 -0.5454711295541291 -14.907323837280273
0.4352440193829583 0.3149831955999921 0.8434146252472648 -1.3596508502960205 0.4503036924337702 -0.8873679282510609 0.0990189097694603 0.8875256180763245 0.7796083812863223 0.3366953317185095 -0.5280596797967851 -15.012293815612793
0.40897971740841454 0.2960608790987554 0.8631822209799076 -1.360434651374817 0.4320735650331014 -0.8959838790509971 0.10259299625371734 0.8722940683364868 0.8037711273416832 0.3309997648760511 -0.49435931315580484 -15.039495468139648
0.37162149604831046 0.2760891972824673 0.8863815311809803 -1.4003455638885498 0.4163066153404532 -0.9029408990995957 0.10670770711148417 0.846021831035614 0.8298109819100926 0.3293516173895875 -0.4504900070193248 -15.038107872009277
0.3349712844406424 0.2554267630599067 0.906946198687069 -1.4282974004745483 0.41110196063040777 -0.9057236923344779 0.10324616753097758 0.8514512777328491 0.8478144941943497 0.33826285911512416 -0.4083978716610076 -15.052764892578125
0.3104666961613941 0.23919394460238363 0.9199981996939888 -1.4188332557678223 0.40879174896218795 -0.9073556452313057 0.09795427018418465 0.8783614039421082 0.8581956283709817 0.34567613445598555 -0.3794842203735267 -15.092331886291504
0.29181051579574907 0.22620890741703303 0.929341784854319 -1.4207056760787964 0.403598748798215 -0.9100140845549949 0.09477560804368426 0.8752219080924988 0.8671532003282548 0.3474246625050198 -0.3568493113959152 -15.156319618225098
0.2764976758372733 0.21021048924586605 0.9377422809426905 -1.4010720252990723 0.3921775308769091 -0.9155162035320948 0.08959277507405916 0.8655308485031128 0.8773515940213918 0.34298925825919624 -0.335577933104859 -15.183547019958496
0.2517954232300369 0.19690965012042566 0.9475366243738855 -1.4252605438232422 0.3836428200987541 -0.9191763054610526 0.08906798563818827 0.8385369777679443 0.8884915595699722 0.3410887115816369 -0.30698736033344665 -15.189167022705078
0.22909615640628803 0.18492389447005003 0.9556767781911915 -1.4413176774978638 0.3820023716590715 -0.9201074035865769 0.08646706836717183 0.8363772034645081 0.8953151060753475 0.34526152278989675 -0.2814344359066448 -15.190689086914062
0.21606457036064763 0.18012378967618642 0.9596205092783073 -1.4373666048049927 0.38769699844513766 -0.9178601506510895 0.08499283054111356 0.9056047797203064 0.8961066559464336 0.3536780516789931 -0.26815051170760773 -15.205410957336426
0.22248557322184984 0.17888003070969577 0.9583851544767603 -1.414687156677246 0.3708677891502599 -0.9246496329368521 0.08648779844893484 0.9354428052902222 0.901641421341624 0.33619189598061927 -0.272062045125764 -15.253338813781738
0.21461830098703402 0.17100185159359763 0.961611850817678 -1.4309027194976807 0.37172828133652114 -0.9247586079250263 0.08148375251032469 0.8809446692466736 0.9031927090804238 0.33997041609547274 -0.26203634565425477 -15.242227554321289
0.21322804429480657 0.1679276186736781 0.9624625270693918 -1.4479410648345947 0.35611844549740135 -0.9307035003852117 0.08349040152753305 0.8992670178413391 0.9097875872437073 0.3249481639543484 -0.2582542097236201 -15.243451118469238
0.21948497250873428 0.16550392519345353 0.9614753234422607 -1.4458894729614258 0.3436844307649672 -0.935448334982202 0.08256769724769086 0.9289529919624329 0.9130757684292145 0.3123217304712972 -0.26219797440638964 -15.247745513916016
0.22812387872956907 0.16464478431543755 0.9596101244521651 -1.4562314748764038 0.327909206034461 -0.9410117294618746 0.0835013629410981 0.9415114521980286 0.9167524467113388 0.29561633921841096 -0.2686557861574529 -15.242086410522461
0.26683270842800194 0.16730089910663976 0.9491104861242908 -1.3978203535079956 0.29977922078294517 -0.9503699358002704 0.08324304123325134 0.9377971887588501 0.9159327074079994 0.2623116358172098 -0.30374311714860686 -15.300186157226562
0.27429189341691357 0.170272834183903 0.9464518578061673 -1.4392457008361816 0.27655759478824254 -0.9565885330657445 0.09194713248421167 0.9132698178291321 0.9210210931193198 0.23652809631438715 -0.30947472543518834 -15.264633178710938
0.2906207782384108 0.16213796084511212 0.9430009782121594 -1.455223560333252 0.2629760193878944 -0.9611205423112098 0.08420757907874954 0.9063382148742676 0.9199908567388039 0.22351417136368545 -0.3219599955221252 -15.258530616760254
0.33217121499415586 0.1568383568431062 0.930088175256551 -1.4103530645370483 0.2406659351180782 -0.9675328802954598 0.07720125142063536 0.9215768575668335 0.9119990085537631 0.19819650695692312 -0.3591322222065671 -15.311919212341309
0.36065760064033325 0.1575303815281195 0.9192987947321387 -1.4162143468856812 0.21015883013180592 -0.9740124685935214 0.08445695437313086 0.8817287087440491 0.9087130246772017 0.16273871672088197 -0.384391400608874 -15.311127662658691
