1.0 0.0 0.0 0.0 0.0 -1.0 0.0 0.0 0.0 0.0 -1.0 0.0
0.9998146811797313 -0.002186622583167018 -0.019126473254387783 0.025565477088093758 -0.0018207879227156107 -0.9998154677409552 0.01912368158266417 0.0427793450653553 -0.01916476007709254 -0.019085312353048348 -0.9996341644939781 -0.14710837602615356
0.999243691544298 -0.005906035654985348 -0.03843388676371625 0.048392996191978455 -0.004400786421901164 -0.999224357230338 0.03913204564659091 0.08033719658851624 -0.03863519105417924 -0.038933310422568826 -0.9984946266013389 -0.31274908781051636
0.9982006802704624 -0.010550600695615881 -0.05902615295399029 0.07844053953886032 -0.006991514783901139 -0.9981629638830884 0.06018152750765823 0.11366279423236847 -0.05955267104515698 -0.05966055947684536 -0.9964407142496221 -0.48136478662490845
0.9972056018619172 -0.017910857963474268 -0.07252715892838521 0.019049551337957382 -0.011927494124864112 -0.9965521967384051 0.08210635821761982 0.12967191636562347 -0.07374769487321164 -0.08101185310108035 -0.9939810647884678 -0.6577913761138916
0.9953779633841909 -0.02719123055649826 -0.09210508666715346 0.03761051222681999 -0.017564010935395648 -0.9944466172549228 0.10376623222466351 0.13876748085021973 -0.09441512341252219 -0.1016688861504091 -0.9903278356483441 -0.8466411828994751
0.9934973507627058 -0.03478897398084288 -0.10841006095767047 0.01924069970846176 -0.02092414815632878 -0.9917460538341241 0.12649879338703243 0.1701207458972931 -0.11191601338243601 -0.12340782792758065 -0.9860250067593517 -1.0268598794937134
0.9912511252552905 -0.0427120330578242 -0.12488750502828033 0.002436315640807152 -0.023770324447403953 -0.9884911823353255 0.14939931097892123 0.2060006707906723 -0.12983134581366151 -0.14512361860627165 -0.9808582756784161 -1.1881808042526245
0.9885739831967236 -0.05019709523500734 -0.14213279486639033 0.0035579437389969826 -0.025293410514610253 -0.9847936364616389 0.1718770984430467 0.2469516396522522 -0.14859920299619103 -0.16631820469999356 -0.9748110235600885 -1.3481918573379517
0.9855954477593564 -0.057468829728091 -0.15905642698651784 0.009380742907524109 -0.025867243149356914 -0.9806536730329688 0.19403417044118648 0.2913636267185211 -0.16713018604634483 -0.18712484382526828 -0.9680143561618718 -1.5066553354263306
0.9820619093965349 -0.06733133143216281 -0.17612750472315322 0.021176103502511978 -0.028208842950652627 -0.9760227892336161 0.21583275023966472 0.30733928084373474 -0.18643676486095098 -0.2069927696906448 -0.960414142963325 -1.6542737483978271
0.9783121588142312 -0.07662250769090627 -0.19244300774877743 0.033918291330337524 -0.029612401817297702 -0.9712593168957158 0.23617460702175141 0.3232213854789734 -0.2050083548903554 -0.22535378998016614 -0.9524637755666752 -1.794287085533142
0.9742650093052143 -0.08681980122880907 -0.20801445564695986 0.03905414417386055 -0.031194990205322643 -0.9658985630191426 0.25703470299483944 0.3272322416305542 -0.22323656561952565 -0.24393090839855777 -0.9437495153366988 -1.9150168895721436
0.970283023918203 -0.09617527946410825 -0.22203866581329587 0.027879130095243454 -0.0319152158480954 -0.9604673148771659 0.2765573286861456 0.3320561647415161 -0.2398588595268419 -0.26125246921827927 -0.9349945854569612 -2.0258517265319824
0.9657974581951023 -0.10257130617799162 -0.23814784671044237 0.06692370772361755 -0.028941303715053053 -0.9553370827287857 0.29409770366755034 0.359096884727478 -0.25767745474362463 -0.27714650550240366 -0.9256306735435322 -2.134993314743042
0.9622397617696763 -0.10792491968599609 -0.24989368255361677 0.052033763378858566 -0.026173242102458125 -0.950470795373288 0.30970991030368256 0.3813815712928772 -0.2709420644109781 -0.29147466245497267 -0.9174055367608576 -2.2415366172790527
0.9588870340798493 -0.11183748722672149 -0.26082184019817767 0.03802702575922012 -0.022251445906434762 -0.945872665594354 0.32377426339427445 0.40586966276168823 -0.2829143492801732 -0.30465928006913706 -0.9094735807263078 -2.3415987491607666
0.9553869552270422 -0.11693080994834659 -0.2712249093774868 0.03591104596853256 -0.020101784789195297 -0.9419082226032922 0.3352682783094697 0.4030880331993103 -0.29467216365020155 -0.3148588348405216 -0.9022373468730822 -2.4222054481506348
0.9521708349535455 -0.12044556990487598 -0.28082657593995275 0.02526286616921425 -0.016533321837136954 -0.9379979612950998 0.34624626189356394 0.4064003825187683 -0.3051185840503624 -0.3250425961263023 -0.8951256673621731 -2.4867358207702637
0.9495275157293349 -0.12128228199065502 -0.2892889644421598 0.013273707590997219 -0.01116531689689032 -0.9347143539466877 0.35522445330328645 0.42296695709228516 -0.3134849798179651 -0.33406538970861066 -0.888891153531952 -2.5377371311187744
0.9476276249423168 -0.11935303109179679 -0.2962376384178491 -0.008552704937756062 -0.004563954898372614 -0.9325133727079533 0.36110660480877815 0.43803873658180237 -0.31934472715526296 -0.34084257904498677 -0.8842201544570745 -2.5856757164001465
0.9460287673829403 -0.11624894892008306 -0.3025157072928456 -0.03236047551035881 0.0006020658652712632 -0.9328202808963305 0.36034145066198686 0.4278337359428406 -0.32408210194425824 -0.34107551278780945 -0.8824048310021452 -2.612799882888794
0.9450927571096048 -0.1128656632424521 -0.3066936949462888 -0.07027408480644226 0.005344692835970749 -0.9330052261413084 0.3598231263433403 0.40688231587409973 -0.3267584960141893 -0.3417054141418419 -0.8811732492698003 -2.6396162509918213
0.9442279004275996 -0.10615351768493034 -0.311713173826841 -0.07916202396154404 0.01345041357156293 -0.9333911283739714 0.3586085440247049 0.40283748507499695 -0.3290178694673606 -0.3428008637035209 -0.8799061367073645 -2.6531155109405518
0.9440559181195775 -0.09678616671372497 -0.3152631621300917 -0.09441036731004715 0.022989433784328217 -0.934324743994778 0.3556806976676809 0.39715254306793213 -0.32898314454950034 -0.34303018918450207 -0.8798297448429254 -2.6666557788848877
0.9433731931345327 -0.08675988803560428 -0.32018703956157374 -0.07264500856399536 0.03368267926189428 -0.935154460924536 0.3526352383564078 0.3886967897415161 -0.3300189321734372 -0.34345138817740944 -0.8792773443948813 -2.6759185791015625
0.9422161084934434 -0.08003707676044847 -0.32530427485527086 -0.035932593047618866 0.041936757677819195 -0.9352232061533486 0.3515662996188953 0.3555978238582611 -0.33237044581452097 -0.3448936372505197 -0.8778258743812258 -2.6721251010894775
0.9416000972442315 -0.0743000446432447 -0.3284337988631284 -0.021932218223810196 0.04825718237074679 -0.935510847520199 0.34998671192157516 0.32367515563964844 -0.3332574098490393 -0.3453968117079991 -0.8772915941935491 -2.6699109077453613
0.9416720195360357 -0.06261415263658653 -0.33065582637014873 -0.005785511806607246 0.05964408291243587 -0.9359327587341222 0.3470914209568854 0.31119903922080994 -0.33120445497676837 -0.3465679428596038 -0.8776071273557458 -2.6703567504882812
0.9424501409247162 -0.048904838517582955 -0.330750734905536 -0.0035376064479351044 0.07033793218233801 -0.9381058432910102 0.3391312460974006 0.2937382757663727 -0.3268643559143392 -0.34287861343751375 -0.8806781189968741 -2.6766605377197266
0.9437159375204998 -0.036048499337259815 -0.32878676215038843 -0.021412106230854988 0.07945380601409141 -0.9402291868902111 0.33114372835620465 0.2794613242149353 -0.3210721445091113 -0.33862897367960754 -0.884445078116791 -2.6776950359344482
0.9447889533153367 -0.02127216581944503 -0.3269882699037699 -0.027141205966472626 0.08996905537710431 -0.942700493627917 0.32128079368090656 0.26423484086990356 -0.3150863417666056 -0.3329613705447402 -0.8887391759999704 -2.6794791221618652
0.9455825267878264 -0.006018781798824389 -0.32532669625963323 -0.0074197109788656235 0.10083082146978395 -0.9451914926508371 0.31055786523965406 0.2569926381111145 -0.30936520566359443 -0.32646104895705513 -0.893149681206113 -2.6944005489349365
0.9473904268196885 0.007938276652638923 -0.31998181656805874 -0.034469228237867355 0.10977891945356294 -0.9471148361622187 0.3015328770880916 0.24251314997673035 -0.30066587437555453 -0.3207966191922854 -0.8981589843122336 -2.716921329498291
0.9491438365344201 0.01986469454262777 -0.31421548574099645 -0.05866444855928421 0.11693668354143069 -0.9488600674288173 0.29324117119073106 0.21780048310756683 -0.2923213806943542 -0.3150713670737289 -0.9029275962330746 -2.7446556091308594
0.950517928211567 0.03232467288136275 -0.3089834682818859 -0.060497112572193146 0.12498224739331856 -0.9503263329674598 0.2850601668159479 0.21189598739147186 -0.2844206497160598 -0.3095722474507908 -0.9073422274000922 -2.7776451110839844
0.951959586641613 0.04328867181115725 -0.3031485383338595 -0.060210373252630234 0.13179522986245015 -0.9514973188023449 0.2779979670743172 0.20454759895801544 -0.2764108586626682 -0.30459636111545246 -0.9114922347494748 -2.8123679161071777
0.9533269178248065 0.05266326378074901 -0.2973119042329349 -0.05417180061340332 0.13727938594126174 -0.9526126512798081 0.27144706080052694 0.19860275089740753 -0.2689277931829373 -0.29959258547169376 -0.9153808632389806 -2.8465685844421387
0.9548369310938757 0.060554466219302626 -0.2908944682185017 -0.05669581890106201 0.14189773095816705 -0.9530899001801526 0.2673661835825738 0.198873832821846 -0.2610583631453955 -0.29656837119875457 -0.9186379767004872 -2.885341167449951
0.9557811356108106 0.06809584128953788 -0.2860863107692839 -0.029686763882637024 0.1467843845609519 -0.9534413667662851 0.2634462081486477 0.21066230535507202 -0.2548269319745694 -0.2937899190542591 -0.9212766784210484 -2.925837755203247
0.9569038734332872 0.07379799954418052 -0.2808715583174069 0.0007451307028532028 0.15028862152696593 -0.953428546198747 0.2615097274153839 0.2269241213798523 -0.24849206677054253 -0.2924514704299179 -0.9234304685223914 -2.980194568634033
0.9588273784019514 0.07643445388635065 -0.27351020581677793 -0.007263334468007088 0.15098183510994087 -0.9529119588097918 0.2629891332814347 0.23645740747451782 -0.24052971519892402 -0.29345625400795416 -0.9252182894268484 -3.0309865474700928
0.9605831602998287 0.07869430618624271 -0.2666218264176057 -0.0016216770745813847 0.15153948136626819 -0.9522961820799061 0.26489199154235943 0.25453680753707886 -0.2330574558679392 -0.2948545196701262 -0.9266849704697186 -3.0877950191497803
0.9621283240367025 0.07949201113399382 -0.26074912895769936 0.019504863768815994 0.1510865943802232 -0.9516782541409272 0.26735994762466236 0.26670536398887634 -0.22689629588186722 -0.2966302762044854 -0.9276467809214552 -3.148002862930298
0.9639219714991273 0.07681434178032659 -0.254860726197841 0.03882361948490143 0.14785028997847022 -0.9506825570328764 0.27265906826422265 0.2768859267234802 -0.2213475200098659 -0.3005032989008389 -0.9277408273516884 -3.2098629474639893
0.9659734082671383 0.0744338359698082 -0.24769937138311116 0.05186857283115387 0.14449668936529092 -0.949607566035179 0.27814776161460336 0.29591894149780273 -0.21451359230416928 -0.30447508041145716 -0.9280510999536598 -3.2777578830718994
0.9680645381178 0.07153870063950943 -0.2402774736623925 0.06811341643333435 0.14076957876702995 -0.9481802510382701 0.28484756841994713 0.31620585918426514 -0.20744873037096184 -0.3095745885110956 -0.9279701495283469 -3.34782075881958
0.9703731138162672 0.06681915788570757 -0.23218789831075878 0.0780673623085022 0.13493912953958076 -0.9470338368030253 0.2914075209551766 0.32182618975639343 -0.20041819104468192 -0.3141052563864322 -0.9279926921095831 -3.4246275424957275
0.972732168638082 0.062108580914241436 -0.22346062801637717 0.09107464551925659 0.12883881074480308 -0.945846354782449 0.2979517309743622 0.3299185335636139 -0.19285406125492766 -0.3186176349820785 -0.9280571715879943 -3.5139265060424805
0.9746345097095838 0.057973216204734786 -0.2161635461543846 0.13899293541908264 0.12356517841103581 -0.9446991300349178 0.3037683334311181 0.34878799319267273 -0.1865990867271557 -0.3227733878654637 -0.9278998442280518 -3.6091294288635254
0.9768042296436542 0.05317564019667843 -0.2074267298106503 0.16403795778751373 0.11735785369639007 -0.9431813672940615 0.3108633824770638 0.34806686639785767 -0.17911066725922226 -0.3279958226547679 -0.927544127896338 -3.6931955814361572
0.979380241466867 0.04944422691200101 -0.19588162509376814 0.15454794466495514 0.11077639095611885 -0.94226279232873 0.31602123567823986 0.3556031584739685 -0.16894654134085754 -0.33120401358971946 -0.9283108140870829 -3.7664854526519775
0.9816891084193542 0.047101052884291464 -0.18457514791543356 0.16730624437332153 0.10527380732369106 -0.94168335033131 0.3196089692113998 0.3611384928226471 -0.15875742471578258 -0.3331875725863591 -0.929398795766178 -3.8463847637176514
0.9840205997519539 0.04584731888613314 -0.17205081404851927 0.1740918755531311 0.10040099225731411 -0.9408841088545074 0.3235069310831008 0.3659595847129822 -0.1470479514224924 -0.3356115567974568 -0.9304524614006003 -3.926558494567871
0.9859127722572998 0.04517950364246852 -0.1610429071724239 0.19597166776657104 0.09629041458951622 -0.9405847943877033 0.32562002491373476 0.36804714798927307 -0.13676315862872154 -0.3365398297635249 -0.9316849153145246 -3.999253749847412
0.9882827221895549 0.050992644100642 -0.14386455876701496 0.11278881132602692 0.09532850029695766 -0.9423172959922483 0.32085914464915877 0.37626805901527405 -0.11920460583692051 -0.33081394154642596 -0.9361369547378107 -4.038998126983643
0.9904687528386955 0.05484352434766312 -0.12634808066324477 0.06974005699157715 0.09274153008776098 -0.9437572116922794 0.31736624580410966 0.38030269742012024 -0.10183642888053097 -0.3260590639990566 -0.9398483008107847 -4.099974155426025
0.9921325320902666 0.060235281772669735 -0.1097485744687488 0.05317111313343048 0.09204634765502967 -0.9451658678034739 0.3133511643869781 0.3862878680229187 -0.08485581094730538 -0.3209878395968804 -0.943274243356301 -4.155498504638672
0.9934419279401027 0.06838758365018606 -0.09163118581105968 0.021319173276424408 0.09338918668350381 -0.9476973919449486 0.3052017580410316 0.39025765657424927 -0.06596662505574934 -0.31175758483673105 -0.9478689849739378 -4.193050861358643
0.9941581871859285 0.07947265861527301 -0.07303146844893486 0.005064655095338821 0.0976629834054372 -0.9504290121667348 0.29520608818944316 0.39698800444602966 -0.04595041374717744 -0.30061402057186937 -0.9526383207241237 -4.230157852172852
0.9942777906170672 0.09212416584808265 -0.05408154169805352 -0.003193136304616928 0.1037437570660983 -0.9534335259206292 0.28319912521116136 0.40786275267601013 -0.025473671809413755 -0.28718922284332266 -0.957535086734264 -4.268200397491455
0.9935461130590347 0.10845273978518395 -0.033228368277284814 -0.02461061254143715 0.11339605605281962 -0.9567353345286082 0.2679530446479347 0.4130420684814453 -0.0027305122137576427 -0.2699916719040042 -0.9628587858068965 -4.274173259735107
0.9915672826114987 0.128887089228499 -0.013507119776382049 0.005281727761030197 0.12815346059403782 -0.9597212662441925 0.2500235622024781 0.4458017349243164 0.019261739075716613 -0.24964616830395972 -0.9681455345447452 -4.302382946014404
0.9886687417729098 0.1498886027182874 0.008217409344268203 0.01079203188419342 0.14401308542122543 -0.9625143124888816 0.2298400084439493 0.4623977839946747 0.04235977181986095 -0.226052217483517 -0.9731937344137366 -4.29479455947876
0.9845005679222805 0.1726247408035284 0.03097306286472544 0.015120130032300949 0.16258917365326403 -0.9645568613810995 0.20783363965775958 0.47624266147613525 0.06575250848033372 -0.19957645157973253 -0.9776736917823792 -4.290928363800049
0.9794177499707866 0.1943690181223089 0.05442017857680413 0.026240000501275063 0.18148832297415818 -0.9660273260036571 0.18399237494595178 0.4689728617668152 0.08833379685142796 -0.17032877093548704 -0.9814200171819489 -4.299202919006348
0.9729575863763181 0.21713327264383162 0.0787824664741428 0.03544590622186661 0.20263215652142932 -0.9660754835297171 0.16011985906282372 0.46084514260292053 0.1108771584062512 -0.1398259705269484 -0.9839486540007828 -4.304801940917969
0.9651809677634882 0.24051867275999086 0.10284195408931557 0.06575500965118408 0.22605796068507752 -0.9647536001910733 0.13471558680890053 0.4687156081199646 0.13161875959771238 -0.10677667803474176 -0.9855329741565346 -4.3251729011535645
0.956103884519665 0.26385024564463294 0.12746925072217993 0.08393578231334686 0.25076370550005006 -0.9617872701956176 0.1099218399297722 0.4657822549343109 0.1516012071531466 -0.07313203650199523 -0.985732610410541 -4.331089496612549
0.9457875688463626 0.2865672812130853 0.15285636379892048 0.10311479866504669 0.27644224451415944 -0.9573275990578607 0.08428258141565287 0.4656052887439728 0.17048624596623957 -0.037457461476359456 -0.9846478449253246 -4.348020076751709
0.9342170397120996 0.3086479520316503 0.178815447929505 0.11879058182239532 0.30285926273414554 -0.9511752516902113 0.05951392734640142 0.46991798281669617 0.18845368048327205 -0.0014430103017902263 -0.98208101907815 -4.373231887817383
0.9216846260243146 0.32978414143911244 0.20430337786166639 0.133707195520401 0.3297438183817399 -0.9434119844722344 0.03525396138295114 0.47951066493988037 0.2043684525298596 0.03487474171127235 -0.9782726041350245 -4.4001851081848145
0.9082279455494808 0.35021210555870297 0.2290709061472218 0.1476992964744568 0.3568692523181324 -0.9340624535114699 0.013102278047367175 0.49100223183631897 0.21855510900655367 0.06984850793161777 -0.9733215554311228 -4.429100513458252
0.8938897160286076 0.3684011499175598 0.2554246822797575 0.1339196115732193 0.3831309931178104 -0.9236537985509893 -0.00861989181421343 0.4922822117805481 0.23274839997485638 0.10556634483464925 -0.9667905301291465 -4.466668605804443
0.8792939371529226 0.38562786065056553 0.2795233893186418 0.14854088425636292 0.40956118301076916 -0.9117733819173354 -0.030478474335909958 0.5135737657546997 0.2431086371500038 0.14128146770575928 -0.9596550095872866 -4.511098861694336
0.8650549546226582 0.4015033748087275 0.3007905675050221 0.1590319722890854 0.4345507843872896 -0.899294942766083 -0.04933783237779152 0.5321968793869019 0.25069012998357587 0.1733887133943561 -0.9524131523641763 -4.552069187164307
0.8508334746650983 0.41543918232645755 0.3217027885754801 0.16362565755844116 0.45822619297091666 -0.8862771492366706 -0.06739117758505829 0.5504558086395264 0.25712089464821014 0.20475131386353773 -0.9444393813297174 -4.588161468505859
0.8370213837970732 0.4284190055957866 0.34037091343231723 0.17586614191532135 0.4806135702128671 -0.8729877987843024 -0.08308368853739806 0.5706537365913391 0.2615450232630589 0.23312970385185866 -0.9366134432028352 -4.622175693511963
0.8245877420973183 0.43893189445447256 0.35692274740264723 0.18155142664909363 0.5001621628855691 -0.8604401310797439 -0.09736832978490675 0.5827106237411499 0.26437259010811914 0.25880798453309106 -0.9290455105867762 -4.666210174560547
0.8141892403499791 0.44781230672723 0.36954028040521025 0.1793203055858612 0.515597068103297 -0.8503006117645453 -0.10558661371653194 0.5985000133514404 0.26693734145227477 0.27650136993598645 -0.9231963215708316 -4.717562198638916
0.804810978358554 0.45635651398638566 0.37949706356669083 0.1805037558078766 0.5301305466602342 -0.8402374662243057 -0.11385343144007658 0.6145559549331665 0.2669098960534592 0.29281347731133 -0.9181608654770572 -4.784623622894287
0.7971526540711084 0.4623391639429055 0.3883170658005684 0.17707796394824982 0.5369363306536022 -0.8369714511653713 -0.1057268497515079 0.6300958395004272 0.27612863475495136 0.29278197932712247 -0.9154407078831807 -4.832024097442627
0.793073683568296 0.46470162835807893 0.3938102703495235 0.17853820323944092 0.540212672367953 -0.8352938079336817 -0.10224736202330464 0.6270144581794739 0.2814327646960984 0.29383099058642537 -0.9134872456288107 -4.956786155700684
0.7896940366712604 0.4678164298501063 0.3969018977129617 0.18421109020709991 0.543455520466838 -0.8336116397239184 -0.09873060007372664 0.6319872140884399 0.2846742449185875 0.29366549351107035 -0.9125355621568572 -5.035027980804443
0.7870988035195877 0.47221528818638314 0.3968478236063355 0.1870310753583908 0.5471156644118734 -0.8315762834439971 -0.0956312426387095 0.6430281400680542 0.2848507034451353 0.29239289734280577 -0.9128890788755727 -5.126150608062744
0.7865537650549214 0.473213056578784 0.39673993718970646 0.18926720321178436 0.5488388307407568 -0.8301754361824764 -0.09790139442497174 0.6501349806785583 0.2830355323083069 0.2947509936244482 -0.9126953156493979 -5.223458766937256
0.788356934635081 0.4736446788059252 0.3926245813135121 0.19600774347782135 0.5489037877512115 -0.8297375237838703 -0.10119423608775444 0.6406279802322388 0.2778452364269569 0.2952902976121011 -0.914114689046733 -5.2861247062683105
0.7903022596592366 0.47477437958989527 0.3873133445448716 0.20144020020961761 0.5489191550161631 -0.8294706665677849 -0.10327717346991958 0.6337454915046692 0.27223170211025377 0.29422389737855137 -0.9161452933773822 -5.357117652893066
0.7925635763158314 0.47613193765727296 0.38097421886551647 0.2049005776643753 0.5489458836745658 -0.8291390180477707 -0.1057681688766939 0.631295382976532 0.26552098654194883 0.29296222741764766 -0.9185160526698928 -5.4127397537231445
0.7958551585985448 0.4752379331859052 0.3751845857618278 0.19421879947185516 0.5476955820589051 -0.8292239750851137 -0.11143225985862401 0.6413493752479553 0.25815521673063735 0.2941708789211329 -0.9202278946378043 -5.506563186645508
0.8000304039799192 0.4740627397883853 0.3677171079132126 0.19666124880313873 0.5456515165905597 -0.8297407827350548 -0.1174506530788199 0.6495016813278198 0.24943090255649905 0.2946094910394925 -0.9224909065347485 -5.6295623779296875
0.804201543408007 0.47379107053249614 0.35886194986909814 0.21572014689445496 0.5441010353105165 -0.8298509361521571 -0.12369918003533034 0.673775315284729 0.23919435811532833 0.29473622996004445 -0.9251576156497532 -5.732711315155029
0.807054158497025 0.47443787809277055 0.3515284982522586 0.19765037298202515 0.5449419411684487 -0.8276957688382516 -0.13400744383361152 0.6874481439590454 0.22738044332840443 0.29971388702908813 -0.9265364104630176 -5.771078586578369
0.8119431772112692 0.471055594439123 0.3447533958174659 0.19929298758506775 0.5401757238749166 -0.8301825634604273 -0.13786623467145126 0.6794728636741638 0.2212655967751871 0.2981669637533278 -0.9285138649529378 -5.803986549377441
0.8154923029580643 0.4706417026652554 0.336851141497995 0.19960935413837433 0.5355244421123346 -0.8343374341109808 -0.13074638787124362 0.6883187890052795 0.21951281446973803 0.28701469257418566 -0.9324358908418962 -5.907200336456299
0.8183367507049022 0.4714355476564475 0.328745322174488 0.1977686733007431 0.5315546194869886 -0.838342004881099 -0.12096433091610952 0.6982259154319763 0.21857412689471128 0.27373565214966905 -0.936639815400995 -6.012415409088135
0.8216158198781901 0.46987272678745406 0.3227492295067666 0.19684864580631256 0.5264958144663665 -0.8425436535955914 -0.11367651092107539 0.7073631882667542 0.2185168228656237 0.26332453817886875 -0.939633218717601 -6.115827560424805
0.8233791984759071 0.4700940111434072 0.317896706815712 0.19451415538787842 0.5231066049047606 -0.8458969723467895 -0.10400861541021333 0.7121934294700623 0.22001403460276658 0.2519323974038215 -0.9424032532393845 -6.222035884857178
0.8251783241652839 0.469220965219425 0.31450344851261114 0.19023101031780243 0.5191012030852525 -0.8494555580424701 -0.09465302882739153 0.7149873971939087 0.22274351681523066 0.24136474620231246 -0.9445254813965986 -6.332938194274902
0.8230671635921885 0.4724538862499174 0.31519481211412725 0.17606106400489807 0.520788388204506 -0.8492431736441683 -0.08697980645031304 0.7038906216621399 0.2265830949732627 0.2357400207561951 -0.9450326680523835 -6.4583916664123535
0.8236335221507377 0.4702824112798473 0.3169578439325688 0.16337084770202637 0.5169857867195152 -0.8523656517330022 -0.07873050282945017 0.6970805525779724 0.23313840850356257 0.22870778164851913 -0.9451662462730243 -6.590946674346924
0.8225821381243544 0.46896710666108044 0.3216029833641169 0.15268242359161377 0.5147741786840632 -0.8544002407909738 -0.07076562369169588 0.7042127847671509 0.2415909166316355 0.2237634496656264 -0.9442265340451014 -6.75887393951416
0.8200948143654708 0.46809221317101735 0.3291415735204575 0.16247346997261047 0.5142575892182103 -0.8551566728224268 -0.06516284876178471 0.7219991087913513 0.25096539080586056 0.22270326646893987 -0.9420295259288459 -6.9945292472839355
0.8162046765848778 0.4692712638122698 0.3370376935611357 0.15802468359470367 0.5148780042224137 -0.8554448296327821 -0.05581025194786704 0.7335280776023865 0.26212700488297486 0.21908588364971238 -0.9398355222572221 -7.18452787399292
0.8107780399585591 0.4704730762013009 0.34827295974657857 0.15190373361110687 0.5167840274221558 -0.8547456111655911 -0.04841703413569373 0.7405091524124146 0.27490587284067536 0.21923737081721564 -0.9361419423970176 -7.349453449249268
0.8047441161169229 0.47205412218319137 0.35993306781268264 0.1376143842935562 0.5188665079658539 -0.8539103870942342 -0.04018205723822056 0.7490769624710083 0.28838247950684015 0.21909348813333496 -0.932112433653288 -7.5239787101745605
0.7977377714065409 0.4739170997719856 0.37284987678023385 0.11884912848472595 0.5213968332730877 -0.852725570232506 -0.03169296648222829 0.7605977058410645 0.30291878503011604 0.21968542149026982 -0.9273502710737304 -7.705045223236084
0.7900634850924927 0.47444808305064756 0.3881993122264261 0.10099434107542038 0.5241848500867325 -0.8511916368168616 -0.02651490811942267 0.7627446055412292 0.3178520606556674 0.2244366589989202 -0.9211939283529543 -7.914679527282715
0.7818633577698855 0.4750530145475822 0.40375032278136347 0.07981933653354645 0.5269674652076404 -0.8496309639013733 -0.020797014032265165 0.7657869458198547 0.3331590917106044 0.22902370739571595 -0.9146328012165794 -8.123756408691406
0.7721028822729836 0.4785195115414642 0.4181820372276526 0.05663114786148071 0.5311720594440739 -0.8471886905472348 -0.011294506399277454 0.7681331634521484 0.3488744508439858 0.23084713488146338 -0.9082930242302465 -8.327226638793945
0.7607929521379032 0.4816946073302512 0.4349303268872488 0.04285290464758873 0.5378624034707605 -0.8430018759279551 -0.007202229835627044 0.7710111737251282 0.36317780619133494 0.23941207666052156 -0.9004353050825725 -8.583420753479004
0.7502743444581431 0.4836590181832785 0.45073535714196034 0.03471687063574791 0.5432894224199591 -0.8395382867115385 -0.003473993673210815 0.7788337469100952 0.37672936112611477 0.24748620017172962 -0.8926508663470102 -8.814468383789062
0.7399497751195101 0.48542995558891255 0.46565232579418414 0.02229613997042179 0.5473811488524185 -0.8368793855383698 0.0026022955111292823 0.7873435616493225 0.3909580644795463 0.2529637370807665 -0.8849639199089079 -9.04514217376709
0.7312280829068201 0.4838679962312932 0.480808956854518 0.01309487409889698 0.5498506174956747 -0.8352517506082748 0.004337227851691966 0.7908287644386292 0.4036951686706714 0.2612015990167852 -0.8768146528560257 -9.283452987670898
0.7214066795680923 0.4839681603203794 0.49532537030788915 -0.0003393460065126419 0.55335008291869 -0.8329113433615839 0.007898090495847498 0.7958382964134216 0.4163845439115371 0.2683905994920636 -0.8686716282323673 -9.522500038146973
0.7111123861427368 0.4865130639930789 0.5075669540449311 -0.018106339499354362 0.5572343068756788 -0.8302182957811698 0.015083387914914148 0.8029305934906006 0.42872963685190313 0.2721077358589356 -0.8614802833324503 -9.76159381866455
0.7010483013797407 0.4848427035103553 0.5229329134653409 -0.07557753473520279 0.5603339863350807 -0.8281005242276033 0.01659353885722023 0.7927184700965881 0.4410862760168555 0.28138421175811934 -0.8522123106848692 -9.977144241333008
0.6910474402761604 0.4875465185588875 0.5336214271643102 -0.13636019825935364 0.56345237702692 -0.8257763271504037 0.02479670019787067 0.7832064032554626 0.4527414870657211 0.2835345653691941 -0.8453598619111402 -10.186327934265137
0.6834647484294627 0.48737077786405997 0.5434571395597194 -0.19807976484298706 0.5657057551553344 -0.824143664996843 0.02764449365975777 0.7732054591178894 0.4613598771440621 0.2885427946245628 -0.8389815965990335 -10.395011901855469
0.6757735460669416 0.48851537378016885 0.5519808366388574 -0.2620048224925995 0.5682887582697782 -0.8222092561906311 0.03193471870304576 0.7654871344566345 0.46944435416810015 0.29210386614160205 -0.833245059826234 -10.603643417358398
0.6703975515330142 0.4908619611879762 0.5564365713693098 -0.3271486163139343 0.5687153027873167 -0.8215820955948135 0.03956974315767983 0.7604135870933533 0.476581606101274 0.2899265342405347 -0.829947334153922 -10.814444541931152
0.6663416941969137 0.4931179025558923 0.5593062495213732 -0.39421939849853516 0.5678206952232203 -0.821750475514092 0.04801889282962454 0.7565508484840393 0.4832891522173923 0.2855886730443661 -0.8275691543174822 -11.02655029296875
0.6648222133861849 0.489548844054669 0.5642281044693112 -0.46284306049346924 0.5658613170237764 -0.8231344686939089 0.04744066129507117 0.7537314891815186 0.48766012189270885 0.2877352528501398 -0.8242548330357881 -11.25251293182373
0.6604402949075474 0.4927731248042936 0.5665626746733708 -0.4640648066997528 0.5637041549113463 -0.8238359113811164 0.05943077363226987 0.8039758205413818 0.49604056547636965 0.28012325606678457 -0.8218726901488003 -11.473352432250977
0.6617115065675179 0.4924454472891866 0.5653630369243277 -0.4666387736797333 0.5634570318993177 -0.8240844763740827 0.05831765600969718 0.8342975378036499 0.4946251664435979 0.279968314713303 -0.8227780305022954 -11.700521469116211
0.6631218648285256 0.4934237384895611 0.5628520291171774 -0.49883556365966797 0.563770283648923 -0.823888581010913 0.058057500413275745 0.8666799664497375 0.49237430848974195 0.27882005016642863 -0.8245161732582563 -11.938579559326172
0.6592531823629219 0.4978012305891024 0.5635416367654974 -0.5251147747039795 0.5665386965235595 -0.8216221188629241 0.06301586416598441 0.9020860195159912 0.4943876483952109 0.27772473533910325 -0.8236806568659233 -12.133259773254395
0.6624096654050502 0.4936399172485664 0.5635007251785907 -0.5644780993461609 0.5652548208884813 -0.8229806400583453 0.05647878850937875 0.8983187079429626 0.49163037196688736 0.2811094060823735 -0.8241826734236257 -12.355788230895996
0.6616361094080293 0.49642910636521775 0.5619571167632252 -0.6024767160415649 0.562516765790275 -0.8241659500066881 0.06576758361397861 0.9374017715454102 0.49579486376147014 0.27259609168695736 -0.8245476480257165 -12.550954818725586
0.6603632744832344 0.4927612786153263 0.5666627462708033 -0.6452634930610657 0.5611698617399771 -0.825248799129733 0.06366165101274338 0.9255406260490417 0.49900774742333914 0.2759542386561983 -0.8214867778480446 -12.735000610351562
0.6579419498731182 0.49030088051016235 0.5715920198604231 -0.688814640045166 0.5592181605742965 -0.8264514268755486 0.06521570285805081 0.926633894443512 0.5043683569387151 0.2767364912445208 -0.8179422198007703 -12.906527519226074
0.6576078982764406 0.48980364208260657 0.5724021700928962 -0.7338941693305969 0.5585199952711072 -0.8268698018693146 0.06589192392822715 0.933008074760437 0.5055761732981544 0.27636700772562317 -0.817321240415285 -13.08398723602295
0.6573333865105647 0.48192179815630354 0.5793653419392184 -0.7781246304512024 0.5563039098871132 -0.8289283079269144 0.0583422673688041 0.8931173086166382 0.5083687429640644 0.28395288478763064 -0.8129772323982508 -13.253058433532715
0.6589261441544954 0.48163261795010437 0.5777943906583188 -0.8086875081062317 0.5549370148638207 -0.8298085138701534 0.058845049431867066 0.9046762585639954 0.5078003998459638 0.28186495283226687 -0.8140582916973103 -13.425989151000977
0.6529500754602273 0.49340533187436675 0.5746367351940089 -0.8489350080490112 0.5578939725137348 -0.8264526753247752 0.0756986848060516 0.9689222574234009 0.5122602018401661 0.2711589089933574 -0.8149001973764669 -13.5740966796875
0.6513421953628772 0.4858919636161364 0.5828055801321078 -0.8852939605712891 0.5561865074224303 -0.8281976569196597 0.06888548492987925 0.9251209497451782 0.5161491194423434 0.2792805771371164 -0.8096866342807275 -13.723199844360352
0.6490559145491256 0.4779089671797173 0.5918863394926547 -0.9208402037620544 0.5533443342218737 -0.830506571271627 0.06378779553486337 0.8944032192230225 0.5220502538772963 0.2861151064936315 -0.8034934214184882 -13.868474960327148
0.6460010573984815 0.4700326389943058 0.6014581881727875 -0.9436398148536682 0.5500716561426683 -0.8329497880020394 0.06013172021337336 0.8811954855918884 0.5292483414697732 0.29199994682774505 -0.7966380759818651 -14.001380920410156
0.6361700165981731 0.4741855435091907 0.6086343568254862 -0.972420334815979 0.5519689596514338 -0.8308874245730885 0.07040138683018629 0.916029155254364 0.5390899531272992 0.2911600213167892 -0.7903213678143929 -14.120986938476562
0.6261502513135639 0.47424334123234013 0.6188934610066152 -1.0046740770339966 0.5516552779628947 -0.830399039517772 0.07819136438023618 0.9425883293151855 0.5510102694829215 0.29245630180378696 -0.7815734095141738 -14.236920356750488
0.6165547102434444 0.4621551321802481 0.6373954212857822 -1.0234328508377075 0.5469868896526349 -0.833737392478532 0.07541420908048235 0.9286364912986755 0.5662734602864226 0.3021499531400855 -0.7668375147270025 -14.34207534790039
0.60323509723823 0.45355767719702844 0.6560433300595468 -1.042172908782959 0.5382762386077752 -0.838496397885253 0.08474952320645357 0.9375519752502441 0.5885287660006507 0.3020086491958333 -0.7499497765855122 -14.438587188720703
0.5875454835647279 0.44216171319100905 0.6777044519041333 -1.0629023313522339 0.5285913423221993 -0.8438447764986144 0.09228860166899673 0.9240136742591858 0.6126838479711256 0.30400495483461293 -0.729520040760567 -14.531405448913574
0.5702356415619046 0.42928397912227595 0.7003903043028423 -1.0801355838775635 0.5168202453021135 -0.8501952440648345 0.10032388058383625 0.9127203822135925 0.638535940365416 0.3047676364683132 -0.706674281846433 -14.614866256713867
0.5510996533039451 0.40620231514617544 0.7288956381390677 -1.09745192527771 0.5009024552665978 -0.8596655598048372 0.10035863487179249 0.8862811923027039 0.6673723866299575 0.3097980058930706 -0.6772291289574833 -14.688192367553711
0.5414553499369534 0.40630293569252157 0.7360326273150463 -1.0641517639160156 0.503110461451651 -0.8579994093545065 0.10352235084861987 0.9635387063026428 0.6735769945615407 0.31425298406690844 -0.6689836279031689 -14.839080810546875
0.5242034295593995 0.38935354606233324 0.7573734749823565 -1.0504264831542969 0.48684499271667264 -0.8667109528914224 0.10860053961535227 0.9175110459327698 0.6987078914001662 0.31179470859321734 -0.643887678239306 -14.914520263671875
0.5013673214022117 0.36108171533350264 0.7862892622195646 -1.029971957206726 0.4789740947568102 -0.8726381150632679 0.09532332710686124 0.8742040991783142 0.7205654901408102 0.3288201864099021 -0.6104610220378462 -14.96798324584961
0.4739222251334848 0.3438348074450377 0.8106635243513551 -1.0431127548217773 0.4661198469695079 -0.8790146860261797 0.10032681601356074 0.9036756753921509 0.7470809947961792 0.33031925002871115 -0.57685282375561 -15.01014232635498
0.4669013288101557 0.3216813285707402 0.8237258475999611 -0.9814675450325012 0.45337214606685144 -0.8868319223140311 0.08934673321133689 0.9071975350379944 0.7592475527297065 0.3317382468359109 -0.5599043572434383 -15.112677574157715
0.4413815648638037 0.30240150098825114 0.844828767501695 -0.9811159372329712 0.4352976992377605 -0.8954595360571671 0.0931028051274265 0.8899436593055725 0.7846644042115665 0.3266581569230075 -0.526874008923359 -15.140020370483398
0.4049040936154362 0.2825210977327046 0.8696174471049729 -1.0212798118591309 0.4196991988557841 -0.9023844021770104 0.09774954315725956 0.863578200340271 0.8123455283641781 0.32539855568755605 -0.48395301683446235 -15.140045166015625
0.36908966115752684 0.2619363176165893 0.8917186706243643 -1.0486427545547485 0.4142111115701078 -0.9052649127568116 0.09447006289432618 0.8683773279190063 0.8319867649659325 0.33449185826393957 -0.442620853187758 -15.155634880065918
0.3452288986940756 0.24564006338775238 0.9058023883636743 -1.0371744632720947 0.41169702335791725 -0.9069601813484657 0.08904375557325062 0.8945707678794861 0.8433994121794881 0.34217566936767907 -0.4142381474804976 -15.195136070251465
0.3268542104248648 0.23268876782231135 0.9159815841253974 -1.0377185344696045 0.4063001341594043 -0.9096737064225643 0.08610429040114356 0.8917603492736816 0.8532798638838187 0.3440198906644336 -0.39187215864059893 -15.259578704833984
0.3117981370408889 0.21712174661777542 0.9250081453065575 -1.0168242454528809 0.3955641317468702 -0.9148243998727702 0.08139616129013721 0.8817439675331116 0.8638928981147926 0.3405208724044267 -0.3711261187841034 -15.285187721252441
0.28748548686235065 0.20391350419063403 0.9358265745597385 -1.0409724712371826 0.38704567394189304 -0.918475329696381 0.08123247516843465 0.8550530672073364 0.8760980202730648 0.3388544695703759 -0.342972166984139 -15.291730880737305
0.2652347349314242 0.19184635531361033 0.9449050276820106 -1.0568653345108032 0.38493849491253 -0.9195846949720811 0.07865331466365791 0.8531402349472046 0.8840095534101049 0.34286872812490243 -0.3177548500867902 -15.293807983398438
0.2527161702956962 0.18562046971938523 0.9495681010292161 -1.0513942241668701 0.3913944115631414 -0.9171518808730039 0.07511885254883399 0.9168211817741394 0.8848417665708479 0.35267189940831123 -0.30442992543361275 -15.309632301330566
0.2588388186136141 0.18397806101743625 0.9482375963032542 -1.0264307260513306 0.37514386755516754 -0.923777167570604 0.07682983346971023 0.9445258378982544 0.8900952446870277 0.33583897590883793 -0.3081276320715873 -15.356149673461914
0.25113675554607184 0.17609694941423298 0.9517984000936299 -1.0432997941970825 0.3757933336213211 -0.9239190660994022 0.07178390978334234 0.8900904059410095 0.8920256164592848 0.3396519155032246 -0.2982060963082802 -15.345721244812012
0.24980682626820733 0.17310361204656832 0.9526970604794772 -1.060204267501831 0.3602718178733806 -0.9298686125727511 0.07448879511870407 0.9087476134300232 0.8987773733222345 0.32462209236042106 -0.2946518799456859 -15.34769344329834
0.25615822581861364 0.1708730432520188 0.9514123009690668 -1.053607702255249 0.3473741421473101 -0.9347738367982552 0.07435777972001022 0.9409247636795044 0.9020610670641321 0.3114486749486388 -0.29880688439166964 -15.35053539276123
0.26460230634450344 0.17000761145680254 0.9492539341629943 -1.0643715858459473 0.33160791091254627 -0.9403528358641476 0.07597853316873163 0.9534428119659424 0.9055505578913782 0.2946760189241876 -0.30519539802166984 -15.345039367675781
0.30281716570023265 0.17262610954932064 0.9372843701135444 -1.0038726329803467 0.303297536501126 -0.9497846911587763 0.07693922791902817 0.9497501850128174 0.9035000655836313 0.2609775215268433 -0.3399681819642538 -15.400388717651367
0.3102146486555964 0.17552827506003393 0.934321516617237 -1.046694040298462 0.28042521017925054 -0.9559714694479113 0.08648844487863208 0.9252339601516724 0.9083658807195523 0.23517732513159104 -0.34577890694566943 -15.366495132446289
0.3265454847965006 0.17906841716173572 0.9280638708269002 -1.066604733467102 0.26969048836563764 -0.9587233819439938 0.09009171659467592 0.9563919305801392 0.9058891139891916 0.22087095528625333 -0.3613598404178522 -15.365460395812988
0.367572353138223 0.1736451392817351 0.9136399349920388 -1.0194305181503296 0.24713001739230026 -0.9653306188183778 0.08404493366889887 0.9708486199378967 0.8965585980359072 0.19489525898685955 -0.3977417734062316 -15.41701889038086
0.395581774821296 0.17425884074830447 0.9017477007734982 -1.026120662689209 0.21694749973351588 -0.9717793751466175 0.09262088532844867 0.931174635887146 0.8924398253039862 0.1589927748695096 -0.4222232297620345 -15.416563987731934
